0.000000000000000000e+00
0.000000000000000000e+00
0.000000000000000000e+00
0.000000000000000000e+00
0.000000000000000000e+00
0.000000000000000000e+00
0.000000000000000000e+00
0.000000000000000000e+00
0.000000000000000000e+00
0.000000000000000000e+00
0.000000000000000000e+00
0.000000000000000000e+00
0.000000000000000000e+00
0.000000000000000000e+00
0.000000000000000000e+00
0.000000000000000000e+00
0.000000000000000000e+00
0.000000000000000000e+00
0.000000000000000000e+00
0.000000000000000000e+00
0.000000000000000000e+00
0.000000000000000000e+00
0.000000000000000000e+00
0.000000000000000000e+00
0.000000000000000000e+00
0.000000000000000000e+00
0.000000000000000000e+00
0.000000000000000000e+00
0.000000000000000000e+00
0.000000000000000000e+00
0.000000000000000000e+00
0.000000000000000000e+00
0.000000000000000000e+00
0.000000000000000000e+00
0.000000000000000000e+00
0.000000000000000000e+00
0.000000000000000000e+00
0.000000000000000000e+00
0.000000000000000000e+00
0.000000000000000000e+00
0.000000000000000000e+00
0.000000000000000000e+00
0.000000000000000000e+00
0.000000000000000000e+00
0.000000000000000000e+00
0.000000000000000000e+00
0.000000000000000000e+00
0.000000000000000000e+00
0.000000000000000000e+00
0.000000000000000000e+00
0.000000000000000000e+00
0.000000000000000000e+00
0.000000000000000000e+00
0.000000000000000000e+00
0.000000000000000000e+00
0.000000000000000000e+00
0.000000000000000000e+00
0.000000000000000000e+00
0.000000000000000000e+00
0.000000000000000000e+00
0.000000000000000000e+00
0.000000000000000000e+00
0.000000000000000000e+00
0.000000000000000000e+00
0.000000000000000000e+00
0.000000000000000000e+00
0.000000000000000000e+00
0.000000000000000000e+00
0.000000000000000000e+00
0.000000000000000000e+00
0.000000000000000000e+00
0.000000000000000000e+00
0.000000000000000000e+00
0.000000000000000000e+00
0.000000000000000000e+00
0.000000000000000000e+00
0.000000000000000000e+00
0.000000000000000000e+00
0.000000000000000000e+00
0.000000000000000000e+00
0.000000000000000000e+00
0.000000000000000000e+00
0.000000000000000000e+00
0.000000000000000000e+00
0.000000000000000000e+00
0.000000000000000000e+00
0.000000000000000000e+00
0.000000000000000000e+00
0.000000000000000000e+00
0.000000000000000000e+00
0.000000000000000000e+00
0.000000000000000000e+00
0.000000000000000000e+00
0.000000000000000000e+00
0.000000000000000000e+00
0.000000000000000000e+00
0.000000000000000000e+00
0.000000000000000000e+00
0.000000000000000000e+00
0.000000000000000000e+00
0.000000000000000000e+00
-8.010880235721881036e+04
-8.010879660601068463e+04
-8.010878977649708395e+04
-8.010878167630758253e+04
-8.010877208064316073e+04
-8.010876072715950431e+04
-8.010874731010496907e+04
-8.010873147361518932e+04
-8.010871280405482685e+04
-8.010869082128508308e+04
-8.010866496872215066e+04
-8.010863460203709838e+04
-8.010859897633233049e+04
-8.010855723161314381e+04
-8.010850837635406060e+04
-8.010845126894133864e+04
-8.010838459675152262e+04
-8.010830685260459722e+04
-8.010821630830722279e+04
-8.010811098497667990e+04
-8.010798861981151276e+04
-8.010784662894764915e+04
-8.010768206601214479e+04
-8.010749157595752331e+04
-8.010727134373228182e+04
-8.010701703731271846e+04
-8.010672374459308048e+04
-8.010638590360140370e+04
-8.010599722548066347e+04
-8.010555060964703443e+04
-8.010503805051144445e+04
-8.010445053512703453e+04
-8.010377793110323546e+04
-8.010300886410994281e+04
-8.010213058428076329e+04
-8.010112882081507996e+04
-8.009998762407495815e+04
-8.009868919447556254e+04
-8.009721369747736026e+04
-8.009553906400725828e+04
-8.009364077566271590e+04
-8.009149163409120229e+04
-8.008906151398661314e+04
-8.008631709920598951e+04
-8.008322160158508632e+04
-8.007973446212142881e+04
-8.007581103429880750e+04
-8.007140224944872898e+04
-8.006645426418389252e+04
-8.006090809009535587e+04
-8.005469920608121902e+04
-8.004775715386882075e+04
-8.004000511750661826e+04
-8.003135948783454660e+04
-8.002172941319391248e+04
-8.001101633790775668e+04
-7.999911353035015054e+04
-7.998590560272721632e+04
-7.997126802501027123e+04
-7.995506663579311862e+04
-7.993715715318595176e+04
-7.991738468920695595e+04
-7.989558327148458920e+04
-7.987157537643561955e+04
-7.984517147843202110e+04
-7.981616961980890483e+04
-7.978435500689016772e+04
-7.974949963751442556e+04
-7.971136196582307457e+04
-7.966968661032055388e+04
-7.962420411142663215e+04
-7.957463074490547297e+04
-7.952066839766954945e+04
-7.946200451251180493e+04
-7.939831210830921191e+04
-7.932924988216090424e+04
-7.925446239976510697e+04
-7.917358038009959273e+04
-7.908622108014252444e+04
-7.899198878495224926e+04
-7.889047540791171195e+04
-7.878126120533612266e+04
-7.866391560893702263e+04
-7.853799817883760261e+04
-7.840305967894080095e+04
-7.825864327547166613e+04
-7.810428585845090856e+04
-7.793951948471719516e+04
-7.776387293991069600e+04
-7.757687341556909087e+04
-7.737804829618474469e+04
-7.716692704974094522e+04
-7.694304321390170662e+04
-7.670593646869200165e+04
-7.645515478519110184e+04
-7.619025663848889235e+04
-7.591081327194532787e+04
-7.561641099866561126e+04
-7.530665352507645730e+04
-7.498116428058361635e+04
-7.463958873652448528e+04
-7.428159669701934035e+04
-7.390688454388576793e+04
-7.351517741752798611e+04
-7.310623131565333460e+04
-7.267983509181505360e+04
-7.223581233613537916e+04
-7.177402312112854270e+04
-7.129436559632061108e+04
-7.079677741634253471e+04
-7.028123698835280084e+04
-6.974776452600912307e+04
-6.919642289873964910e+04
-6.862731826675680350e+04
-6.804060049406935286e+04
-6.743646333367891202e+04
-6.681514438115808298e+04
-6.617692479487469245e+04
-6.552212878322545293e+04
-6.485112286134133319e+04
-6.416431488179768348e+04
-6.346215284588241775e+04
-6.274512350390573556e+04
-6.201375075486971036e+04
-6.126859385751136142e+04
-6.051024546627949894e+04
-5.973932950718927168e+04
-5.895649890968575346e+04
-5.816243321165260568e+04
-5.735783605549331696e+04
-5.654343259379331721e+04
-5.571996682344625151e+04
-5.488819886729026621e+04
-5.404890222225255275e+04
-5.320286099276097957e+04
-5.235086712775311025e+04
-5.149371767900812119e+04
-5.063221209776101750e+04
-4.976714958565821871e+04
-4.889932651506589900e+04
-4.802953393263177713e+04
-4.715855515872171964e+04
-4.628716349412338604e+04
-4.541612004400495061e+04
-4.454617166777788952e+04
-4.367804906211181515e+04
-4.281246498296810023e+04
-4.195011261116733658e+04
-4.109166406466505578e+04
-4.023776905945274484e+04
-3.938905371976480819e+04
-3.854611953714326955e+04
-3.770954247682890855e+04
-3.687987222896864841e+04
-3.605763160123184207e+04
-3.524331604862103995e+04
-3.443739333555446501e+04
-3.364030332467993139e+04
-3.285245788635106874e+04
-3.207424092227004439e+04
-3.130600849645918061e+04
-3.054808906644309172e+04
-2.980078380737521366e+04
-2.906436702170808712e+04
-2.833908662698438638e+04
-2.762516471435056519e+04
-2.692279817048193581e+04
-2.623215935573703609e+04
-2.555339683155332023e+04
-2.488663613030523265e+04
-2.423198056111109327e+04
-2.358951204535032957e+04
-2.295929197597314851e+04
-2.234136209497813616e+04
-2.173574538381709499e+04
-2.114244696178692539e+04
-2.056145498784620577e+04
-1.999274156163318185e+04
-1.943626361982216986e+04
-1.889196382429185178e+04
-1.835977143891583546e+04
-1.783960319212404283e+04
-1.733136412268744971e+04
-1.683494840649706384e+04
-1.635024016238715922e+04
-1.587711423532982189e+04
-1.541543695559717162e+04
-1.496506687272408089e+04
-1.452585546333380080e+04
-1.409764781210361434e+04
-1.368028326533863401e+04
-1.327359605681141329e+04
-1.287741590568239008e+04
-1.249156858646682304e+04
-1.211587647115190521e+04
-1.175015904368547854e+04
-1.139423338717434126e+04
-1.104791464421130513e+04
-1.071101645084677148e+04
-1.038335134479017324e+04
-1.006473114848044861e+04
-9.754967327727112206e+03
-9.453871326664942899e+03
-9.161254879791793428e+03
-8.876930301898699327e+03
-8.600710756712476723e+03
-8.332410505085819750e+03
-8.071845133590485602e+03
-7.818831764349670266e+03
-7.573189246963914229e+03
-7.334738333372295529e+03
-7.103301836481815371e+03
-6.878704773382045460e+03
-6.660774493953291312e+03
-6.449340795659973992e+03
-6.244236025291686929e+03
-6.045295168399567046e+03
-5.852355927163473098e+03
-5.665258787381132606e+03
-5.483847075264066007e+03
-5.307967004693335184e+03
-5.137467715557098018e+03
-4.972201303784290758e+03
-4.812022843638428640e+03
-4.656790402836285466e+03
-4.506365051007717739e+03
-4.360610862004348746e+03
-4.219394910533185794e+03
-4.082587263568815160e+03
-3.950060966972388087e+03
-3.821692027725115622e+03
-3.697359392163017674e+03
-3.576944920572703722e+03
-3.460333358494808635e+03
-3.347412305050999748e+03
-3.238072178606049874e+03
-3.132206180039509491e+03
-3.029710253904424462e+03
-2.930483047710522442e+03
-2.834425869575889465e+03
-2.741442644457805727e+03
-2.651439869167101278e+03
-2.564326566354560327e+03
-2.480014237649682855e+03
-2.398416816100625510e+03
-2.319450618082802066e+03
-2.243034294803581361e+03
-2.169088783528895419e+03
-2.097537258668751292e+03
-2.028305082798947524e+03
-1.961319757748864504e+03
-1.896510875828738335e+03
-1.833810071281139017e+03
-1.773150972034416782e+03
-1.714469151830266355e+03
-1.657702082775532745e+03
-1.602789088388407890e+03
-1.549671297174689016e+03
-1.498291596787863682e+03
-1.448594588809562993e+03
-1.400526544183491296e+03
-1.354035359334906616e+03
-1.309070513001807512e+03
-1.265583023797301848e+03
-1.223525408530209234e+03
-1.182851641289968711e+03
-1.143517113312124593e+03
-1.105478593641214047e+03
-1.068694190591184451e+03
-1.033123314010699232e+03
-9.987266383477470981e+02
-9.654660665435137616e+02
-9.333046947194504810e+02
-9.022067776813902356e+02
-8.721376952150013722e+02
-8.430639191979763609e+02
-8.149529814893552384e+02
-7.877734426187784038e+02
-7.614948612433908011e+02
-7.360877643740213898e+02
-7.115236183720784311e+02
-6.877748006886140502e+02
-6.648145723375376974e+02
-6.426170511042241742e+02
-6.211571854685512335e+02
-6.004107292189916052e+02
-5.803542167768326863e+02
-5.609649391814423325e+02
-5.422209207462124141e+02
-5.241008963663347231e+02
-5.065842894661065543e+02
-4.896511905676489960e+02
-4.732823364711050544e+02
-4.574590900333911350e+02
-4.421634205295475226e+02
-4.273778845853976236e+02
-4.130856076686565075e+02
-3.992702661238988640e+02
-3.859160697331068945e+02
-3.730077447974013012e+02
-3.605305177287627316e+02
-3.484700991219058892e+02
-3.368126683185428192e+02
-3.255448584250271438e+02
-3.146537417935605845e+02
-3.041268159415343462e+02
-2.939519899051227867e+02
-2.841175710095398017e+02
-2.746122520452381650e+02
-2.654250988435352951e+02
-2.565455382343343445e+02
-2.479633463759509482e+02
-2.396686374590677246e+02
-2.316518527521621422e+02
-2.239037499939668976e+02
-2.164153931266941697e+02
-2.091781423426492097e+02
-2.021836444531358552e+02
-1.954238235529459473e+02
-1.888908719943995607e+02
-1.825772416377340051e+02
-1.764756353851952895e+02
-1.705789989877369806e+02
-1.648805131064556520e+02
-1.593735856376662809e+02
-1.540518442824353542e+02
-1.489091293460356553e+02
-1.439394867876434603e+02
-1.391371614777004027e+02
-1.344965906860998643e+02
-1.300123977712318322e+02
-1.256793860828105096e+02
-1.214925330610550702e+02
-1.174469845276439202e+02
-1.135380491595821013e+02
-1.097611931470467681e+02
-1.061120350263401662e+02
-1.025863406909712126e+02
-9.918001854913697457e+01
-9.588911485270941171e+01
-9.270980918009449567e+01
-8.963841006856598881e+01
-8.667135077987053648e+01
-8.380518522557561312e+01
-8.103658401165742475e+01
-7.836233062420917861e+01
-7.577931773440002416e+01
-7.328454363792030790e+01
-7.087510880213000064e+01
-6.854821253201677678e+01
-6.630114975557707169e+01
-6.413130790965315953e+01
-6.203616393664518824e+01
-6.001328137033596732e+01
-5.806030753827848656e+01
-5.617497084859754608e+01
-5.435507816947391291e+01
-5.259851230197751448e+01
-5.090322953771259051e+01
-4.926725729598486936e+01
-4.768869185025354795e+01
-4.616569612748199347e+01
-4.469649758905332959e+01
-4.327938617926245968e+01
-4.191271234812614921e+01
-4.059488514823150496e+01
-3.932437038987122691e+01
-3.809968886629276597e+01
-3.691941464491119973e+01
-3.578217341695936682e+01
-3.468664090066152994e+01
-3.363154131429529059e+01
-3.261564589358402344e+01
-3.163777147387029842e+01
-3.069677910895373429e+01
-2.979157276256947995e+01
-2.892109802900473170e+01
-2.808434091343197281e+01
-2.728032665769104170e+01
-2.650811860820836685e+01
-2.576681712794577450e+01
-2.505555855692691836e+01
-2.437351420275111735e+01
-2.371988938592104290e+01
-2.309392251403954788e+01
-2.249488419906839454e+01
-2.192207640428406634e+01
-2.137483164457437468e+01
-2.085251220318565757e+01
-2.035450939080072530e+01
-1.988024284452830059e+01
-1.942915984796643158e+01
-1.900073469241392843e+01
-1.859446806103733607e+01
-1.820988645579875254e+01
-1.784654164281258915e+01
-1.750401013128092487e+01
-1.718189267929814790e+01
-1.687981383532009616e+01
-1.659742149879328821e+01
-1.633438651184675550e+01
-1.609040227305779069e+01
-1.586518438602199410e+01
-1.565847032499754476e+01
-1.547001912814991087e+01
-1.529961112421386993e+01
-1.514704766838074335e+01
-1.501215091866703233e+01
-1.489476362407801169e+01
-1.479474894572627441e+01
-1.471199029535782898e+01
-1.464639119940347634e+01
-1.459787518771686443e+01
-1.456638570153713808e+01
-1.455188603250345913e+01
-1.455435927669009999e+01
-1.457380831858591463e+01
-1.461025583038471964e+01
-1.466374429979001626e+01
-1.473433608123765559e+01
-1.482211346514961825e+01
-1.492717877589573128e+01
-1.504965449053902837e+01
-1.518968338125707795e+01
-1.534742868033181651e+01
-1.552307427241726678e+01
-1.571682490081713901e+01
-1.592890641686731712e+01
-1.615956603425350124e+01
-1.640907262405755418e+01
-1.667771701953439845e+01
-1.696581235602654658e+01
-1.727369444114559727e+01
-1.760172213872704816e+01
-1.795027778695506271e+01
-1.831976764413069247e+01
-1.871062236263190925e+01
-1.912329748411962882e+01
-1.955827397614980612e+01
-2.001605878225780089e+01
-2.049718541970647578e+01
-2.100221459545897673e+01
-2.153173486081580279e+01
-2.208636328989986097e+01
-2.266674619899922405e+01
-2.327355989632735955e+01
-2.390751147028636936e+01
-2.456933960739506873e+01
-2.525981544935442358e+01
-2.597974349200289623e+01
-2.672996251728050154e+01
-2.751134656894285158e+01
-2.832480596432674957e+01
-2.917128835029584266e+01
-3.005177979861396054e+01
-3.096730596154056059e+01
-3.191893324955380962e+01
-3.290777007357509376e+01
-3.393496812691151376e+01
-3.500172372107674335e+01
-3.610927917778048624e+01
-3.725892425952851283e+01
-3.845199766573467315e+01
-3.968988858713048273e+01
-4.097403831048342226e+01
-4.230594188716071358e+01
-4.368714986340979323e+01
-4.511927007601102702e+01
-4.660396950917403558e+01
-4.814297622596699711e+01
-4.973808135893587234e+01
-5.139114118430988754e+01
-5.310407926960034786e+01
-5.487888868586207280e+01
-5.671763431699195479e+01
-5.862245523791565915e+01
-6.059556718417733379e+01
-6.263926510612625265e+01
-6.475592581419461169e+01
-6.694801071970705664e+01
-6.921806866487831655e+01
-7.156873885953534398e+01
-7.400275392158586385e+01
-7.652294301408299759e+01
-7.913223510399218696e+01
-8.183366231937128532e+01
-8.463036343865013578e+01
-8.752558749083873124e+01
-9.052269748492099666e+01
-9.362517426059588388e+01
-9.683662047818195617e+01
-1.001607647496100810e+02
-1.036014658961502306e+02
-1.071627173679992069e+02
-1.108486518089777775e+02
-1.146635457699068184e+02
-1.186118245936717415e+02
-1.226980674563311169e+02
-1.269270125915043224e+02
-1.313035626828347802e+02
-1.358327904282383827e+02
-1.405199443216438908e+02
-1.453704546052174180e+02
-1.503899394261226234e+02
-1.555842112075688703e+02
-1.609592832273413023e+02
-1.665213764191448149e+02
-1.722769263973540035e+02
-1.782325907183612230e+02
-1.843952563836408274e+02
-1.907720475973033558e+02
-1.973703337684409860e+02
-2.041977377881440532e+02
-2.112621445788988694e+02
-2.185717099187749000e+02
-2.261348695617765827e+02
-2.339603486543274187e+02
-2.420571714618745318e+02
-2.504346714097860627e+02
-2.591025014543675979e+02
-2.680706447848369862e+02
-2.773494258765139193e+02
-2.869495219002133695e+02
-2.968819744928318869e+02
-3.071582019155335388e+02
-3.177900115884611978e+02
-3.287896130377664576e+02
-3.401696312383675149e+02
-3.519431203910356203e+02
-3.641235781270786447e+02
-3.767249601636955276e+02
-3.897616954147869137e+02
-4.032487015719192982e+02
-4.172014011634642543e+02
-4.316357381213621238e+02
-4.465681948410378936e+02
-4.620158097761556633e+02
-4.779961955569210090e+02
-4.945275576667467590e+02
-5.116287136731429541e+02
-5.293191130310767676e+02
-5.476188574809514193e+02
-5.665487220422373866e+02
-5.861301766264296020e+02
-6.063854082751827264e+02
-6.273373440426421439e+02
-6.490096745243699843e+02
-6.714268780751642680e+02
-6.946142456882884062e+02
-7.185979065740883698e+02
-7.434048544522962629e+02
-7.690629745526566694e+02
-7.956010713522057358e+02
-8.230488970550534304e+02
-8.514371808205924026e+02
-8.807976587590255804e+02
-9.111631046920825838e+02
-9.425673617036881069e+02
-9.750453744706351245e+02
-1.008633222394661175e+03
-1.043368153532883753e+03
-1.079288619329691073e+03
-1.116434310160046380e+03
-1.154846191687052851e+03
-1.194566542020339739e+03
-1.235638989686551440e+03
-1.278108552408127252e+03
-1.322021676669111230e+03
-1.367426278079351050e+03
-1.414371782514768938e+03
-1.462909168017897173e+03
-1.513091007451366977e+03
-1.564971511876406112e+03
-1.618606574637434278e+03
-1.674053816118883560e+03
-1.731372629152970148e+03
-1.790624225035244308e+03
-1.851871680099010291e+03
-1.915179982831012467e+03
-1.980616081436622835e+03
-2.048248931840397290e+03
-2.118149546016106797e+03
-2.190391040617977524e+03
-2.265048685796552036e+03
-2.342199954145757147e+03
-2.421924569667112792e+03
-2.504304556660394610e+03
-2.589424288425041141e+03
-2.677370535651203227e+03
-2.768232514370357421e+03
-2.862101933330643533e+03
-2.959073040631034019e+03
-3.059242669445880892e+03
-3.162710282682214256e+03
-3.269578016353739258e+03
-3.379950721480250195e+03
-3.493936004275454707e+03
-3.611644264405950707e+03
-3.733188731050162460e+03
-3.858685496486411012e+03
-3.988253546932109657e+03
-4.122014790314138736e+03
-4.260094080647750161e+03
-4.402619238680619674e+03
-4.549721068414696674e+03
-4.701533369136259353e+03
-4.858192942529552965e+03
-5.019839594431959085e+03
-5.186616130784966117e+03
-5.358668347286679818e+03
-5.536145012241190670e+03
-5.719197842060135372e+03
-5.907981468872141704e+03
-6.102653399649426319e+03
-6.303373966238899811e+03
-6.510306265662558872e+03
-6.723616090026973325e+03
-6.943471845364144428e+03
-7.170044458674132329e+03
-7.403507272465024471e+03
-7.644035926012478740e+03
-7.891808222576317348e+03
-8.147003981778464549e+03
-8.409804876323476492e+03
-8.680394252253661762e+03
-8.958956931887283645e+03
-9.245678998606601454e+03
-9.540747562645723519e+03
-9.844350507021601516e+03
-1.015667621277365288e+04
-1.047791326267519253e+04
-1.080825012259516916e+04
-1.114787479972238725e+04
-1.149697447687348540e+04
-1.185573512217232201e+04
-1.222434107339682487e+04
-1.260297459638958753e+04
-1.299181541694064254e+04
-1.339104022567955872e+04
-1.380082215556593110e+04
-1.422133023166097882e+04
-1.465272879303106856e+04
-1.509517688667425682e+04
-1.554882763357097065e+04
-1.601382756708337911e+04
-1.649031594409665922e+04
-1.697842402949513416e+04
-1.747827435474420781e+04
-1.798997995159380298e+04
-1.851364356213203428e+04
-1.904935682667022047e+04
-1.959719945120920966e+04
-2.015723835652045454e+04
-2.072952681116021267e+04
-2.131410355105721101e+04
-2.191099188860734284e+04
-2.252019881458734380e+04
-2.314171409648348344e+04
-2.377550937722433082e+04
-2.442153727862907544e+04
-2.507973051424826554e+04
-2.575000101661623557e+04
-2.643223908428900177e+04
-2.712631255436022184e+04
-2.783206600647354571e+04
-2.854932000465712190e+04
-2.927787038356925405e+04
-3.001748758600249130e+04
-3.076791605869380146e+04
-3.152887371366359366e+04
-3.230005146242849150e+04
-3.308111283049755730e+04
-3.387169365957747505e+04
-3.467140190485242783e+04
-3.547981753457197919e+04
-3.629649253899011092e+04
-3.712095105540736404e+04
-3.795268961568918166e+04
-3.879117752219169051e+04
-3.963585735745696002e+04
-4.048614563241622818e+04
-4.134143357707327232e+04
-4.220108807684151543e+04
-4.306445275675362791e+04
-4.393084921477417083e+04
-4.479957840434413083e+04
-4.566992216511737206e+04
-4.654114489961656363e+04
-4.741249539224345790e+04
-4.828320876574205613e+04
-4.915250856884449604e+04
-5.001960898743934376e+04
-5.088371717023226665e+04
-5.174403565847505524e+04
-5.259976490804224159e+04
-5.345010589081999206e+04
-5.429426276118718670e+04
-5.513144557226226607e+04
-5.596087302557121438e+04
-5.678177523695083801e+04
-5.759339650075549434e+04
-5.839499803390457237e+04
-5.918586068091173365e+04
-5.996528756087466172e+04
-6.073260663739217125e+04
-6.148717319262647652e+04
-6.222837218713886978e+04
-6.295562048778581084e+04
-6.366836894681015110e+04
-6.436610431632377731e+04
-6.504835098361837299e+04
-6.571467251418568776e+04
-6.636467299090340384e+04
-6.699799813960026950e+04
-6.761433623306319350e+04
-6.821341876751682139e+04
-6.879502090764096647e+04
-6.935896169827537960e+04
-6.990510404305972042e+04
-7.043335445235288353e+04
-7.094366256482600875e+04
-7.143602044911729172e+04
-7.191046169383089000e+04
-7.236706029594862775e+04
-7.280592935936379945e+04
-7.322721961673321493e+04
-7.363111778915756440e+04
-7.401784479931696842e+04
-7.438765385461453116e+04
-7.474082841759343864e+04
-7.507768008140090387e+04
-7.539854636836248392e+04
-7.570378846981807146e+04
-7.599378894525462238e+04
-7.626894939846110356e+04
-7.652968814794118225e+04
-7.677643790816261026e+04
-7.700964349741172919e+04
-7.722975958708129474e+04
-7.743724850615886680e+04
-7.763257811353140278e+04
-7.781621974949003197e+04
-7.798864627653344360e+04
-7.815033021824435855e+04
-7.830174200367268350e+04
-7.844334832331800135e+04
-7.857561060147914395e+04
-7.869898358844709583e+04
-7.881391407477132452e+04
-7.892083972864267707e+04
-7.902018805631733267e+04
-7.911237548446592700e+04
-7.919780656237655785e+04
-7.927687328107439680e+04
-7.934995450564903149e+04
-7.941741551640455145e+04
-7.947960765386692947e+04
-7.953686806219871505e+04
-7.958951952517952304e+04
-7.963787038860887697e+04
-7.968221456277251127e+04
-7.972283159847810748e+04
-7.975998683010712557e+04
-7.979393157913909818e+04
-7.982490341167754377e+04
-7.985312644363602158e+04
-7.987881168742099544e+04
-7.990215743417038175e+04
-7.992334966586419614e+04
-7.994256249191162351e+04
-7.995995860513050866e+04
-7.997568975236482220e+04
-7.998989721532769909e+04
-8.000271229760738788e+04
-8.001425681412567792e+04
-8.002464357969038247e+04
-8.003397689362878737e+04
-8.004235301782867464e+04
-8.004986064583968255e+04
-8.005658136100324919e+04
-8.006259008187767176e+04
-8.006795549350799411e+04
-8.007274046335543972e+04
-8.007700244094665686e+04
-8.008079384053192916e+04
-8.008416240624806960e+04
-8.008715155947198218e+04
-8.008980072822069633e+04
-8.009214565860512084e+04
-8.009421870847922401e+04
-8.009604912354334374e+04
-8.009766329626034712e+04
-8.009908500802982599e+04
-8.010033565513613576e+04
-8.010143445904433611e+04
-8.010239866166400316e+04
-8.010324370623557479e+04
-8.010398340451868717e+04
-8.010463009097773465e+04
0.000000000000000000e+00
0.000000000000000000e+00
0.000000000000000000e+00
0.000000000000000000e+00
0.000000000000000000e+00
0.000000000000000000e+00
0.000000000000000000e+00
0.000000000000000000e+00
0.000000000000000000e+00
0.000000000000000000e+00
0.000000000000000000e+00
0.000000000000000000e+00
0.000000000000000000e+00
0.000000000000000000e+00
0.000000000000000000e+00
0.000000000000000000e+00
0.000000000000000000e+00
0.000000000000000000e+00
0.000000000000000000e+00
0.000000000000000000e+00
0.000000000000000000e+00
0.000000000000000000e+00
0.000000000000000000e+00
0.000000000000000000e+00
0.000000000000000000e+00
0.000000000000000000e+00
0.000000000000000000e+00
0.000000000000000000e+00
0.000000000000000000e+00
0.000000000000000000e+00
0.000000000000000000e+00
0.000000000000000000e+00
0.000000000000000000e+00
0.000000000000000000e+00
0.000000000000000000e+00
0.000000000000000000e+00
0.000000000000000000e+00
0.000000000000000000e+00
0.000000000000000000e+00
0.000000000000000000e+00
0.000000000000000000e+00
0.000000000000000000e+00
0.000000000000000000e+00
0.000000000000000000e+00
0.000000000000000000e+00
0.000000000000000000e+00
0.000000000000000000e+00
0.000000000000000000e+00
0.000000000000000000e+00
0.000000000000000000e+00
0.000000000000000000e+00
0.000000000000000000e+00
0.000000000000000000e+00
0.000000000000000000e+00
0.000000000000000000e+00
0.000000000000000000e+00
0.000000000000000000e+00
0.000000000000000000e+00
0.000000000000000000e+00
0.000000000000000000e+00
0.000000000000000000e+00
0.000000000000000000e+00
0.000000000000000000e+00
0.000000000000000000e+00
0.000000000000000000e+00
0.000000000000000000e+00
0.000000000000000000e+00
0.000000000000000000e+00
0.000000000000000000e+00
0.000000000000000000e+00
0.000000000000000000e+00
0.000000000000000000e+00
0.000000000000000000e+00
0.000000000000000000e+00
0.000000000000000000e+00
0.000000000000000000e+00
0.000000000000000000e+00
0.000000000000000000e+00
0.000000000000000000e+00
0.000000000000000000e+00
0.000000000000000000e+00
0.000000000000000000e+00
0.000000000000000000e+00
0.000000000000000000e+00
0.000000000000000000e+00
0.000000000000000000e+00
0.000000000000000000e+00
0.000000000000000000e+00
0.000000000000000000e+00
0.000000000000000000e+00
0.000000000000000000e+00
0.000000000000000000e+00
0.000000000000000000e+00
0.000000000000000000e+00
0.000000000000000000e+00
0.000000000000000000e+00
0.000000000000000000e+00
0.000000000000000000e+00
0.000000000000000000e+00
0.000000000000000000e+00
0.000000000000000000e+00
