2.269996488124243968e+19
2.269996488124243968e+19
2.269996488124243968e+19
2.269996488124243968e+19
2.269996488124243968e+19
2.269996488124243968e+19
2.269996488124243968e+19
2.269996488124243968e+19
2.269996488124243968e+19
2.269996488124243968e+19
2.269996488124243968e+19
2.269996488124243968e+19
2.269996488124243968e+19
2.269996488124243968e+19
2.269996488124243968e+19
2.269996488124243968e+19
2.269996488124243968e+19
2.269996488124243968e+19
2.269996488124243968e+19
2.269996488124243968e+19
2.269996488124243968e+19
2.269996488124243968e+19
2.269996488124243968e+19
2.269996488124243968e+19
2.269996488124243968e+19
2.269996488124243968e+19
2.269996488124243968e+19
2.269996488124243968e+19
2.269996488124243968e+19
2.269996488124243968e+19
2.269996488124243968e+19
2.269996488124243968e+19
2.269996488124243968e+19
2.269996488124243968e+19
2.269996488124243968e+19
2.269996488124243968e+19
2.269996488124243968e+19
2.269996488124243968e+19
2.269996488124243968e+19
2.269996488124243968e+19
2.269996488124243968e+19
2.269996488124243968e+19
2.269996488124243968e+19
2.269996488124243968e+19
2.269996488124243968e+19
2.269996488124243968e+19
2.269996488124243968e+19
2.269996488124243968e+19
2.269996488124243968e+19
2.269996488124243968e+19
2.269996488124243968e+19
2.269996488124243968e+19
2.269996488124243968e+19
2.269996488124243968e+19
2.269996488124243968e+19
2.269996488124243968e+19
2.269996488124243968e+19
2.269996488124243968e+19
2.269996488124243968e+19
2.269996488124243968e+19
2.269996488124243968e+19
2.269996488124243968e+19
2.269996488124243968e+19
2.269996488124243968e+19
2.269996488124243968e+19
2.269996488124243968e+19
2.269996488124243968e+19
2.269996488124243968e+19
2.269996488124243968e+19
2.269996488124243968e+19
2.269996488124243968e+19
2.269996488124243968e+19
2.269996488124243968e+19
2.269996488124243968e+19
2.269996488124243968e+19
2.269996488124243968e+19
2.269996488124243968e+19
2.269996488124243968e+19
2.269996488124243968e+19
2.269996488124243968e+19
2.269996488124243968e+19
2.269996488124243968e+19
2.269996488124243968e+19
2.269996488124243968e+19
2.269996488124243968e+19
2.269996488124243968e+19
2.269996488124243968e+19
2.269996488124243968e+19
2.269996488124243968e+19
2.269996488124243968e+19
2.269996488124243968e+19
2.269996488124243968e+19
2.269996488124243968e+19
2.269996488124243968e+19
2.269996488124243968e+19
2.269996488124243968e+19
2.269996488124243968e+19
2.269996488124243968e+19
2.269996488124243968e+19
2.269996488124243968e+19
2.269996488124243968e+19
3.708830112364604948e+21
4.078245848277802025e+21
4.479271183309322846e+21
4.914045882676594868e+21
5.384797751243596366e+21
5.893840791435810439e+21
6.443572733059276997e+21
7.036471902142953685e+21
7.675093399185364353e+21
8.362064561046193963e+21
9.100079685182749147e+21
9.891893999984397255e+21
1.074031687058762970e+22
1.164820423573501903e+22
1.261845027793460527e+22
1.365397833633508203e+22
1.475773107929736859e+22
1.593265996154247368e+22
1.718171399891255820e+22
1.850782790210056461e+22
1.991390961908818588e+22
2.140282734437258913e+22
2.297739606124409966e+22
2.464036369128098051e+22
2.639439693273148424e+22
2.824206687643151368e+22
3.018583449423841329e+22
3.222803610052417133e+22
3.437086889195737396e+22
3.661637667449949546e+22
3.896643588916069060e+22
4.142274204951541449e+22
4.398679670420693582e+22
4.665989503661971918e+22
4.944311421154521566e+22
5.233730257498493315e+22
5.534306980825947072e+22
5.846077813132503076e+22
6.169053464272652626e+22
6.503218487497934766e+22
6.848530763449445332e+22
7.204921118453928873e+22
7.572293081829542252e+22
7.950522785698251434e+22
8.339459009541324774e+22
8.738923370441367722e+22
9.148710658643583618e+22
9.568589316759510372e+22
9.998302059647008663e+22
1.043756663074484409e+23
1.088607668943918685e+23
1.134350282290639395e+23
1.180949367482419186e+23
1.228367718238979285e+23
1.276566191223391807e+23
1.325503848508701310e+23
1.375138107844481767e+23
1.425424899599848566e+23
1.476318829224482581e+23
1.527773344047416035e+23
1.579740903224590918e+23
1.632173149650388339e+23
1.685021082664544554e+23
1.738235230414037508e+23
1.791765820768226388e+23
1.845562949734200425e+23
1.899576746376936659e+23
1.953757533314052931e+23
2.008055981926658888e+23
2.062423261505147455e+23
2.116811181629846407e+23
2.171172327170727037e+23
2.225460185376388389e+23
2.279629264608914026e+23
2.333635204367575794e+23
2.387434876328889056e+23
2.440986476213020089e+23
2.494249606365887175e+23
2.547185349021749383e+23
2.599756330282118189e+23
2.651926774913127584e+23
2.703662552124490231e+23
2.754931212548191468e+23
2.805702016685178754e+23
2.855945955131505875e+23
2.905635760933859639e+23
2.954745914455971563e+23
3.003252641164197836e+23
3.051133902761319339e+23
3.098369382113345200e+23
3.144940462424964223e+23
3.190830201125091127e+23
3.236023298926251984e+23
3.280506064518982654e+23
3.324266375356966775e+23
3.367293634979850292e+23
3.409578727308825461e+23
3.451113968336233384e+23
3.491893055613982380e+23
3.531911015928136571e+23
3.571164151527330598e+23
3.609649985252716246e+23
3.647367204895794083e+23
3.684315607089032504e+23
3.720496041012005867e+23
3.755910352174244084e+23
3.790561326513722050e+23
3.824452635028843743e+23
3.857588779140293591e+23
3.889975036959344055e+23
3.921617410618766970e+23
3.952522574804113089e+23
3.982697826604959222e+23
4.012151036788426418e+23
4.040890602581398693e+23
4.068925402032542119e+23
4.096264750010996380e+23
4.122918355885778283e+23
4.148896282917561895e+23
4.174208909383145798e+23
4.198866891443374391e+23
4.222881127755319251e+23
4.246262725821633145e+23
4.269022970062316136e+23
4.291173291587340400e+23
4.312725239643218421e+23
4.333690454700825824e+23
4.354080643147691123e+23
4.373907553544032045e+23
4.393182954398921722e+23
4.411918613419789050e+23
4.430126278186769077e+23
4.447817658201615400e+23
4.465004408259759781e+23
4.481698113092976766e+23
4.497910273229964800e+23
4.513652292021879508e+23
4.528935463779925943e+23
4.543770962972394452e+23
4.558169834429524036e+23
4.572142984504715332e+23
4.585701173142209209e+23
4.598855006801987140e+23
4.611614932194087687e+23
4.623991230775826621e+23
4.635994013966738297e+23
4.647633219037630248e+23
4.658918605631319441e+23
4.669859752874839879e+23
4.680466057043803143e+23
4.690746729741441649e+23
4.700710796556703157e+23
4.710367096166809306e+23
4.719724279851873972e+23
4.728790811390106738e+23
4.737574967304307784e+23
4.746084837431195321e+23
4.754328325787158934e+23
4.762313151705028703e+23
4.770046851217998228e+23
4.777536778668330797e+23
4.784790108519332273e+23
4.791813837350915036e+23
4.798614786019756480e+23
4.805199601966490352e+23
4.811574761653575824e+23
4.817746573117972378e+23
4.823721178624729652e+23
4.829504557407514132e+23
4.835102528483864923e+23
4.840520753533323135e+23
4.845764739827647822e+23
4.850839843203100453e+23
4.855751271065389923e+23
4.860504085418800243e+23
4.865103205911498179e+23
4.869553412889771738e+23
4.873859350454473180e+23
4.878025529513485156e+23
4.882056330824782216e+23
4.885956008024706887e+23
4.889728690636985509e+23
4.893378387058288849e+23
4.896908987516463308e+23
4.900324266998001429e+23
4.903627888141790882e+23
4.906823404096259579e+23
4.909914261337618461e+23
4.912903802447027618e+23
4.915795268844776493e+23
4.918591803480048088e+23
4.921296453474531735e+23
4.923912172719194547e+23
4.926441824422692211e+23
4.928888183611164774e+23
4.931253939578308793e+23
4.933541698285748659e+23
4.935753984712984326e+23
4.937893245156855067e+23
4.939961849480519237e+23
4.941962093311945353e+23
4.943896200191925237e+23
4.945766323672044735e+23
4.947574549362772437e+23
4.949322896932089144e+23
4.951013322055080907e+23
4.952647718315055959e+23
4.954227919056651315e+23
4.955755699191717529e+23
4.957232776958310477e+23
4.958660815633865895e+23
4.960041425202953973e+23
4.961376163980506542e+23
4.962666540191243651e+23
4.963914013506173959e+23
4.965119996536767549e+23
4.966285856287843376e+23
4.967412915569957850e+23
4.968502454371887140e+23
4.969555711194401079e+23
4.970573884345846092e+23
4.971558133200820927e+23
4.972509579422086799e+23
4.973429308147332620e+23
4.974318369141082544e+23
4.975177777912741049e+23
4.976008516801745954e+23
4.976811536030393749e+23
4.977587754725402938e+23
4.978338061908707293e+23
4.979063317458574912e+23
4.979764353041681214e+23
4.980441973016833148e+23
4.981096955311300217e+23
4.981730052270218092e+23
4.982341991480031141e+23
4.982933476566635601e+23
4.983505187968834737e+23
4.984057783687867678e+23
4.984591900013608525e+23
4.985108152228201449e+23
4.985607135287720322e+23
4.986089424482459535e+23
4.986555576076531810e+23
4.987006127927266231e+23
4.987441600085171561e+23
4.987862495374850025e+23
4.988269299957496430e+23
4.988662483875666445e+23
4.989042501580483839e+23
4.989409792442316788e+23
4.989764781244910508e+23
4.990107878663810376e+23
4.990439481729473483e+23
4.990759974275547126e+23
4.991069727372570578e+23
4.991369099747788681e+23
4.991658438191563124e+23
4.991938077950452548e+23
4.992208343107692292e+23
4.992469546951341538e+23
4.992721992330390463e+23
4.992965971999487060e+23
4.993201768952269552e+23
4.993429656743972123e+23
4.993649899803437517e+23
4.993862753735027731e+23
4.994068465610581135e+23
4.994267274251899178e+23
4.994459410504027776e+23
4.994645097499444107e+23
4.994824550913664877e+23
4.994997979212453899e+23
4.995165583890943060e+23
4.995327559704833090e+23
4.995484094894025799e+23
4.995635371398864946e+23
4.995781565069281009e+23
4.995922845866992211e+23
4.996059378061067126e+23
4.996191320417038804e+23
4.996318826379648245e+23
4.996442044249736657e+23
4.996561117355091868e+23
4.996676184215772358e+23
4.996787378703837765e+23
4.996894830197897911e+23
4.996998663732367616e+23
4.997099000141943354e+23
4.997195956201154801e+23
4.997289644759312698e+23
4.997380174870932923e+23
4.997467651921834043e+23
4.997552177751085527e+23
4.997633850768758973e+23
4.997712766069840712e+23
4.997789015544339324e+23
4.997862687983631723e+23
4.997933869183328961e+23
4.998002642042687943e+23
4.998069086660639515e+23
4.998133280428651027e+23
4.998195298120388470e+23
4.998255211978474819e+23
4.998313091798273433e+23
4.998369005008766317e+23
4.998423016750882247e+23
4.998475189953016386e+23
4.998525585404080968e+23
4.998574261824094428e+23
4.998621275932349243e+23
4.998666682513237003e+23
4.998710534479886407e+23
4.998752882935654441e+23
4.998793777233485512e+23
4.998833265033194903e+23
4.998871392356912773e+23
4.998908203642493421e+23
4.998943741795314602e+23
4.998978048238038077e+23
4.999011162958754187e+23
4.999043124557490306e+23
4.999073970291118084e+23
4.999103736116703752e+23
4.999132456733306215e+23
4.999160165622304777e+23
4.999186895086382010e+23
4.999212676287106059e+23
4.999237539281164063e+23
4.999261513055378887e+23
4.999284625560367572e+23
4.999306903743138795e+23
4.999328373578444791e+23
4.999349060098976981e+23
4.999368987424558332e+23
4.999388178790180098e+23
4.999406656573070849e+23
4.999424442318724646e+23
4.999441556766000425e+23
4.999458019871287232e+23
4.999473850831756769e+23
4.999489068107643539e+23
4.999503689443835778e+23
4.999517731890495331e+23
4.999531211822919854e+23
4.999544144960588318e+23
4.999556546385525342e+23
4.999568430559848154e+23
4.999579811342586080e+23
4.999590702005875932e+23
4.999601115250342683e+23
4.999611063220014416e+23
4.999620557516393708e+23
4.999629609211957923e+23
4.999638228863101153e+23
4.999646426522419840e+23
4.999654211750459511e+23
4.999661593626817939e+23
4.999668580760698686e+23
4.999675181300992191e+23
4.999681402945781744e+23
4.999687252951281718e+23
4.999692738140267778e+23
4.999697864910119213e+23
4.999702639240202252e+23
4.999707066698836633e+23
4.999711152449811204e+23
4.999714901258386811e+23
4.999718317496833451e+23
4.999721405149622483e+23
4.999724167817940372e+23
4.999726608723968891e+23
4.999728730714606309e+23
4.999730536264798002e+23
4.999732027480401332e+23
4.999733206100604921e+23
4.999734073500143242e+23
4.999734630690672356e+23
4.999734878322075841e+23
4.999734816683156025e+23
4.999734445702044682e+23
4.999733764946054726e+23
4.999732773621187635e+23
4.999731470571226802e+23
4.999729854276391341e+23
4.999727922851528835e+23
4.999725674043977929e+23
4.999723105230857794e+23
4.999720213416093868e+23
4.999716995226924168e+23
4.999713446909898926e+23
4.999709564326525901e+23
4.999705342948513698e+23
4.999700777852412457e+23
4.999695863713894834e+23
4.999690594801616211e+23
4.999684964970432005e+23
4.999678967654298891e+23
4.999672595858610968e+23
4.999665842152089657e+23
4.999658698658031358e+23
4.999651157045191387e+23
4.999643208518098821e+23
4.999634843806739181e+23
4.999626053155768028e+23
4.999616826313195064e+23
4.999607152518353524e+23
4.999597020489467591e+23
4.999586418410445372e+23
4.999575333917078627e+23
4.999563754082741204e+23
4.999551665403205654e+23
4.999539053780967275e+23
4.999525904508891022e+23
4.999512202252959833e+23
4.999497931034480712e+23
4.999483074211483495e+23
4.999467614459300214e+23
4.999451533750393519e+23
4.999434813333342876e+23
4.999417433711059686e+23
4.999399374618078321e+23
4.999380614996898234e+23
4.999361132973529487e+23
4.999340905831973939e+23
4.999319909987797770e+23
4.999298120960678591e+23
4.999275513345955311e+23
4.999252060784991519e+23
4.999227735934489959e+23
4.999202510434723860e+23
4.999176354876463681e+23
4.999149238766832787e+23
4.999121130493808204e+23
4.999091997289379193e+23
4.999061805191490490e+23
4.999030519004533967e+23
4.998998102258392771e+23
4.998964517166000332e+23
4.998929724579437745e+23
4.998893683944402421e+23
4.998856353253045316e+23
4.998817688995151919e+23
4.998777646107522037e+23
4.998736177921723529e+23
4.998693236109728085e+23
4.998648770627792787e+23
4.998602729658363958e+23
4.998555059549781864e+23
4.998505704754073483e+23
4.998454607762393106e+23
4.998401709038282568e+23
4.998346946948520267e+23
4.998290257691567005e+23
4.998231575223624102e+23
4.998170831181866221e+23
4.998107954805236134e+23
4.998042872852299446e+23
4.997975509516365301e+23
4.997905786337574445e+23
4.997833622111953292e+23
4.997758932797352795e+23
4.997681631415980880e+23
4.997601627953710288e+23
4.997518829255851130e+23
4.997433138919263993e+23
4.997344457180835071e+23
4.997252680801952287e+23
4.997157702949101843e+23
4.997059413070373150e+23
4.996957696767549327e+23
4.996852435663983949e+23
4.996743507267715062e+23
4.996630784830143988e+23
4.996514137199546739e+23
4.996393428669768359e+23
4.996268518823610968e+23
4.996139262370931613e+23
4.996005508981121100e+23
4.995867103109806754e+23
4.995723883819788529e+23
4.995575684595676936e+23
4.995422333152254293e+23
4.995263651236252588e+23
4.995099454421535881e+23
4.994929551897018174e+23
4.994753746247569753e+23
4.994571833227395916e+23
4.994383601525663969e+23
4.994188832524297935e+23
4.993987300047377956e+23
4.993778770102122887e+23
4.993563000611138018e+23
4.993339741135505772e+23
4.993108732588571775e+23
4.992869706940043756e+23
4.992622386910054979e+23
4.992366485653058686e+23
4.992101706430927392e+23
4.991827742275118144e+23
4.991544275637513151e+23
4.991250978029454628e+23
4.990947509648796009e+23
4.990633518994436685e+23
4.990308642467965798e+23
4.989972503961988959e+23
4.989624714434809713e+23
4.989264871470946341e+23
4.988892558827004835e+23
4.988507345962573842e+23
4.988108787555556403e+23
4.987696423001514333e+23
4.987269775896430007e+23
4.986828353502552019e+23
4.986371646196702605e+23
4.985899126900462988e+23
4.985410250491686352e+23
4.984904453196888156e+23
4.984381151963929243e+23
4.983839743814147538e+23
4.983279605173663857e+23
4.982700091183045101e+23
4.982100534984755087e+23
4.981480246987741389e+23
4.980838514108395170e+23
4.980174598987381337e+23
4.979487739181502866e+23
4.978777146329931553e+23
4.978042005294305226e+23
4.977281473271416362e+23
4.976494678878282045e+23
4.975680721208659107e+23
4.974838668860202492e+23
4.973967558931421279e+23
4.973066395987786775e+23
4.972134150996057842e+23
4.971169760226329556e+23
4.970172124120336166e+23
4.969140106125823139e+23
4.968072531495954825e+23
4.966968186052696731e+23
4.965825814913682527e+23
4.964644121181457136e+23
4.963421764594320802e+23
4.962157360138027218e+23
4.960849476617510941e+23
4.959496635187440166e+23
4.958097307841433122e+23
4.956649915858382509e+23
4.955152828205838316e+23
4.953604359898930348e+23
4.952002770314720392e+23
4.950346261460844534e+23
4.948632976197824178e+23
4.946860996414531730e+23
4.945028341155948585e+23
4.943132964702834246e+23
4.941172754602596562e+23
4.939145529651034923e+23
4.937049037824345716e+23
4.934880954161336366e+23
4.932638878595215115e+23
4.930320333735019623e+23
4.927922762596536088e+23
4.925443526282718269e+23
4.922879901613484954e+23
4.920229078705586422e+23
4.917488158502615725e+23
4.914654150255777499e+23
4.911723968956049161e+23
4.908694432718655209e+23
4.905562260120845167e+23
4.902324067494333451e+23
4.898976366173688976e+23
4.895515559702635427e+23
4.891937940999961387e+23
4.888239689487487787e+23
4.884416868182571006e+23
4.880465420757915895e+23
4.876381168572101831e+23
4.872159807674170516e+23
4.867796905786360453e+23
4.863287899269358210e+23
4.858628090074880887e+23
4.853812642690886659e+23
4.848836581085308267e+23
4.843694785654484118e+23
4.838381990183407935e+23
4.832892778825274213e+23
4.827221583108444363e+23
4.821362678979800617e+23
4.815310183894097697e+23
4.809058053959515468e+23
4.802600081150660030e+23
4.795929890601188133e+23
4.789040937988829091e+23
4.781926507026620560e+23
4.774579707075290590e+23
4.766993470892594094e+23
4.759160552536627929e+23
4.751073525441093645e+23
4.742724780681970823e+23
4.734106525455701445e+23
4.725210781791060083e+23
4.716029385517494698e+23
4.706553985514470375e+23
4.696776043267489163e+23
4.686686832758255675e+23
4.676277440717576177e+23
4.665538767271048532e+23
4.654461527009744535e+23
4.643036250518918288e+23
4.631253286399743277e+23
4.619102803820469258e+23
4.606574795635261744e+23
4.593659082110276060e+23
4.580345315298199638e+23
4.566622984104192791e+23
4.552481420087247336e+23
4.537909804042868889e+23
4.522897173414230842e+23
4.507432430579663399e+23
4.491504352066763678e+23
4.475101598743115627e+23
4.458212727035302941e+23
4.440826201228356574e+23
4.422930406898279729e+23
4.404513665530576377e+23
4.385564250377805376e+23
4.366070403608976860e+23
4.346020354802170798e+23
4.325402340832336748e+23
4.304204627203429384e+23
4.282415530872883412e+23
4.260023444613756585e+23
4.237016862957434097e+23
4.213384409755932930e+23
4.189114867398988655e+23
4.164197207716500823e+23
4.138620624591177279e+23
4.112374568300371247e+23
4.085448781598814277e+23
4.057833337546362197e+23
4.029518679075967184e+23
4.000495660287658285e+23
3.970755589443615531e+23
3.940290273627850576e+23
3.909092065021618458e+23
3.877153908731944569e+23
3.844469392096344628e+23
3.811032795370991879e+23
3.776839143693227257e+23
3.741884260191834462e+23
3.706164820099922815e+23
3.669678405706254154e+23
3.632423561960693936e+23
3.594399852528813893e+23
3.555607916069521625e+23
3.516049522487857208e+23
3.475727628893239619e+23
3.434646434971734654e+23
3.392811437458372858e+23
3.350229483375011970e+23
3.306908821678011229e+23
3.262859152939662254e+23
3.218091676669240127e+23
3.172619135861945008e+23
3.126455858348711855e+23
3.079617794506769532e+23
3.032122550880181756e+23
2.983989419252066319e+23
2.935239400705733710e+23
2.885895224211637577e+23
2.835981359280267177e+23
2.785524022229179449e+23
2.734551175625105903e+23
2.683092520479525280e+23
2.631179480799724899e+23
2.578845180125450695e+23
2.526124409716019697e+23
2.473053588092924650e+23
2.419670711688968641e+23
2.366015296406953132e+23
2.312128309948459128e+23
2.258052094836591506e+23
2.203830282124353602e+23
2.149507695853576514e+23
2.095130248406262224e+23
2.040744826970873832e+23
1.986399171429534668e+23
1.932141744057496686e+23
1.878021591512693279e+23
1.824088199679652324e+23
1.770391342017345340e+23
1.716980922143893849e+23
1.663906811470601477e+23
1.611218682773150672e+23
1.558965840656989117e+23
1.507197049936319181e+23
1.455960363000219650e+23
1.405302947284261599e+23
1.355270914000694458e+23
1.305909149303589306e+23
1.257261149076981012e+23
1.209368858533002813e+23
1.162272517793214670e+23
1.116010514599231724e+23
1.070619245258369705e+23
1.026132984876951929e+23
9.825837678677843981e+22
9.400012796404251702e+22
8.984127602936054494e+22
8.578429210296766693e+22
8.183138739024357543e+22
7.798450753934471882e+22
7.424532841894926667e+22
7.061525334067432863e+22
6.709541173772117921e+22
6.368665929819268684e+22
6.038957953845933008e+22
5.720448678913921096e+22
5.413143055382778112e+22
5.117020118887460713e+22
4.832033684137510017e+22
4.558113157228403045e+22
4.295164458228477906e+22
4.043071044986354008e+22
3.801695028403944764e+22
3.570878368844268909e+22
3.350444142897076896e+22
3.140197869410296057e+22
2.939928883511780232e+22
2.749411747292718196e+22
2.568407685896094509e+22
2.396666037946722707e+22
2.233925709565169920e+22
2.079916621618219057e+22
1.934361140363310976e+22
1.796975482232854544e+22
1.667471084164654458e+22
1.545555931605019866e+22
1.430935837078837422e+22
1.323315663023988802e+22
1.222400483413256988e+22
1.127896679524138903e+22
1.039512966053912956e+22
9.569613446040317329e+21
8.799579823642063667e+21
8.082240146041992118e+21
7.414862703223660085e+21
6.794779210980045881e+21
6.219390538439395901e+21
5.686171687522730508e+21
5.192676042664843411e+21
4.736538913947748663e+21
4.315480401017102664e+21
3.927307608771725361e+21
3.569916248842880156e+21
3.241291663323717698e+21
2.939509309092316316e+21
2.662734742418248172e+21
2.409223144384756711e+21
2.177318428029532504e+21
1.965451968045917143e+21
1.772140993432146412e+21
1.595986682670322549e+21
1.435671999901639901e+21
1.289959309181155279e+21
1.157687802285487161e+21
1.037770773750541976e+21
9.291927748712414577e+20
8.310066763383552082e+20
7.423306670522056049e+20
6.623452144708709253e+20
5.902900096502091612e+20
5.254609179401672458e+20
4.672069541395167314e+20
4.149272987994238484e+20
3.680683703221561590e+20
3.261209655395406316e+20
2.886174795881174139e+20
2.551292141338572227e+20
2.252637813458328617e+20
1.986626094803171082e+20
1.749985545174320087e+20
1.539736209929366077e+20
1.353167939876620534e+20
1.187819831748398612e+20
1.041460788782314455e+20
9.120711925767205683e+19
7.978256700875381146e+19
6.970769333448514765e+19
6.083406641306857472e+19
5.302814114117740134e+19
4.616994656985257574e+19
4.015186716374577152e+19
3.487751379732803994e+19
3.026068024725447475e+19
2.622438084193522074e+19
2.269996488124243968e+19
2.269996488124243968e+19
2.269996488124243968e+19
2.269996488124243968e+19
2.269996488124243968e+19
2.269996488124243968e+19
2.269996488124243968e+19
2.269996488124243968e+19
2.269996488124243968e+19
2.269996488124243968e+19
2.269996488124243968e+19
2.269996488124243968e+19
2.269996488124243968e+19
2.269996488124243968e+19
2.269996488124243968e+19
2.269996488124243968e+19
2.269996488124243968e+19
2.269996488124243968e+19
2.269996488124243968e+19
2.269996488124243968e+19
2.269996488124243968e+19
2.269996488124243968e+19
2.269996488124243968e+19
2.269996488124243968e+19
2.269996488124243968e+19
2.269996488124243968e+19
2.269996488124243968e+19
2.269996488124243968e+19
2.269996488124243968e+19
2.269996488124243968e+19
2.269996488124243968e+19
2.269996488124243968e+19
2.269996488124243968e+19
2.269996488124243968e+19
2.269996488124243968e+19
2.269996488124243968e+19
2.269996488124243968e+19
2.269996488124243968e+19
2.269996488124243968e+19
2.269996488124243968e+19
2.269996488124243968e+19
2.269996488124243968e+19
2.269996488124243968e+19
2.269996488124243968e+19
2.269996488124243968e+19
2.269996488124243968e+19
2.269996488124243968e+19
2.269996488124243968e+19
2.269996488124243968e+19
2.269996488124243968e+19
2.269996488124243968e+19
2.269996488124243968e+19
2.269996488124243968e+19
2.269996488124243968e+19
2.269996488124243968e+19
2.269996488124243968e+19
2.269996488124243968e+19
2.269996488124243968e+19
2.269996488124243968e+19
2.269996488124243968e+19
2.269996488124243968e+19
2.269996488124243968e+19
2.269996488124243968e+19
2.269996488124243968e+19
2.269996488124243968e+19
2.269996488124243968e+19
2.269996488124243968e+19
2.269996488124243968e+19
2.269996488124243968e+19
2.269996488124243968e+19
2.269996488124243968e+19
2.269996488124243968e+19
2.269996488124243968e+19
2.269996488124243968e+19
2.269996488124243968e+19
2.269996488124243968e+19
2.269996488124243968e+19
2.269996488124243968e+19
2.269996488124243968e+19
2.269996488124243968e+19
2.269996488124243968e+19
2.269996488124243968e+19
2.269996488124243968e+19
2.269996488124243968e+19
2.269996488124243968e+19
2.269996488124243968e+19
2.269996488124243968e+19
2.269996488124243968e+19
2.269996488124243968e+19
2.269996488124243968e+19
2.269996488124243968e+19
2.269996488124243968e+19
2.269996488124243968e+19
2.269996488124243968e+19
2.269996488124243968e+19
2.269996488124243968e+19
2.269996488124243968e+19
2.269996488124243968e+19
2.269996488124243968e+19
2.269996488124243968e+19
2.269996488124243968e+19
