0.000000000000000000e+00
0.000000000000000000e+00
0.000000000000000000e+00
0.000000000000000000e+00
0.000000000000000000e+00
0.000000000000000000e+00
0.000000000000000000e+00
0.000000000000000000e+00
0.000000000000000000e+00
0.000000000000000000e+00
0.000000000000000000e+00
0.000000000000000000e+00
0.000000000000000000e+00
0.000000000000000000e+00
0.000000000000000000e+00
0.000000000000000000e+00
0.000000000000000000e+00
0.000000000000000000e+00
0.000000000000000000e+00
0.000000000000000000e+00
0.000000000000000000e+00
0.000000000000000000e+00
0.000000000000000000e+00
0.000000000000000000e+00
0.000000000000000000e+00
0.000000000000000000e+00
0.000000000000000000e+00
0.000000000000000000e+00
0.000000000000000000e+00
0.000000000000000000e+00
0.000000000000000000e+00
0.000000000000000000e+00
0.000000000000000000e+00
0.000000000000000000e+00
0.000000000000000000e+00
0.000000000000000000e+00
0.000000000000000000e+00
0.000000000000000000e+00
0.000000000000000000e+00
0.000000000000000000e+00
0.000000000000000000e+00
0.000000000000000000e+00
0.000000000000000000e+00
0.000000000000000000e+00
0.000000000000000000e+00
0.000000000000000000e+00
0.000000000000000000e+00
0.000000000000000000e+00
0.000000000000000000e+00
0.000000000000000000e+00
0.000000000000000000e+00
0.000000000000000000e+00
0.000000000000000000e+00
0.000000000000000000e+00
0.000000000000000000e+00
0.000000000000000000e+00
0.000000000000000000e+00
0.000000000000000000e+00
0.000000000000000000e+00
0.000000000000000000e+00
0.000000000000000000e+00
0.000000000000000000e+00
0.000000000000000000e+00
0.000000000000000000e+00
0.000000000000000000e+00
0.000000000000000000e+00
0.000000000000000000e+00
0.000000000000000000e+00
0.000000000000000000e+00
0.000000000000000000e+00
0.000000000000000000e+00
0.000000000000000000e+00
0.000000000000000000e+00
0.000000000000000000e+00
0.000000000000000000e+00
0.000000000000000000e+00
0.000000000000000000e+00
0.000000000000000000e+00
0.000000000000000000e+00
0.000000000000000000e+00
0.000000000000000000e+00
0.000000000000000000e+00
0.000000000000000000e+00
0.000000000000000000e+00
0.000000000000000000e+00
0.000000000000000000e+00
0.000000000000000000e+00
0.000000000000000000e+00
0.000000000000000000e+00
0.000000000000000000e+00
0.000000000000000000e+00
0.000000000000000000e+00
0.000000000000000000e+00
0.000000000000000000e+00
0.000000000000000000e+00
0.000000000000000000e+00
0.000000000000000000e+00
0.000000000000000000e+00
0.000000000000000000e+00
0.000000000000000000e+00
0.000000000000000000e+00
-2.484594203773159930e-03
-4.939253566448592245e-03
-7.364000370109951253e-03
-9.758858803440028512e-03
-1.212385509078522938e-02
-1.445901762653020554e-02
-1.676437711467181763e-02
-1.903996671344327513e-02
-2.128582218479934188e-02
-2.350198204853293227e-02
-2.568848774074811159e-02
-2.784538377637245030e-02
-2.997271791534432059e-02
-3.207054133206565377e-02
-3.413890878766399906e-02
-3.617787880456098393e-02
-3.818751384279982231e-02
-4.016788047753839380e-02
-4.211904957707238856e-02
-4.404109648071145855e-02
-4.593410117579247581e-02
-4.779814847307831127e-02
-4.963332817975926736e-02
-5.143973526924447426e-02
-5.321747004690863259e-02
-5.496663831093944602e-02
-5.668735150741845835e-02
-5.837972687875963435e-02
-6.004388760462902458e-02
-6.167996293447332995e-02
-6.328808831079628383e-02
-6.486840548234037995e-02
-6.642106260635502468e-02
-6.794621433916550601e-02
-6.944402191429507876e-02
-7.091465320743597922e-02
-7.235828278761965993e-02
-7.377509195399042929e-02
-7.516526875765408566e-02
-7.652900800813747240e-02
-7.786651126407148626e-02
-7.917798680778583009e-02
-8.046364960358551310e-02
-8.172372123956279932e-02
-8.295842985288327809e-02
-8.416801003857422858e-02
-8.535270274192936768e-02
-8.651275513473201395e-02
-8.764842047558681071e-02
-8.875995795473247407e-02
-8.984763252379271425e-02
-9.091171471100091550e-02
-9.195248042250754594e-02
-9.297021073045233508e-02
-9.396519164854683082e-02
-9.493771389597316368e-02
-9.588807265045828920e-02
-9.681656729143039986e-02
-9.772350113420347206e-02
-9.860918115617073321e-02
-9.947391771601232779e-02
-1.003180242669430289e-01
-1.011418170650358328e-01
-1.019456148736644918e-01
-1.027297386651038757e-01
-1.034945113203184497e-01
-1.042402573279561095e-01
-1.049673024835413027e-01
-1.056759735898352703e-01
-1.063665981593004406e-01
-1.070395041195676966e-01
-1.076950195227655560e-01
-1.083334722595261645e-01
-1.089551897784336032e-01
-1.095604988116317124e-01
-1.101497251072545008e-01
-1.107231931692884558e-01
-1.112812260054213825e-01
-1.118241448833757201e-01
-1.123522690961676201e-01
-1.128659157366782434e-01
-1.133653994818684535e-01
-1.138510323869113550e-01
-1.143231236894676622e-01
-1.147819796242733337e-01
-1.152279032481637877e-01
-1.156611942756072819e-01
-1.160821489247779587e-01
-1.164910597741547899e-01
-1.168882156295928260e-01
-1.172739014017765563e-01
-1.176483979939283303e-01
-1.180119821996159502e-01
-1.183649266104719738e-01
-1.187074995336113020e-01
-1.190399649185117509e-01
-1.193625822930991509e-01
-1.196756067087620806e-01
-1.199792886940038161e-01
-1.202738742164280866e-01
-1.205596046527418891e-01
-1.208367167664517877e-01
-1.211054426929223243e-01
-1.213660099314615021e-01
-1.216186413440937114e-01
-1.218635551606820216e-01
-1.221009649900595545e-01
-1.223310798368338198e-01
-1.225541041235284484e-01
-1.227702377177350979e-01
-1.229796759639493059e-01
-1.231826097197733505e-01
-1.233792253961763369e-01
-1.235697050015078097e-01
-1.237542261889721246e-01
-1.239329623072782799e-01
-1.241060824541892899e-01
-1.242737515327069775e-01
-1.244361303096364474e-01
-1.245933754762840739e-01
-1.247456397110566634e-01
-1.248930717437360949e-01
-1.250358164212170831e-01
-1.251740147745045439e-01
-1.253078040867772469e-01
-1.254373179623375079e-01
-1.255626863962728268e-01
-1.256840358446678907e-01
-1.258014892952136476e-01
-1.259151663380717601e-01
-1.260251832368586566e-01
-1.261316529996248381e-01
-1.262346854497126414e-01
-1.263343872963851588e-01
-1.264308622051241449e-01
-1.265242108675057875e-01
-1.266145310705685534e-01
-1.267019177655951123e-01
-1.267864631362358996e-01
-1.268682566659107558e-01
-1.269473852044278595e-01
-1.270239330337677719e-01
-1.270979819329842997e-01
-1.271696112421794311e-01
-1.272388979255148767e-01
-1.273059166332269343e-01
-1.273707397626158977e-01
-1.274334375179842216e-01
-1.274940779695041548e-01
-1.275527271109963834e-01
-1.276094489166052226e-01
-1.276643053963608387e-01
-1.277173566506185076e-01
-1.277686609233713855e-01
-1.278182746544321013e-01
-1.278662525304841424e-01
-1.279126475350031711e-01
-1.279575109970527147e-01
-1.280008926389589463e-01
-1.280428406228712179e-01
-1.280834015962176442e-01
-1.281226207360639247e-01
-1.281605417923878665e-01
-1.281972071302806271e-01
-1.282326577710879711e-01
-1.282669334325062527e-01
-1.283000725676458897e-01
-1.283321124030800953e-01
-1.283630889758930194e-01
-1.283930371697447892e-01
-1.284219907499700997e-01
-1.284499823977278687e-01
-1.284770437432195267e-01
-1.285032053979937305e-01
-1.285284969863559612e-01
-1.285529471759011833e-01
-1.285765837071875806e-01
-1.285994334225704361e-01
-1.286215222942136138e-01
-1.286428754512986272e-01
-1.286635172064476695e-01
-1.286834710813803129e-01
-1.287027598318216393e-01
-1.287214054716798450e-01
-1.287394292965108045e-01
-1.287568519062879113e-01
-1.287736932274938795e-01
-1.287899725345523494e-01
-1.288057084706159816e-01
-1.288209190677278293e-01
-1.288356217663730596e-01
-1.288498334344357066e-01
-1.288635703855787185e-01
-1.288768483970604006e-01
-1.288896827270047674e-01
-1.289020881311392641e-01
-1.289140788790163750e-01
-1.289256687697318549e-01
-1.289368711471544915e-01
-1.289476989146815522e-01
-1.289581645495333218e-01
-1.289682801165992487e-01
-1.289780572818499949e-01
-1.289875073253269055e-01
-1.289966411537219193e-01
-1.290054693125594898e-01
-1.290140019979927055e-01
-1.290222490682247369e-01
-1.290302200545673517e-01
-1.290379241721462400e-01
-1.290453703302652244e-01
-1.290525671424386511e-01
-1.290595229361022334e-01
-1.290662457620123660e-01
-1.290727434033434318e-01
-1.290790233844918700e-01
-1.290850929795967217e-01
-1.290909592207853673e-01
-1.290966289061518391e-01
-1.291021086074775892e-01
-1.291074046777013762e-01
-1.291125232581480653e-01
-1.291174702855205358e-01
-1.291222514986659631e-01
-1.291268724451208605e-01
-1.291313384874426540e-01
-1.291356548093353374e-01
-1.291398264215743441e-01
-1.291438581677384623e-01
-1.291477547297531780e-01
-1.291515206332533305e-01
-1.291551602527696574e-01
-1.291586778167450322e-01
-1.291620774123864168e-01
-1.291653629903566636e-01
-1.291685383693125522e-01
-1.291716072402935012e-01
-1.291745731709656730e-01
-1.291774396097262190e-01
-1.291802098896719098e-01
-1.291828872324371769e-01
-1.291854747519053104e-01
-1.291879754577971162e-01
-1.291903922591408904e-01
-1.291927279676275131e-01
-1.291949853008548255e-01
-1.291971668854644262e-01
-1.291992752601742456e-01
-1.292013128787114773e-01
-1.292032821126471165e-01
-1.292051852541376278e-01
-1.292070245185747701e-01
-1.292088020471477139e-01
-1.292105199093202539e-01
-1.292121801052259766e-01
-1.292137845679827979e-01
-1.292153351659311722e-01
-1.292168337047983340e-01
-1.292182819297896523e-01
-1.292196815276109023e-01
-1.292210341284230901e-01
-1.292223413077317751e-01
-1.292236045882142192e-01
-1.292248254414849196e-01
-1.292260052898026035e-01
-1.292271455077201592e-01
-1.292282474236797485e-01
-1.292293123215543516e-01
-1.292303414421381025e-01
-1.292313359845870813e-01
-1.292322971078113947e-01
-1.292332259318210441e-01
-1.292341235390268295e-01
-1.292349909754978154e-01
-1.292358292521767205e-01
-1.292366393460545326e-01
-1.292374222013059903e-01
-1.292381787303870377e-01
-1.292389098150953652e-01
-1.292396163075957005e-01
-1.292402990314106825e-01
-1.292409587823781514e-01
-1.292415963295770742e-01
-1.292422124162218300e-01
-1.292428077605267955e-01
-1.292433830565417885e-01
-1.292439389749597545e-01
-1.292444761638966988e-01
-1.292449952496463605e-01
-1.292454968374087965e-01
-1.292459815119948174e-01
-1.292464498385065552e-01
-1.292469023629952696e-01
-1.292473396130972285e-01
-1.292477620986476616e-01
-1.292481703122744519e-01
-1.292485647299718432e-01
-1.292489458116544421e-01
-1.292493140016928999e-01
-1.292496697294315544e-01
-1.292500134096883080e-01
-1.292503454432378518e-01
-1.292506662172782372e-01
-1.292509761058821816e-01
-1.292512754704328304e-01
-1.292515646600442825e-01
-1.292518440119689027e-01
-1.292521138519897861e-01
-1.292523744948004538e-01
-1.292526262443716434e-01
-1.292528693943054419e-01
-1.292531042281772347e-01
-1.292533310198662744e-01
-1.292535500338748700e-01
-1.292537615256367511e-01
-1.292539657418143306e-01
-1.292541629205865295e-01
-1.292543532919260552e-01
-1.292545370778681035e-01
-1.292547144927686242e-01
-1.292548857435541210e-01
-1.292550510299628475e-01
-1.292552105447778155e-01
-1.292553644740515872e-01
-1.292555129973230743e-01
-1.292556562878266757e-01
-1.292557945126943386e-01
-1.292559278331504302e-01
-1.292560564046996707e-01
-1.292561803773084883e-01
-1.292562998955796016e-01
-1.292564150989209126e-01
-1.292565261217079875e-01
-1.292566330934405705e-01
-1.292567361388938518e-01
-1.292568353782636570e-01
-1.292569309273067513e-01
-1.292570228974757318e-01
-1.292571113960489237e-01
-1.292571965262557243e-01
-1.292572783873968956e-01
-1.292573570749600276e-01
-1.292574326807313934e-01
-1.292575052929026691e-01
-1.292575749961738796e-01
-1.292576418718519304e-01
-1.292577059979458098e-01
-1.292577674492573492e-01
-1.292578262974683756e-01
-1.292578826112245338e-01
-1.292579364562149447e-01
-1.292579878952493933e-01
-1.292580369883311875e-01
-1.292580837927271020e-01
-1.292581283630342692e-01
-1.292581707512438782e-01
-1.292582110068019319e-01
-1.292582491766667008e-01
-1.292582853053634018e-01
-1.292583194350363784e-01
-1.292583516054982284e-01
-1.292583818542761553e-01
-1.292584102166555449e-01
-1.292584367257216260e-01
-1.292584614123976350e-01
-1.292584843054809252e-01
-1.292585054316766902e-01
-1.292585248156289113e-01
-1.292585424799492233e-01
-1.292585584452435599e-01
-1.292585727301357179e-01
-1.292585853512893124e-01
-1.292585963234272328e-01
-1.292586056593486854e-01
-1.292586133699441808e-01
-1.292586194642079134e-01
-1.292586239492493905e-01
-1.292586268303003438e-01
-1.292586281107216684e-01
-1.292586277920068916e-01
-1.292586258737843663e-01
-1.292586223538164381e-01
-1.292586172279969470e-01
-1.292586104903465094e-01
-1.292586021330055790e-01
-1.292585921462250376e-01
-1.292585805183552317e-01
-1.292585672358318172e-01
-1.292585522831604938e-01
-1.292585356428988530e-01
-1.292585172956356721e-01
-1.292584972199684323e-01
-1.292584753924786167e-01
-1.292584517877040928e-01
-1.292584263781094145e-01
-1.292583991340540417e-01
-1.292583700237573685e-01
-1.292583390132618082e-01
-1.292583060663932693e-01
-1.292582711447190780e-01
-1.292582342075027368e-01
-1.292581952116567678e-01
-1.292581541116924748e-01
-1.292581108596666251e-01
-1.292580654051256606e-01
-1.292580176950469950e-01
-1.292579676737768135e-01
-1.292579152829656797e-01
-1.292578604615002569e-01
-1.292578031454317267e-01
-1.292577432679018201e-01
-1.292576807590642696e-01
-1.292576155460034848e-01
-1.292575475526500373e-01
-1.292574766996912594e-01
-1.292574029044790962e-01
-1.292573260809338209e-01
-1.292572461394434491e-01
-1.292571629867592387e-01
-1.292570765258868881e-01
-1.292569866559737379e-01
-1.292568932721910591e-01
-1.292567962656116232e-01
-1.292566955230828596e-01
-1.292565909270948776e-01
-1.292564823556433262e-01
-1.292563696820873131e-01
-1.292562527750018841e-01
-1.292561314980245346e-01
-1.292560057096961701e-01
-1.292558752632963770e-01
-1.292557400066721429e-01
-1.292555997820607760e-01
-1.292554544259058857e-01
-1.292553037686664241e-01
-1.292551476346193440e-01
-1.292549858416547903e-01
-1.292548182010636315e-01
-1.292546445173173575e-01
-1.292544645878404841e-01
-1.292542782027742143e-01
-1.292540851447318839e-01
-1.292538851885455531e-01
-1.292536781010034386e-01
-1.292534636405787418e-01
-1.292532415571473747e-01
-1.292530115916968037e-01
-1.292527734760243463e-01
-1.292525269324240889e-01
-1.292522716733638111e-01
-1.292520074011496989e-01
-1.292517338075796773e-01
-1.292514505735839758e-01
-1.292511573688535087e-01
-1.292508538514553218e-01
-1.292505396674337725e-01
-1.292502144503984984e-01
-1.292498778210973975e-01
-1.292495293869750095e-01
-1.292491687417152424e-01
-1.292487954647681125e-01
-1.292484091208601360e-01
-1.292480092594869567e-01
-1.292475954143890438e-01
-1.292471671030087921e-01
-1.292467238259284723e-01
-1.292462650662890566e-01
-1.292457902891880617e-01
-1.292452989410569908e-01
-1.292447904490171273e-01
-1.292442642202124292e-01
-1.292437196411197753e-01
-1.292431560768345644e-01
-1.292425728703325560e-01
-1.292419693417046767e-01
-1.292413447873664023e-01
-1.292406984792388303e-01
-1.292400296639021340e-01
-1.292393375617190421e-01
-1.292386213659277583e-01
-1.292378802417043782e-01
-1.292371133251918602e-01
-1.292363197224955240e-01
-1.292354985086438812e-01
-1.292346487265139399e-01
-1.292337693857182057e-01
-1.292328594614539639e-01
-1.292319178933127033e-01
-1.292309435840477694e-01
-1.292299353983003829e-01
-1.292288921612805563e-01
-1.292278126574028796e-01
-1.292266956288754265e-01
-1.292255397742392842e-01
-1.292243437468582334e-01
-1.292231061533558323e-01
-1.292218255519986536e-01
-1.292205004510241506e-01
-1.292191293069103464e-01
-1.292177105225858769e-01
-1.292162424455786940e-01
-1.292147233661003758e-01
-1.292131515150649335e-01
-1.292115250620393396e-01
-1.292098421131232799e-01
-1.292081007087559075e-01
-1.292062988214473795e-01
-1.292044343534324014e-01
-1.292025051342427233e-01
-1.292005089181966493e-01
-1.291984433818022249e-01
-1.291963061210710528e-01
-1.291940946487399600e-01
-1.291918063913974624e-01
-1.291894386865119759e-01
-1.291869887793579141e-01
-1.291844538198361481e-01
-1.291818308591860809e-01
-1.291791168465855899e-01
-1.291763086256337012e-01
-1.291734029307137488e-01
-1.291703963832322166e-01
-1.291672854877290721e-01
-1.291640666278557059e-01
-1.291607360622152034e-01
-1.291572899200613411e-01
-1.291537241968510330e-01
-1.291500347496452317e-01
-1.291462172923546758e-01
-1.291422673908223240e-01
-1.291381804577398928e-01
-1.291339517473922005e-01
-1.291295763502232630e-01
-1.291250491872180106e-01
-1.291203650040945450e-01
-1.291155183652995253e-01
-1.291105036478024382e-01
-1.291053150346784251e-01
-1.290999465084762821e-01
-1.290943918443635263e-01
-1.290886446030401202e-01
-1.290826981234153292e-01
-1.290765455150384988e-01
-1.290701796502763399e-01
-1.290635931562289784e-01
-1.290567784063764156e-01
-1.290497275119451281e-01
-1.290424323129890083e-01
-1.290348843691719316e-01
-1.290270749502463454e-01
-1.290189950262144170e-01
-1.290106352571653292e-01
-1.290019859827762627e-01
-1.289930372114670987e-01
-1.289837786091991012e-01
-1.289741994879051168e-01
-1.289642887935412985e-01
-1.289540350937476987e-01
-1.289434265651067113e-01
-1.289324509799864293e-01
-1.289210956929575103e-01
-1.289093476267693661e-01
-1.288971932578737156e-01
-1.288846186014818151e-01
-1.288716091961417676e-01
-1.288581500878206998e-01
-1.288442258134796237e-01
-1.288298203841250766e-01
-1.288149172673229981e-01
-1.287994993691592982e-01
-1.287835490156319374e-01
-1.287670479334587226e-01
-1.287499772302848622e-01
-1.287323173742734028e-01
-1.287140481730629504e-01
-1.286951487520746340e-01
-1.286755975321521028e-01
-1.286553722065170713e-01
-1.286344497170222867e-01
-1.286128062296852670e-01
-1.285904171094838511e-01
-1.285672568943958816e-01
-1.285432992686650899e-01
-1.285185170352745598e-01
-1.284928820876092836e-01
-1.284663653802902150e-01
-1.284389368991598890e-01
-1.284105656304024845e-01
-1.283812195287797331e-01
-1.283508654849639385e-01
-1.283194692919506497e-01
-1.282869956105330833e-01
-1.282534079338201738e-01
-1.282186685507811230e-01
-1.281827385088006865e-01
-1.281455775752279314e-01
-1.281071441979027004e-01
-1.280673954646450452e-01
-1.280262870616926396e-01
-1.279837732310735443e-01
-1.279398067269004735e-01
-1.278943387705764601e-01
-1.278473190048992902e-01
-1.277986954470580194e-01
-1.277484144405120203e-01
-1.276964206057472628e-01
-1.276426567899045517e-01
-1.275870640152779178e-01
-1.275295814266821093e-01
-1.274701462376894578e-01
-1.274086936757425070e-01
-1.273451569261472016e-01
-1.272794670749561874e-01
-1.272115530507542114e-01
-1.271413415653614432e-01
-1.270687570534733413e-01
-1.269937216112592970e-01
-1.269161549339470896e-01
-1.268359742524228784e-01
-1.267530942688821771e-01
-1.266674270915723044e-01
-1.265788821686681387e-01
-1.264873662213351624e-01
-1.263927831760327247e-01
-1.262950340961196127e-01
-1.261940171128297927e-01
-1.260896273556924019e-01
-1.259817568824767031e-01
-1.258702946087507657e-01
-1.257551262371501277e-01
-1.256361341864563608e-01
-1.255131975206018324e-01
-1.253861918777179896e-01
-1.252549893993566421e-01
-1.251194586600208325e-01
-1.249794645971537277e-01
-1.248348684417409510e-01
-1.246855276496927623e-01
-1.245312958341828063e-01
-1.243720226991292810e-01
-1.242075539740157691e-01
-1.240377313502581819e-01
-1.238623924193363313e-01
-1.236813706129171048e-01
-1.234944951452092848e-01
-1.233015909577980795e-01
-1.231024786672191146e-01
-1.228969745155411297e-01
-1.226848903242364064e-01
-1.224660334516279869e-01
-1.222402067542101706e-01
-1.220072085521486244e-01
-1.217668325992736916e-01
-1.215188680578865171e-01
-1.212630994787050331e-01
-1.209993067862811800e-01
-1.207272652702242738e-01
-1.204467455825693339e-01
-1.201575137416291683e-01
-1.198593311426696950e-01
-1.195519545757473545e-01
-1.192351362510394031e-01
-1.189086238319983224e-01
-1.185721604766521581e-01
-1.182254848873591363e-01
-1.178683313693189155e-01
-1.175004298981247863e-01
-1.171215061966255772e-01
-1.167312818213470799e-01
-1.163294742586999525e-01
-1.159157970311775754e-01
-1.154899598137180960e-01
-1.150516685603771710e-01
-1.146006256414223712e-01
-1.141365299909260639e-01
-1.136590772648950198e-01
-1.131679600099317617e-01
-1.126628678423831631e-01
-1.121434876378806095e-01
-1.116095037311315291e-01
-1.110605981257701963e-01
-1.104964507140237390e-01
-1.099167395058957830e-01
-1.093211408675141827e-01
-1.087093297682370230e-01
-1.080809800360500866e-01
-1.074357646207367567e-01
-1.067733558642435659e-01
-1.060934257776103423e-01
-1.053956463237802899e-01
-1.046796897055528031e-01
-1.039452286578939483e-01
-1.031919367437717644e-01
-1.024194886526404447e-01
-1.016275605006597416e-01
-1.008158301316987859e-01
-9.998397741814606110e-02
-9.913168456052129374e-02
-9.825863638486616314e-02
-9.736452063687990599e-02
-9.644902827175695637e-02
-9.551185373868738282e-02
-9.455269525898651883e-02
-9.357125509683519859e-02
-9.256723982163389541e-02
-9.154036056100395280e-02
-9.049033324350505558e-02
-8.941687883017819527e-02
-8.831972353407811782e-02
-8.719859902701056209e-02
-8.605324263275451746e-02
-8.488339750611605117e-02
-8.368881279723269784e-02
-8.246924380062410631e-02
-8.122445208856575449e-02
-7.995420562844458845e-02
-7.865827888384266386e-02
-7.733645289918060495e-02
-7.598851536784217986e-02
-7.461426068378645970e-02
-7.321348997674412273e-02
-7.178601113117681620e-02
-7.033163878926305956e-02
-6.885019433825328994e-02
-6.734150588261211823e-02
-6.580540820143815361e-02
-6.424174269171774310e-02
-6.265035729803011821e-02
-6.103110642937671637e-02
-5.938385086385626621e-02
-5.770845764194974109e-02
-5.600479994921488819e-02
-5.427275698921939923e-02
-5.251221384756330629e-02
-5.072306134785687509e-02
-4.890519590052896937e-02
-4.705851934534283076e-02
-4.518293878849220097e-02
-4.327836643514065829e-02
-4.134471941825165059e-02
-3.938191962453568146e-02
-3.738989351831559227e-02
-3.536857196408118437e-02
-3.331789004847084817e-02
-3.123778690238077430e-02
-2.912820552386261377e-02
-2.698909260242872074e-02
-2.482039834533988215e-02
-2.262207630640555855e-02
-2.039408321778083538e-02
-1.813637882519758202e-02
-1.584892572702134919e-02
-1.353168921747923033e-02
-1.118463713435946007e-02
-8.807739711438592259e-03
-6.400969435850300572e-03
-3.964300910568405861e-03
-1.497710722137824985e-03
9.988226862499942349e-04
3.525319136275381453e-03
6.081796830573291124e-03
8.668272463381625909e-03
1.128476132578361789e-02
1.393127740559821186e-02
1.660783348199497064e-02
1.931444121493050906e-02
2.205111122952134114e-02
2.481785319548366828e-02
2.761467590178397907e-02
3.044158732665561834e-02
3.329859470314571607e-02
3.618570458036410309e-02
3.910292288061135296e-02
4.205025495256713153e-02
4.502770562072200278e-02
4.803527923123691867e-02
5.107297969441489810e-02
5.414081052396624294e-02
5.723877487324833396e-02
6.036687556865605320e-02
6.352511514033545859e-02
6.671349585038854890e-02
6.993201971873060085e-02
7.318068854675829904e-02
7.645950393897758823e-02
7.976846732273601415e-02
8.310757996619701216e-02
8.647684299468677560e-02
8.987625740553753517e-02
9.330582408154512730e-02
9.676554380315052772e-02
1.002554172594501969e-01
1.037754450581317850e-01
1.073256277344272758e-01
1.109059657591679737e-01
1.145164595460208407e-01
1.181571094579794701e-01
1.218279158131781725e-01
1.255288788900914276e-01
1.292599989321776832e-01
1.292599989321776832e-01
1.292599989321776832e-01
1.292599989321776832e-01
1.292599989321776832e-01
1.292599989321776832e-01
1.292599989321776832e-01
1.292599989321776832e-01
1.292599989321776832e-01
1.292599989321776832e-01
1.292599989321776832e-01
1.292599989321776832e-01
1.292599989321776832e-01
1.292599989321776832e-01
1.292599989321776832e-01
1.292599989321776832e-01
1.292599989321776832e-01
1.292599989321776832e-01
1.292599989321776832e-01
1.292599989321776832e-01
1.292599989321776832e-01
1.292599989321776832e-01
1.292599989321776832e-01
1.292599989321776832e-01
1.292599989321776832e-01
1.292599989321776832e-01
1.292599989321776832e-01
1.292599989321776832e-01
1.292599989321776832e-01
1.292599989321776832e-01
1.292599989321776832e-01
1.292599989321776832e-01
1.292599989321776832e-01
1.292599989321776832e-01
1.292599989321776832e-01
1.292599989321776832e-01
1.292599989321776832e-01
1.292599989321776832e-01
1.292599989321776832e-01
1.292599989321776832e-01
1.292599989321776832e-01
1.292599989321776832e-01
1.292599989321776832e-01
1.292599989321776832e-01
1.292599989321776832e-01
1.292599989321776832e-01
1.292599989321776832e-01
1.292599989321776832e-01
1.292599989321776832e-01
1.292599989321776832e-01
1.292599989321776832e-01
1.292599989321776832e-01
1.292599989321776832e-01
1.292599989321776832e-01
1.292599989321776832e-01
1.292599989321776832e-01
1.292599989321776832e-01
1.292599989321776832e-01
1.292599989321776832e-01
1.292599989321776832e-01
1.292599989321776832e-01
1.292599989321776832e-01
1.292599989321776832e-01
1.292599989321776832e-01
1.292599989321776832e-01
1.292599989321776832e-01
1.292599989321776832e-01
1.292599989321776832e-01
1.292599989321776832e-01
1.292599989321776832e-01
1.292599989321776832e-01
1.292599989321776832e-01
1.292599989321776832e-01
1.292599989321776832e-01
1.292599989321776832e-01
1.292599989321776832e-01
1.292599989321776832e-01
1.292599989321776832e-01
1.292599989321776832e-01
1.292599989321776832e-01
1.292599989321776832e-01
1.292599989321776832e-01
1.292599989321776832e-01
1.292599989321776832e-01
1.292599989321776832e-01
1.292599989321776832e-01
1.292599989321776832e-01
1.292599989321776832e-01
1.292599989321776832e-01
1.292599989321776832e-01
1.292599989321776832e-01
1.292599989321776832e-01
1.292599989321776832e-01
1.292599989321776832e-01
1.292599989321776832e-01
1.292599989321776832e-01
1.292599989321776832e-01
1.292599989321776832e-01
1.292599989321776832e-01
1.292599989321776832e-01
1.292599989321776832e-01
