0.000000000000000000e+00
0.000000000000000000e+00
0.000000000000000000e+00
0.000000000000000000e+00
0.000000000000000000e+00
0.000000000000000000e+00
0.000000000000000000e+00
0.000000000000000000e+00
0.000000000000000000e+00
0.000000000000000000e+00
0.000000000000000000e+00
0.000000000000000000e+00
0.000000000000000000e+00
0.000000000000000000e+00
0.000000000000000000e+00
0.000000000000000000e+00
0.000000000000000000e+00
0.000000000000000000e+00
0.000000000000000000e+00
0.000000000000000000e+00
0.000000000000000000e+00
0.000000000000000000e+00
0.000000000000000000e+00
0.000000000000000000e+00
0.000000000000000000e+00
0.000000000000000000e+00
0.000000000000000000e+00
0.000000000000000000e+00
0.000000000000000000e+00
0.000000000000000000e+00
0.000000000000000000e+00
0.000000000000000000e+00
0.000000000000000000e+00
0.000000000000000000e+00
0.000000000000000000e+00
0.000000000000000000e+00
0.000000000000000000e+00
0.000000000000000000e+00
0.000000000000000000e+00
0.000000000000000000e+00
0.000000000000000000e+00
0.000000000000000000e+00
0.000000000000000000e+00
0.000000000000000000e+00
0.000000000000000000e+00
0.000000000000000000e+00
0.000000000000000000e+00
0.000000000000000000e+00
0.000000000000000000e+00
0.000000000000000000e+00
0.000000000000000000e+00
0.000000000000000000e+00
0.000000000000000000e+00
0.000000000000000000e+00
0.000000000000000000e+00
0.000000000000000000e+00
0.000000000000000000e+00
0.000000000000000000e+00
0.000000000000000000e+00
0.000000000000000000e+00
0.000000000000000000e+00
0.000000000000000000e+00
0.000000000000000000e+00
0.000000000000000000e+00
0.000000000000000000e+00
0.000000000000000000e+00
0.000000000000000000e+00
0.000000000000000000e+00
0.000000000000000000e+00
0.000000000000000000e+00
0.000000000000000000e+00
0.000000000000000000e+00
0.000000000000000000e+00
0.000000000000000000e+00
0.000000000000000000e+00
0.000000000000000000e+00
0.000000000000000000e+00
0.000000000000000000e+00
0.000000000000000000e+00
0.000000000000000000e+00
0.000000000000000000e+00
0.000000000000000000e+00
0.000000000000000000e+00
0.000000000000000000e+00
0.000000000000000000e+00
0.000000000000000000e+00
0.000000000000000000e+00
0.000000000000000000e+00
0.000000000000000000e+00
0.000000000000000000e+00
0.000000000000000000e+00
0.000000000000000000e+00
0.000000000000000000e+00
0.000000000000000000e+00
0.000000000000000000e+00
0.000000000000000000e+00
0.000000000000000000e+00
0.000000000000000000e+00
0.000000000000000000e+00
0.000000000000000000e+00
0.000000000000000000e+00
-1.773510459886878422e-03
-3.518470500889372184e-03
-5.234992415684151974e-03
-6.923194314579740431e-03
-8.583200265251954980e-03
-1.021514042396040080e-02
-1.181915115738688821e-02
-1.339537515425652525e-02
-1.494396152592756925e-02
-1.646506589516873870e-02
-1.795885047238261062e-02
-1.942548411857892426e-02
-2.086514239445497534e-02
-2.227800759499793185e-02
-2.366426876908836463e-02
-2.502412172365341136e-02
-2.635776901199227140e-02
-2.766541990597428877e-02
-2.894729035189163788e-02
-3.020360290983307994e-02
-3.143458667653081101e-02
-3.264047719172048084e-02
-3.382151632814194009e-02
-3.497795216539621721e-02
-3.611003884796006036e-02
-3.721803642774472454e-02
-3.830221069166671322e-02
-3.936283297477739113e-02
-4.040017995957188857e-02
-4.141453346216922987e-02
-4.240618020611740258e-02
-4.337541158463898566e-02
-4.432252341218290842e-02
-4.524781566619593548e-02
-4.615159222006507550e-02
-4.703416056821579927e-02
-4.789583154437493384e-02
-4.873691903402577186e-02
-4.955773968209345459e-02
-5.035861259690233016e-02
-5.113985905144408095e-02
-5.190180218298579007e-02
-5.264476669203116410e-02
-5.336907854162550868e-02
-5.407506465796868556e-02
-5.476305263326710498e-02
-5.543337043171824713e-02
-5.608634609948025956e-02
-5.672230747943417944e-02
-5.734158193149806876e-02
-5.794449605920156537e-02
-5.853137544317643659e-02
-5.910254438216468870e-02
-5.965832564208977534e-02
-6.019904021368110286e-02
-6.072500707908548567e-02
-6.123654298784269451e-02
-6.173396224254781156e-02
-6.221757649446909427e-02
-6.268769454933557916e-02
-6.314462218345988365e-02
-6.358866197030967060e-02
-6.402011311759660261e-02
-6.443927131490530258e-02
-6.484642859184265584e-02
-6.524187318664846635e-02
-6.562588942517143253e-02
-6.599875761007936714e-02
-6.636075392014281760e-02
-6.671215031939939366e-02
-6.705321447598480700e-02
-6.738420969038852459e-02
-6.770539483287521532e-02
-6.801702428979297665e-02
-6.831934791847552035e-02
-6.861261101043161781e-02
-6.889705426250428144e-02
-6.917291375567494183e-02
-6.944042094118094144e-02
-6.969980263360883721e-02
-6.995128101062655923e-02
-7.019507361901441977e-02
-7.043139338665496685e-02
-7.066044864014583982e-02
-7.088244312770283773e-02
-7.109757604702263145e-02
-7.130604207778315495e-02
-7.150803141846609479e-02
-7.170372982718867250e-02
-7.189331866624690259e-02
-7.207697495007667210e-02
-7.225487139634814704e-02
-7.242717647992150121e-02
-7.259405448939834637e-02
-7.275566558601628819e-02
-7.291216586464235871e-02
-7.306370741663328894e-02
-7.321043839433946654e-02
-7.335250307704108130e-02
-7.349004193811467522e-02
-7.362319171323913891e-02
-7.375208546946102062e-02
-7.387685267494706332e-02
-7.399761926926465283e-02
-7.411450773403724379e-02
-7.422763716383432020e-02
-7.433712333716294141e-02
-7.444307878743625095e-02
-7.454561287380376267e-02
-7.464483185173739765e-02
-7.474083894327307465e-02
-7.483373440681681532e-02
-7.492361560643043261e-02
-7.501057708052047412e-02
-7.509471060985992152e-02
-7.517610528487714272e-02
-7.525484757215519793e-02
-7.533102138008793136e-02
-7.540470812364705178e-02
-7.547598678821718088e-02
-7.554493399246223206e-02
-7.561162405019036803e-02
-7.567612903118950407e-02
-7.573851882100893218e-02
-7.579886117966735948e-02
-7.585722179926931985e-02
-7.591366436051663613e-02
-7.596825058810521836e-02
-7.602104030499831633e-02
-7.607209148557261824e-02
-7.612146030763275451e-02
-7.616920120329559452e-02
-7.621536690874544662e-02
-7.626000851286404703e-02
-7.630317550473977861e-02
-7.634491582006500132e-02
-7.638527588642871069e-02
-7.642430066751479401e-02
-7.646203370621754147e-02
-7.649851716668495949e-02
-7.653379187530570671e-02
-7.656789736065075513e-02
-7.660087189238670713e-02
-7.663275251917547881e-02
-7.666357510557617050e-02
-7.669337436796688778e-02
-7.672218390950177880e-02
-7.675003625412188391e-02
-7.677696287963783894e-02
-7.680299424990080781e-02
-7.682815984608218352e-02
-7.685248819707787837e-02
-7.687600690905690981e-02
-7.689874269417260044e-02
-7.692072139845471113e-02
-7.694196802890110320e-02
-7.696250677978669352e-02
-7.698236105820829844e-02
-7.700155350888424066e-02
-7.702010603822509460e-02
-7.703803983769472175e-02
-7.705537540647908190e-02
-7.707213257347919622e-02
-7.708833051864713570e-02
-7.710398779368030087e-02
-7.711912234209203354e-02
-7.713375151867424284e-02
-7.714789210836800470e-02
-7.716156034455975976e-02
-7.717477192681573839e-02
-7.718754203807307035e-02
-7.719988536130076295e-02
-7.721181609564539694e-02
-7.722334797207694446e-02
-7.723449426854719913e-02
-7.724526782467691643e-02
-7.725568105598276669e-02
-7.726574596765908853e-02
-7.727547416792637791e-02
-7.728487688096011277e-02
-7.729396495941073808e-02
-7.730274889652841153e-02
-7.731123883790250173e-02
-7.731944459282943938e-02
-7.732737564531780294e-02
-7.733504116474340662e-02
-7.734245001616327220e-02
-7.734961077030041987e-02
-7.735653171320780452e-02
-7.736322085562277739e-02
-7.736968594202067728e-02
-7.737593445937615555e-02
-7.738197364564305958e-02
-7.738781049795953604e-02
-7.739345178058917862e-02
-7.739890403260321627e-02
-7.740417357531484410e-02
-7.740926651947208081e-02
-7.741418877221664663e-02
-7.741894604381718836e-02
-7.742354385418184770e-02
-7.742798753915988708e-02
-7.743228225663681408e-02
-7.743643299243105349e-02
-7.744044456599688542e-02
-7.744432163594142104e-02
-7.744806870536116716e-02
-7.745169012700262035e-02
-7.745519010825438477e-02
-7.745857271597469951e-02
-7.746184188116159164e-02
-7.746500140346787577e-02
-7.746805495556821630e-02
-7.747100608738241578e-02
-7.747385823015964790e-02
-7.747661470042779830e-02
-7.747927870381290938e-02
-7.748185333873150449e-02
-7.748434159996189785e-02
-7.748674638209754328e-02
-7.748907048288519728e-02
-7.749131660645344755e-02
-7.749348736643438262e-02
-7.749558528898117804e-02
-7.749761281568631754e-02
-7.749957230640294736e-02
-7.750146604197241662e-02
-7.750329622686161213e-02
-7.750506499171258556e-02
-7.750677439580752615e-02
-7.750842642945157679e-02
-7.751002301627737956e-02
-7.751156601547162794e-02
-7.751305722392862196e-02
-7.751449837833221390e-02
-7.751589115716753242e-02
-7.751723718266637086e-02
-7.751853802268790505e-02
-7.751979519253668349e-02
-7.752101015671983286e-02
-7.752218433064569925e-02
-7.752331908226559043e-02
-7.752441573366222749e-02
-7.752547556258324035e-02
-7.752649980392470330e-02
-7.752748965116443292e-02
-7.752844625774837906e-02
-7.752937073842955384e-02
-7.753026417056338437e-02
-7.753112759535921161e-02
-7.753196201908960083e-02
-7.753276841426023913e-02
-7.753354772073986489e-02
-7.753430084685244972e-02
-7.753502867043357560e-02
-7.753573203985045237e-02
-7.753641177498890591e-02
-7.753706866820650467e-02
-7.753770348525432232e-02
-7.753831696616705904e-02
-7.753890982612429705e-02
-7.753948275628261277e-02
-7.754003642457910073e-02
-7.754057147650908477e-02
-7.754108853587718397e-02
-7.754158820552312092e-02
-7.754207106802338267e-02
-7.754253768636928945e-02
-7.754298860462230381e-02
-7.754342434854741284e-02
-7.754384542622541621e-02
-7.754425232864411988e-02
-7.754464553027037854e-02
-7.754502548960215402e-02
-7.754539264970281010e-02
-7.754574743871686660e-02
-7.754609027036904467e-02
-7.754642154444554847e-02
-7.754674164726008123e-02
-7.754705095210348564e-02
-7.754734981967917329e-02
-7.754763859852278896e-02
-7.754791762540855227e-02
-7.754818722574144396e-02
-7.754844771393634706e-02
-7.754869939378442045e-02
-7.754894255880726006e-02
-7.754917749259884752e-02
-7.754940446915556396e-02
-7.754962375319621182e-02
-7.754983560047010172e-02
-7.755004025805514734e-02
-7.755023796464569075e-02
-7.755042895083089083e-02
-7.755061343936339724e-02
-7.755079164541886505e-02
-7.755096377684742026e-02
-7.755113003441513331e-02
-7.755129061203855367e-02
-7.755144569701036272e-02
-7.755159547021781008e-02
-7.755174010635393356e-02
-7.755187977412072997e-02
-7.755201463642594217e-02
-7.755214485057318474e-02
-7.755227056844540834e-02
-7.755239193668170272e-02
-7.755250909684827110e-02
-7.755262218560357579e-02
-7.755273133485765524e-02
-7.755283667192588992e-02
-7.755293831967777218e-02
-7.755303639667956994e-02
-7.755313101733310455e-02
-7.755322229200897755e-02
-7.755331032717535655e-02
-7.755339522552176512e-02
-7.755347708607926438e-02
-7.755355600433563867e-02
-7.755363207234669543e-02
-7.755370537884395676e-02
-7.755377600933791027e-02
-7.755384404621792904e-02
-7.755390956884802844e-02
-7.755397265365956971e-02
-7.755403337424063293e-02
-7.755409180142150416e-02
-7.755414800335710956e-02
-7.755420204560722897e-02
-7.755425399121226859e-02
-7.755430390076681335e-02
-7.755435183249068110e-02
-7.755439784229692379e-02
-7.755444198385649801e-02
-7.755448430866099252e-02
-7.755452486608285789e-02
-7.755456370343313810e-02
-7.755460086601642655e-02
-7.755463639718360169e-02
-7.755467033838261970e-02
-7.755470272920653163e-02
-7.755473360744011280e-02
-7.755476300910371656e-02
-7.755479096849518528e-02
-7.755481751822981829e-02
-7.755484268927867464e-02
-7.755486651100465534e-02
-7.755488901119664269e-02
-7.755491021610197433e-02
-7.755493015045669680e-02
-7.755494883751498647e-02
-7.755496629907579487e-02
-7.755498255550893894e-02
-7.755499762577813816e-02
-7.755501152746349658e-02
-7.755502427678204191e-02
-7.755503588860632180e-02
-7.755504637648188981e-02
-7.755505575264340368e-02
-7.755506402802850308e-02
-7.755507121229085477e-02
-7.755507731381097725e-02
-7.755508233970678789e-02
-7.755508629584109692e-02
-7.755508918682882391e-02
-7.755509101604254885e-02
-7.755509178561612038e-02
-7.755509149644715383e-02
-7.755509014819841895e-02
-7.755508773929700728e-02
-7.755508426693294433e-02
-7.755507972705558140e-02
-7.755507411436887710e-02
-7.755506742232556872e-02
-7.755505964311912304e-02
-7.755505076767460482e-02
-7.755504078563854597e-02
-7.755502968536645558e-02
-7.755501745390921964e-02
-7.755500407699852938e-02
-7.755498953902964510e-02
-7.755497382304335496e-02
-7.755495691070654618e-02
-7.755493878229027804e-02
-7.755491941664702238e-02
-7.755489879118596108e-02
-7.755487688184689588e-02
-7.755485366307166006e-02
-7.755482910777497518e-02
-7.755480318731225453e-02
-7.755477587144629648e-02
-7.755474712831258999e-02
-7.755471692438128950e-02
-7.755468522441863466e-02
-7.755465199144587207e-02
-7.755461718669595661e-02
-7.755458076956830982e-02
-7.755454269758163544e-02
-7.755450292632423692e-02
-7.755446140940211452e-02
-7.755441809838511946e-02
-7.755437294275033255e-02
-7.755432588982322240e-02
-7.755427688471602798e-02
-7.755422587026392089e-02
-7.755417278695811434e-02
-7.755411757287675178e-02
-7.755406016361246491e-02
-7.755400049219743353e-02
-7.755393848902539244e-02
-7.755387408177003006e-02
-7.755380719530088895e-02
-7.755373775159565830e-02
-7.755366566964941311e-02
-7.755359086537996771e-02
-7.755351325152989861e-02
-7.755343273756468148e-02
-7.755334922956694244e-02
-7.755326263012737864e-02
-7.755317283823096042e-02
-7.755307974913924762e-02
-7.755298325426798756e-02
-7.755288324106027198e-02
-7.755277959285636347e-02
-7.755267218875658286e-02
-7.755256090348086606e-02
-7.755244560722249214e-02
-7.755232616549681546e-02
-7.755220243898444665e-02
-7.755207428336888253e-02
-7.755194154916802973e-02
-7.755180408156017724e-02
-7.755166172020330762e-02
-7.755151429904802440e-02
-7.755136164614465089e-02
-7.755120358344200215e-02
-7.755103992658005096e-02
-7.755087048467537714e-02
-7.755069506009801272e-02
-7.755051344824162585e-02
-7.755032543728482275e-02
-7.755013080794440072e-02
-7.754992933321944171e-02
-7.754972077812680165e-02
-7.754950489942744052e-02
-7.754928144534276035e-02
-7.754905015526122880e-02
-7.754881075943473312e-02
-7.754856297866410952e-02
-7.754830652397384783e-02
-7.754804109627541631e-02
-7.754776638601865169e-02
-7.754748207283121419e-02
-7.754718782514499753e-02
-7.754688329981032635e-02
-7.754656814169572088e-02
-7.754624198327433882e-02
-7.754590444419598438e-02
-7.754555513084385177e-02
-7.754519363587628056e-02
-7.754481953775185787e-02
-7.754443240023897732e-02
-7.754403177190763441e-02
-7.754361718560373595e-02
-7.754318815790481323e-02
-7.754274418855769402e-02
-7.754228475989563552e-02
-7.754180933623547323e-02
-7.754131736325450830e-02
-7.754080826734519039e-02
-7.754028145494704094e-02
-7.753973631185581694e-02
-7.753917220250935993e-02
-7.753858846924735482e-02
-7.753798443154638620e-02
-7.753735938522807181e-02
-7.753671260163944035e-02
-7.753604332680610889e-02
-7.753535078055465157e-02
-7.753463415560554739e-02
-7.753389261663393150e-02
-7.753312529929898278e-02
-7.753233130923833927e-02
-7.753150972102892946e-02
-7.753065957711061107e-02
-7.752977988667400511e-02
-7.752886962450863950e-02
-7.752792772981167979e-02
-7.752695310495558156e-02
-7.752594461421327687e-02
-7.752490108243895173e-02
-7.752382129370358199e-02
-7.752270398988288236e-02
-7.752154786919659979e-02
-7.752035158469813836e-02
-7.751911374271119870e-02
-7.751783290121253001e-02
-7.751650756815962884e-02
-7.751513619975955449e-02
-7.751371719867930499e-02
-7.751224891219411772e-02
-7.751072963027080820e-02
-7.750915758358770113e-02
-7.750753094148317424e-02
-7.750584780983652000e-02
-7.750410622887357603e-02
-7.750230417089867818e-02
-7.750043953794744089e-02
-7.749851015935924070e-02
-7.749651378926643297e-02
-7.749444810399722106e-02
-7.749231069938955496e-02
-7.749009908801238189e-02
-7.748781069629209761e-02
-7.748544286154046556e-02
-7.748299282888013173e-02
-7.748045774806568142e-02
-7.747783467019513093e-02
-7.747512054430952255e-02
-7.747231221387571032e-02
-7.746940641314933873e-02
-7.746639976341349043e-02
-7.746328876908893657e-02
-7.746006981371163225e-02
-7.745673915577322433e-02
-7.745329292441981150e-02
-7.744972711500429374e-02
-7.744603758448737052e-02
-7.744222004668233073e-02
-7.743827006733818019e-02
-7.743418305905601373e-02
-7.742995427603296954e-02
-7.742557880862815933e-02
-7.742105157774466229e-02
-7.741636732902135165e-02
-7.741152062682872537e-02
-7.740650584806202383e-02
-7.740131717572487635e-02
-7.739594859229718959e-02
-7.739039387287954819e-02
-7.738464657810759095e-02
-7.737870004682811942e-02
-7.737254738853024949e-02
-7.736618147552258573e-02
-7.735959493484909077e-02
-7.735278013993523993e-02
-7.734572920195509349e-02
-7.733843396091159839e-02
-7.733088597641975259e-02
-7.732307651818429162e-02
-7.731499655616171085e-02
-7.730663675039690930e-02
-7.729798744052418513e-02
-7.728903863492213311e-02
-7.727977999951191057e-02
-7.727020084618786699e-02
-7.726029012086874093e-02
-7.725003639115851639e-02
-7.723942783360460140e-02
-7.722845222054158798e-02
-7.721709690650742364e-02
-7.720534881422007334e-02
-7.719319442010091903e-02
-7.718061973933168507e-02
-7.716761031043162244e-02
-7.715415117934038003e-02
-7.714022688299243535e-02
-7.712582143236867971e-02
-7.711091829501028061e-02
-7.709550037697909808e-02
-7.707955000424990266e-02
-7.706304890351824144e-02
-7.704597818240763174e-02
-7.702831830906031740e-02
-7.701004909109465668e-02
-7.699114965391225252e-02
-7.697159841833789429e-02
-7.695137307757496381e-02
-7.693045057345884730e-02
-7.690880707198990973e-02
-7.688641793812946157e-02
-7.686325770983948313e-02
-7.683930007134832929e-02
-7.681451782562422059e-02
-7.678888286603796631e-02
-7.676236614719653129e-02
-7.673493765492896135e-02
-7.670656637540659850e-02
-7.667722026337867036e-02
-7.664686620950535156e-02
-7.661547000677051966e-02
-7.658299631595588686e-02
-7.654940863015913255e-02
-7.651466923833888378e-02
-7.647873918786976533e-02
-7.644157824609092156e-02
-7.640314486083278622e-02
-7.636339611990605736e-02
-7.632228770953956853e-02
-7.627977387175291502e-02
-7.623580736065053987e-02
-7.619033939762724639e-02
-7.614331962547307708e-02
-7.609469606136964881e-02
-7.604441504876913172e-02
-7.599242120815044577e-02
-7.593865738664773435e-02
-7.588306460654838104e-02
-7.582558201266037523e-02
-7.576614681854990097e-02
-7.570469425165367305e-02
-7.564115749727196025e-02
-7.557546764145173235e-02
-7.550755361277243505e-02
-7.543734212304900599e-02
-7.536475760697222692e-02
-7.528972216070670131e-02
-7.521215547947540658e-02
-7.513197479416004743e-02
-7.504909480695183543e-02
-7.496342762609335686e-02
-7.487488269975546562e-02
-7.478336674909977222e-02
-7.468878370058180949e-02
-7.459103461755671460e-02
-7.449001763125503994e-02
-7.438562787120238384e-02
-7.427775739516497000e-02
-7.416629511870775904e-02
-7.405112674446241716e-02
-7.393213469120747672e-02
-7.380919802287244647e-02
-7.368219237758630302e-02
-7.355098989689799749e-02
-7.341545915530807431e-02
-7.327546509025721633e-02
-7.313086893272842393e-02
-7.298152813862963939e-02
-7.282729632113214835e-02
-7.266802318415202522e-02
-7.250355445717061864e-02
-7.233373183160189679e-02
-7.215839289892343744e-02
-7.197737109080014350e-02
-7.179049562143888230e-02
-7.159759143242358514e-02
-7.139847914028776832e-02
-7.119297498709850625e-02
-7.098089079432649828e-02
-7.076203392029314920e-02
-7.053620722149120392e-02
-7.030320901808492784e-02
-7.006283306390316545e-02
-6.981486852124565989e-02
-6.955909994082913606e-02
-6.929530724720416035e-02
-6.902326572997886933e-02
-6.874274604118701948e-02
-6.845351419914033619e-02
-6.815533159910383554e-02
-6.784795503113247306e-02
-6.753113670540231150e-02
-6.720462428536515265e-02
-6.686816092904801501e-02
-6.652148533880837544e-02
-6.616433181984490708e-02
-6.579643034775008170e-02
-6.541750664537186732e-02
-6.502728226923516763e-02
-6.462547470575014108e-02
-6.421179747740937693e-02
-6.378596025915021783e-02
-6.334766900502772358e-02
-6.289662608530890986e-02
-6.243253043406546410e-02
-6.195507770730337288e-02
-6.146396045162483279e-02
-6.095886828337612751e-02
-6.043948807818808056e-02
-5.990550417076792589e-02
-5.935659856474932716e-02
-5.879245115235898905e-02
-5.821273994359989906e-02
-5.761714130459978656e-02
-5.700533020471629936e-02
-5.637698047193490797e-02
-5.573176505603874564e-02
-5.506935629897399820e-02
-5.438942621178029235e-02
-5.369164675740047132e-02
-5.297569013863373533e-02
-5.224122909044597723e-02
-5.148793717580495838e-02
-5.071548908416465690e-02
-4.992356093168472120e-02
-4.911183056223419191e-02
-4.827997784820142746e-02
-4.742768499010596023e-02
-4.655463681398944176e-02
-4.566052106555090750e-02
-4.474502869998477766e-02
-4.380785416648123876e-02
-4.284869568635545772e-02
-4.186725552378797038e-02
-4.086324024817920147e-02
-3.983636098715073737e-02
-3.878633366926207554e-02
-3.771287925555436016e-02
-3.661572395908225391e-02
-3.549459945165149566e-02
-3.434924305704130376e-02
-3.317939793005761362e-02
-3.198481322083794598e-02
-3.076524422390200866e-02
-2.952045251152529345e-02
-2.825020605109478805e-02
-2.695427930619257936e-02
-2.563245332123943732e-02
-2.428451578961905374e-02
-2.291026110529061077e-02
-2.150949039798478665e-02
-2.008201155216327721e-02
-1.862763921000469905e-02
-1.714619475875950316e-02
-1.563750630289233862e-02
-1.410140862150185796e-02
-1.253774311157448453e-02
-1.094635771768949148e-02
-9.327106848848343984e-03
-7.679851283149797571e-03
-6.004458061074808249e-03
-4.300800368181187383e-03
-2.568757408036648378e-03
-8.082142662412154050e-04
9.809382335948318380e-04
2.798803681042610642e-03
4.645480236338882067e-03
6.521060793289928936e-03
8.425633146732166429e-03
1.035928016370214755e-02
1.232207995748940514e-02
1.431410606377114814e-02
1.633542761805760815e-02
1.838610953371039650e-02
2.046621267983341277e-02
2.257579405837501288e-02
2.471490697982289819e-02
2.688360123691636849e-02
2.908192327584602915e-02
3.130991636445687454e-02
3.356762075701706649e-02
3.585507385516122775e-02
3.817231036466231520e-02
4.051936244773220869e-02
4.289625987059441509e-02
4.530303014611537782e-02
4.773969867132143302e-02
5.020628885966770677e-02
5.270282226796294683e-02
5.522931871788756830e-02
5.778579641207663709e-02
6.037227204476822845e-02
6.298876090704574882e-02
6.563527698672831645e-02
6.831183306298559132e-02
7.101844079577447622e-02
7.375511081021152160e-02
7.652185277601307456e-02
7.931867548214580066e-02
8.214558690684319042e-02
8.500259428315259935e-02
8.788970416018378196e-02
9.080692246023776282e-02
9.375425453199448533e-02
9.673170519994463146e-02
9.973927881024940989e-02
1.027769792732120130e-01
1.058448101025428745e-01
1.089427744515996249e-01
1.120708751467773268e-01
1.152291147182223086e-01
1.184174954280365621e-01
1.216360192961357389e-01
1.248846881239166623e-01
1.281635035158855407e-01
1.314724668993902390e-01
1.348115795425942343e-01
1.381808425708239141e-01
1.415802569814119949e-01
1.450098236571543686e-01
1.484695433784923302e-01
1.519594168345226315e-01
1.554794446329330060e-01
1.590296273089557011e-01
1.626099653334221462e-01
1.662204591199996639e-01
1.698611090316821115e-01
1.735319153866039243e-01
1.772328784632399845e-01
1.809639985050487399e-01
1.809639985050487399e-01
1.809639985050487399e-01
1.809639985050487399e-01
1.809639985050487399e-01
1.809639985050487399e-01
1.809639985050487399e-01
1.809639985050487399e-01
1.809639985050487399e-01
1.809639985050487399e-01
1.809639985050487399e-01
1.809639985050487399e-01
1.809639985050487399e-01
1.809639985050487399e-01
1.809639985050487399e-01
1.809639985050487399e-01
1.809639985050487399e-01
1.809639985050487399e-01
1.809639985050487399e-01
1.809639985050487399e-01
1.809639985050487399e-01
1.809639985050487399e-01
1.809639985050487399e-01
1.809639985050487399e-01
1.809639985050487399e-01
1.809639985050487399e-01
1.809639985050487399e-01
1.809639985050487399e-01
1.809639985050487399e-01
1.809639985050487399e-01
1.809639985050487399e-01
1.809639985050487399e-01
1.809639985050487399e-01
1.809639985050487399e-01
1.809639985050487399e-01
1.809639985050487399e-01
1.809639985050487399e-01
1.809639985050487399e-01
1.809639985050487399e-01
1.809639985050487399e-01
1.809639985050487399e-01
1.809639985050487399e-01
1.809639985050487399e-01
1.809639985050487399e-01
1.809639985050487399e-01
1.809639985050487399e-01
1.809639985050487399e-01
1.809639985050487399e-01
1.809639985050487399e-01
1.809639985050487399e-01
1.809639985050487399e-01
1.809639985050487399e-01
1.809639985050487399e-01
1.809639985050487399e-01
1.809639985050487399e-01
1.809639985050487399e-01
1.809639985050487399e-01
1.809639985050487399e-01
1.809639985050487399e-01
1.809639985050487399e-01
1.809639985050487399e-01
1.809639985050487399e-01
1.809639985050487399e-01
1.809639985050487399e-01
1.809639985050487399e-01
1.809639985050487399e-01
1.809639985050487399e-01
1.809639985050487399e-01
1.809639985050487399e-01
1.809639985050487399e-01
1.809639985050487399e-01
1.809639985050487399e-01
1.809639985050487399e-01
1.809639985050487399e-01
1.809639985050487399e-01
1.809639985050487399e-01
1.809639985050487399e-01
1.809639985050487399e-01
1.809639985050487399e-01
1.809639985050487399e-01
1.809639985050487399e-01
1.809639985050487399e-01
1.809639985050487399e-01
1.809639985050487399e-01
1.809639985050487399e-01
1.809639985050487399e-01
1.809639985050487399e-01
1.809639985050487399e-01
1.809639985050487399e-01
1.809639985050487399e-01
1.809639985050487399e-01
1.809639985050487399e-01
1.809639985050487399e-01
1.809639985050487399e-01
1.809639985050487399e-01
1.809639985050487399e-01
1.809639985050487399e-01
1.809639985050487399e-01
1.809639985050487399e-01
1.809639985050487399e-01
1.809639985050487399e-01
