0.000000000000000000e+00
0.000000000000000000e+00
0.000000000000000000e+00
0.000000000000000000e+00
0.000000000000000000e+00
0.000000000000000000e+00
0.000000000000000000e+00
0.000000000000000000e+00
0.000000000000000000e+00
0.000000000000000000e+00
0.000000000000000000e+00
0.000000000000000000e+00
0.000000000000000000e+00
0.000000000000000000e+00
0.000000000000000000e+00
0.000000000000000000e+00
0.000000000000000000e+00
0.000000000000000000e+00
0.000000000000000000e+00
0.000000000000000000e+00
0.000000000000000000e+00
0.000000000000000000e+00
0.000000000000000000e+00
0.000000000000000000e+00
0.000000000000000000e+00
0.000000000000000000e+00
0.000000000000000000e+00
0.000000000000000000e+00
0.000000000000000000e+00
0.000000000000000000e+00
0.000000000000000000e+00
0.000000000000000000e+00
0.000000000000000000e+00
0.000000000000000000e+00
0.000000000000000000e+00
0.000000000000000000e+00
0.000000000000000000e+00
0.000000000000000000e+00
0.000000000000000000e+00
0.000000000000000000e+00
0.000000000000000000e+00
0.000000000000000000e+00
0.000000000000000000e+00
0.000000000000000000e+00
0.000000000000000000e+00
0.000000000000000000e+00
0.000000000000000000e+00
0.000000000000000000e+00
0.000000000000000000e+00
0.000000000000000000e+00
0.000000000000000000e+00
0.000000000000000000e+00
0.000000000000000000e+00
0.000000000000000000e+00
0.000000000000000000e+00
0.000000000000000000e+00
0.000000000000000000e+00
0.000000000000000000e+00
0.000000000000000000e+00
0.000000000000000000e+00
0.000000000000000000e+00
0.000000000000000000e+00
0.000000000000000000e+00
0.000000000000000000e+00
0.000000000000000000e+00
0.000000000000000000e+00
0.000000000000000000e+00
0.000000000000000000e+00
0.000000000000000000e+00
0.000000000000000000e+00
0.000000000000000000e+00
0.000000000000000000e+00
0.000000000000000000e+00
0.000000000000000000e+00
0.000000000000000000e+00
0.000000000000000000e+00
0.000000000000000000e+00
0.000000000000000000e+00
0.000000000000000000e+00
0.000000000000000000e+00
0.000000000000000000e+00
0.000000000000000000e+00
0.000000000000000000e+00
0.000000000000000000e+00
0.000000000000000000e+00
0.000000000000000000e+00
0.000000000000000000e+00
0.000000000000000000e+00
0.000000000000000000e+00
0.000000000000000000e+00
0.000000000000000000e+00
0.000000000000000000e+00
0.000000000000000000e+00
0.000000000000000000e+00
0.000000000000000000e+00
0.000000000000000000e+00
0.000000000000000000e+00
0.000000000000000000e+00
0.000000000000000000e+00
0.000000000000000000e+00
0.000000000000000000e+00
-4.657235060496877493e-03
-9.284311585089986829e-03
-1.388122957594595253e-02
-1.844798903563734521e-02
-2.298458996721510980e-02
-2.749103237429318530e-02
-3.196731626114726610e-02
-3.641344163282993901e-02
-4.082940849530459354e-02
-4.521521685560121739e-02
-4.957086672199709915e-02
-5.389635810422636203e-02
-5.819169101372261010e-02
-6.245686546389925264e-02
-6.669188147047330761e-02
-7.089673905183875580e-02
-7.507143822949625955e-02
-7.921597902854721207e-02
-8.333036147826128337e-02
-8.741458561272708039e-02
-9.146865147159698173e-02
-9.549255910093913668e-02
-9.948630855421017327e-02
-1.034498998933642833e-01
-1.073833331901166144e-01
-1.112866085273792327e-01
-1.151597260008920542e-01
-1.190026857210721017e-01
-1.228154878151077184e-01
-1.265981324293255217e-01
-1.303506197318642368e-01
-1.340729499156879667e-01
-1.377651232019792005e-01
-1.414271398439550520e-01
-1.450590001311466426e-01
-1.486607043942009543e-01
-1.522322530102526439e-01
-1.557736464089287953e-01
-1.592848850790498927e-01
-1.627659695760971803e-01
-1.662169005305202396e-01
-1.696376786569680495e-01
-1.730283047645283234e-01
-1.763887797680687708e-01
-1.797191047007792308e-01
-1.830192807280216771e-01
-1.862893091625993924e-01
-1.895291914815649126e-01
-1.927389293446930829e-01
-1.959185246147512327e-01
-1.990679793797066610e-01
-2.021872959770168454e-01
-2.052764770201547240e-01
-2.083355254275277568e-01
-2.113644444539542755e-01
-2.143632377248656518e-01
-2.173319092734118940e-01
-2.202704635806393973e-01
-2.231789056189332765e-01
-2.260572408988983650e-01
-2.289054755198673685e-01
-2.317236162242179986e-01
-2.345116704556842735e-01
-2.372696464218397305e-01
-2.399975531609297441e-01
-2.426954006132217012e-01
-2.453631996970369322e-01
-2.480009623896133331e-01
-2.506087018129413702e-01
-2.531864323246989512e-01
-2.557341696143946574e-01
-2.582519308048109585e-01
-2.607397345588177706e-01
-2.631976011916031810e-01
-2.656255527883424339e-01
-2.680236133272954069e-01
-2.703918088082970517e-01
-2.727301673865676346e-01
-2.750387195117361960e-01
-2.773174980719310678e-01
-2.795665385427554828e-01
-2.817858791409189045e-01
-2.839755609822583460e-01
-2.861356282438338172e-01
-2.882661283297409116e-01
-2.903671120402347428e-01
-2.924386337437135941e-01
-2.944807515510662332e-01
-2.964935274918379937e-01
-2.984770276916286491e-01
-3.004313225500909734e-01
-3.023564869188555826e-01
-3.042526002786722361e-01
-3.061197469150185868e-01
-3.079580160913974463e-01
-3.097675022195099936e-01
-3.115483050254790887e-01
-3.133005297112618215e-01
-3.150242871103899889e-01
-3.167196938371629744e-01
-3.183868724284149021e-01
-3.200259514769840941e-01
-3.216370657560221336e-01
-3.232203563332960439e-01
-3.247759706746653485e-01
-3.263040627359412582e-01
-3.278047930423769740e-01
-3.292783287550807847e-01
-3.307248437236939842e-01
-3.321445185247354215e-01
-3.335375404850722814e-01
-3.349041036900475277e-01
-3.362444089758728771e-01
-3.375586639059586225e-01
-3.388470827309476574e-01
-3.401098863322968291e-01
-3.413473021493341752e-01
-3.425595640898118632e-01
-3.437469124240583040e-01
-3.449095936629235082e-01
-3.460478604197979036e-01
-3.471619712570664928e-01
-3.482521905174519317e-01
-3.493187881407668893e-01
-3.503620394666818183e-01
-3.513822250241817047e-01
-3.523796303084483772e-01
-3.533545455459722318e-01
-3.543072654487444684e-01
-3.552380889584303980e-01
-3.561473189814701734e-01
-3.570352621160809981e-01
-3.579022283721646769e-01
-3.587485308851438570e-01
-3.595744856247647392e-01
-3.603804110999051513e-01
-3.611666280604294843e-01
-3.619334591971237747e-01
-3.626812288407246787e-01
-3.634102626610482556e-01
-3.641208873671724078e-01
-3.648134304096401492e-01
-3.654882196855585574e-01
-3.661455832474759253e-01
-3.667858490168482977e-01
-3.674093445028694394e-01
-3.680163965273862137e-01
-3.686073309565666145e-01
-3.691824724399392355e-01
-3.697421441573602863e-01
-3.702866675744163061e-01
-3.708163622067065512e-01
-3.713315453933997978e-01
-3.718325320804009571e-01
-3.723196346134092782e-01
-3.727931625410975669e-01
-3.732534224285881108e-01
-3.737007176813532117e-01
-3.741353483796205359e-01
-3.745576111233172023e-01
-3.749677988875401158e-01
-3.753662008885112478e-01
-3.757531024599222169e-01
-3.761287849395507088e-01
-3.764935255659943580e-01
-3.768475973853372962e-01
-3.771912691675393670e-01
-3.775248053323143616e-01
-3.778484658842414246e-01
-3.781625063568363476e-01
-3.784671777652922620e-01
-3.787627265675875821e-01
-3.790493946336427888e-01
-3.793274192222115815e-01
-3.795970329651635611e-01
-3.798584638588332063e-01
-3.801119352620921377e-01
-3.803576659008077732e-01
-3.805958698783465932e-01
-3.808267566917855063e-01
-3.810505312534987477e-01
-3.812673939177873561e-01
-3.814775405122292629e-01
-3.816811623734286951e-01
-3.818784463868550860e-01
-3.820695750304700100e-01
-3.822547264218436602e-01
-3.824340743684778721e-01
-3.826077884210572488e-01
-3.827760339293636571e-01
-3.829389721005980185e-01
-3.830967600598612632e-01
-3.832495509125599109e-01
-3.833974938085119022e-01
-3.835407340075369098e-01
-3.836794129463286795e-01
-3.838136683064128918e-01
-3.839436340830104655e-01
-3.840694406546307227e-01
-3.841912148532313220e-01
-3.843090800347923608e-01
-3.844231561501599836e-01
-3.845335598160229407e-01
-3.846404043858990263e-01
-3.847438000210104958e-01
-3.848438537609424337e-01
-3.849406695939812106e-01
-3.850343485270387722e-01
-3.851249886550790480e-01
-3.852126852299662119e-01
-3.852975307286622408e-01
-3.853796149207081023e-01
-3.854590249349295616e-01
-3.855358453253132645e-01
-3.856101581360035779e-01
-3.856820429653783910e-01
-3.857515770291669033e-01
-3.858188352225713214e-01
-3.858838901813675948e-01
-3.859468123419577679e-01
-3.860076700003521322e-01
-3.860665293700662470e-01
-3.861234546389141209e-01
-3.861785080246905033e-01
-3.862317498297301310e-01
-3.862832384943414854e-01
-3.863330306491099542e-01
-3.863811811660695650e-01
-3.864277432087455666e-01
-3.864727682810699116e-01
-3.865163062751761913e-01
-3.865584055180788514e-01
-3.865991128172465707e-01
-3.866384735050776289e-01
-3.866765314822906419e-01
-3.867133292602391581e-01
-3.867489080021667691e-01
-3.867833075634126150e-01
-3.868165665305862699e-01
-3.868487222597230546e-01
-3.868798109134385932e-01
-3.869098674970988250e-01
-3.869389258940206799e-01
-3.869670188997216265e-01
-3.869941782552381859e-01
-3.870204346795259598e-01
-3.870458179009646504e-01
-3.870703566879841739e-01
-3.870940788788274078e-01
-3.871170114104748317e-01
-3.871391803467422732e-01
-3.871606109055739098e-01
-3.871813274855491760e-01
-3.872013536916205090e-01
-3.872207123600999723e-01
-3.872394255829142984e-01
-3.872575147311441146e-01
-3.872750004778672817e-01
-3.872919028203221647e-01
-3.873082411014086013e-01
-3.873240340305436069e-01
-3.873392997038890284e-01
-3.873540556239665200e-01
-3.873683187186780508e-01
-3.873821053597449882e-01
-3.873954313805842986e-01
-3.874083120936369640e-01
-3.874207623071606599e-01
-3.874327963415047371e-01
-3.874444280448810507e-01
-3.874556708086476231e-01
-3.874665375821100266e-01
-3.874770408868654092e-01
-3.874871928306946600e-01
-3.874970051210215316e-01
-3.875064890779436055e-01
-3.875156556468569158e-01
-3.875245154106767842e-01
-3.875330786016752960e-01
-3.875413551129427425e-01
-3.875493545094812475e-01
-3.875570860389467853e-01
-3.875645586420497501e-01
-3.875717809626202381e-01
-3.875787613573513646e-01
-3.875855079052328289e-01
-3.875920284166758378e-01
-3.875983304423493703e-01
-3.876044212817288948e-01
-3.876103079913697513e-01
-3.876159973929118596e-01
-3.876214960808268550e-01
-3.876268104299132045e-01
-3.876319466025481830e-01
-3.876369105557044836e-01
-3.876417080477381205e-01
-3.876463446449553985e-01
-3.876508257279644987e-01
-3.876551564978227837e-01
-3.876593419819809316e-01
-3.876633870400316706e-01
-3.876672963692731066e-01
-3.876710745100866440e-01
-3.876747258511417105e-01
-3.876782546344272884e-01
-3.876816649601191322e-01
-3.876849607912860041e-01
-3.876881459584415879e-01
-3.876912241639465240e-01
-3.876941989862650040e-01
-3.876970738840814779e-01
-3.876998522002819136e-01
-3.877025371658007202e-01
-3.877051319033444354e-01
-3.877076394309899587e-01
-3.877100626656628801e-01
-3.877124044265025660e-01
-3.877146674381140024e-01
-3.877168543337141671e-01
-3.877189676581707101e-01
-3.877210098709418240e-01
-3.877229833489184152e-01
-3.877248903891696852e-01
-3.877267332116010046e-01
-3.877285139615196385e-01
-3.877302347121160953e-01
-3.877318974668655382e-01
-3.877335041618437117e-01
-3.877350566679707011e-01
-3.877365567931758683e-01
-3.877380062844939523e-01
-3.877394068300878960e-01
-3.877407600612050587e-01
-3.877420675540679262e-01
-3.877433308317026484e-01
-3.877445513657054033e-01
-3.877457305779488106e-01
-3.877468698422295024e-01
-3.877479704858646237e-01
-3.877490337912317120e-01
-3.877500609972563961e-01
-3.877510533008501348e-01
-3.877520118583024367e-01
-3.877529377866208993e-01
-3.877538321648301700e-01
-3.877546960352242778e-01
-3.877555304045789963e-01
-3.877563362453197993e-01
-3.877571144966531769e-01
-3.877578660656590959e-01
-3.877585918283434907e-01
-3.877592926306574483e-01
-3.877599692894797556e-01
-3.877606225935694706e-01
-3.877612533044807464e-01
-3.877618621574487889e-01
-3.877624498622458393e-01
-3.877630171040060691e-01
-3.877635645440227208e-01
-3.877640928205186022e-01
-3.877646025493877158e-01
-3.877650943249124627e-01
-3.877655687204542012e-01
-3.877660262891216014e-01
-3.877664675644145742e-01
-3.877668930608437758e-01
-3.877673032745312387e-01
-3.877676986837876871e-01
-3.877680797496687592e-01
-3.877684469165112446e-01
-3.877688006124526687e-01
-3.877691412499275625e-01
-3.877694692261492992e-01
-3.877697849235708372e-01
-3.877700887103332494e-01
-3.877703809406909397e-01
-3.877706619554268652e-01
-3.877709320822488870e-01
-3.877711916361705757e-01
-3.877714409198786960e-01
-3.877716802240865901e-01
-3.877719098278711307e-01
-3.877721299990002368e-01
-3.877723409942426258e-01
-3.877725430596681289e-01
-3.877727364309337954e-01
-3.877729213335603387e-01
-3.877730979831919278e-01
-3.877732665858493188e-01
-3.877734273381707730e-01
-3.877735804276385423e-01
-3.877737260327998037e-01
-3.877738643234731608e-01
-3.877739954609484840e-01
-3.877741195981723177e-01
-3.877742368799277362e-01
-3.877743474430030979e-01
-3.877744514163519174e-01
-3.877745489212416352e-01
-3.877746400713957264e-01
-3.877747249731258172e-01
-3.877748037254571400e-01
-3.877748764202417764e-01
-3.877749431422674586e-01
-3.877750039693563799e-01
-3.877750589724540120e-01
-3.877751082157145923e-01
-3.877751517565732886e-01
-3.877751896458150327e-01
-3.877752219276322521e-01
-3.877752486396770504e-01
-3.877752698131056164e-01
-3.877752854726137510e-01
-3.877752956364668435e-01
-3.877753003165198553e-01
-3.877752995182317530e-01
-3.877752932406710595e-01
-3.877752814765158540e-01
-3.877752642120448900e-01
-3.877752414271209425e-01
-3.877752130951686027e-01
-3.877751791831420825e-01
-3.877751396514874660e-01
-3.877750944540960809e-01
-3.877750435382512073e-01
-3.877749868445659054e-01
-3.877749243069164020e-01
-3.877748558523610445e-01
-3.877747814010581440e-01
-3.877747008661704964e-01
-3.877746141537665725e-01
-3.877745211627106059e-01
-3.877744217845426888e-01
-3.877743159033544273e-01
-3.877742033956534939e-01
-3.877740841302192987e-01
-3.877739579679497783e-01
-3.877738247617004141e-01
-3.877736843561110369e-01
-3.877735365874270812e-01
-3.877733812833064064e-01
-3.877732182626194568e-01
-3.877730473352372087e-01
-3.877728683018113465e-01
-3.877726809535411157e-01
-3.877724850719301841e-01
-3.877722804285312908e-01
-3.877720667846809022e-01
-3.877718438912216570e-01
-3.877716114882103771e-01
-3.877713693046160870e-01
-3.877711170580036004e-01
-3.877708544542048941e-01
-3.877705811869771590e-01
-3.877702969376464193e-01
-3.877700013747333863e-01
-3.877696941535704322e-01
-3.877693749158985792e-01
-3.877690432894511652e-01
-3.877686988875197471e-01
-3.877683413085022401e-01
-3.877679701354377340e-01
-3.877675849355202153e-01
-3.877671852595934165e-01
-3.877667706416290105e-01
-3.877663405981837119e-01
-3.877658946278363938e-01
-3.877654322106041107e-01
-3.877649528073370266e-01
-3.877644558590900292e-01
-3.877639407864743593e-01
-3.877634069889814850e-01
-3.877628538442836614e-01
-3.877622807075122857e-01
-3.877616869105051656e-01
-3.877610717610304736e-01
-3.877604345419807252e-01
-3.877597745105390015e-01
-3.877590908973151951e-01
-3.877583829054500608e-01
-3.877576497096903996e-01
-3.877568904554287155e-01
-3.877561042577084560e-01
-3.877552902001970558e-01
-3.877544473341190123e-01
-3.877535746771556546e-01
-3.877526712123016139e-01
-3.877517358866835462e-01
-3.877507676103366663e-01
-3.877497652549402041e-01
-3.877487276525062310e-01
-3.877476535940218572e-01
-3.877465418280481302e-01
-3.877453910592656428e-01
-3.877441999469701805e-01
-3.877429671035195202e-01
-3.877416910927213856e-01
-3.877403704281692232e-01
-3.877390035715158056e-01
-3.877375889306902135e-01
-3.877361248580559749e-01
-3.877346096484959315e-01
-3.877330415374382611e-01
-3.877314186988136679e-01
-3.877297392429381873e-01
-3.877280012143260457e-01
-3.877262025894248065e-01
-3.877243412742750195e-01
-3.877224151020866039e-01
-3.877204218307330752e-01
-3.877183591401569540e-01
-3.877162246296897985e-01
-3.877140158152772020e-01
-3.877117301266077565e-01
-3.877093649041465362e-01
-3.877069173960636661e-01
-3.877043847550589728e-01
-3.877017640350768346e-01
-3.876990521879088991e-01
-3.876962460596802273e-01
-3.876933423872155338e-01
-3.876903377942810813e-01
-3.876872287876966805e-01
-3.876840117533177921e-01
-3.876806829518766317e-01
-3.876772385146856070e-01
-3.876736744391897638e-01
-3.876699865843726833e-01
-3.876661706660025075e-01
-3.876622222517180916e-01
-3.876581367559464031e-01
-3.876539094346489467e-01
-3.876495353798894428e-01
-3.876450095142194296e-01
-3.876403265848695767e-01
-3.876354811577500392e-01
-3.876304676112432013e-01
-3.876252801297910278e-01
-3.876199126972625919e-01
-3.876143590901006686e-01
-3.876086128702385114e-01
-3.876026673777768217e-01
-3.875965157234164682e-01
-3.875901507806369661e-01
-3.875835651776140534e-01
-3.875767512888663724e-01
-3.875697012266268171e-01
-3.875624068319196702e-01
-3.875548596653468625e-01
-3.875470509975678102e-01
-3.875389717994606187e-01
-3.875306127319613214e-01
-3.875219641355656108e-01
-3.875130160194841800e-01
-3.875037580504427925e-01
-3.874941795411126488e-01
-3.874842694381643859e-01
-3.874740163099279489e-01
-3.874634083336527812e-01
-3.874524332823516826e-01
-3.874410785112172295e-01
-3.874293309436007693e-01
-3.874171770565362216e-01
-3.874046028657964769e-01
-3.873915939104723982e-01
-3.873781352370566644e-01
-3.873642113830169098e-01
-3.873498063598503904e-01
-3.873349036355968611e-01
-3.873194861167996716e-01
-3.873035361298995394e-01
-3.872870354020421235e-01
-3.872699650412860795e-01
-3.872523055161938288e-01
-3.872340366347906127e-01
-3.872151375228707337e-01
-3.871955866016376646e-01
-3.871753615646624791e-01
-3.871544393541339613e-01
-3.871327961363959513e-01
-3.871104072767397319e-01
-3.870872473134481240e-01
-3.870632899310579855e-01
-3.870385079328366729e-01
-3.870128732124435977e-01
-3.869863567247646685e-01
-3.869589284558985209e-01
-3.869305573922767749e-01
-3.869012114889005538e-01
-3.868708576366743923e-01
-3.868394616288175492e-01
-3.868069881263382914e-01
-3.867734006225544974e-01
-3.867386614066372630e-01
-3.867027315261664100e-01
-3.866655707486790217e-01
-3.866271375221976836e-01
-3.865873889347184456e-01
-3.865462806726485123e-01
-3.865037669781803409e-01
-3.864598006055854906e-01
-3.864143327764204550e-01
-3.863673131336322619e-01
-3.863186896945527415e-01
-3.862684088027803497e-01
-3.862164150789351158e-01
-3.861626513702867136e-01
-3.861070586992545461e-01
-3.860495762107742923e-01
-3.859901411185353570e-01
-3.859286886500925551e-01
-3.858651519908609107e-01
-3.857994622269991236e-01
-3.857315482871939150e-01
-3.856613368833641253e-01
-3.855887524503001096e-01
-3.855137170842639627e-01
-3.854361504805716709e-01
-3.853559698701960468e-01
-3.852730899554159816e-01
-3.851874228445586468e-01
-3.850988779858768307e-01
-3.850073621006102620e-01
-3.849127791152908706e-01
-3.848150300933474988e-01
-3.847140131660822249e-01
-3.846096234630904664e-01
-3.845017530422047969e-01
-3.843902908190546253e-01
-3.842751224963338874e-01
-3.841561304928811094e-01
-3.840331938726839756e-01
-3.839061882739271958e-01
-3.837749858382146773e-01
-3.836394551400992281e-01
-3.834994611170730039e-01
-3.833548650001674662e-01
-3.832055242453382693e-01
-3.830512924658027174e-01
-3.828920193655196424e-01
-3.827275506740148714e-01
-3.825577280827432425e-01
-3.823823891832225375e-01
-3.822013674071569334e-01
-3.820144919687908924e-01
-3.818215878097444005e-01
-3.816224755465860152e-01
-3.814169714214168394e-01
-3.812048872557407542e-01
-3.809860304079106808e-01
-3.807602037344495205e-01
-3.805272055555510846e-01
-3.802868296250729863e-01
-3.800388651053434597e-01
-3.797830965471051812e-01
-3.795193038749358205e-01
-3.792472623784683972e-01
-3.789667427097611618e-01
-3.786775108871489604e-01
-3.783793283059191381e-01
-3.780719517561483833e-01
-3.777551334480346856e-01
-3.774286210450508161e-01
-3.770921577052435136e-01
-3.767454821309892399e-01
-3.763883286275051532e-01
-3.760204271704017387e-01
-3.756415034825446586e-01
-3.752512791204756226e-01
-3.748494715706210401e-01
-3.744357943554890711e-01
-3.740099571500324904e-01
-3.735716659083213043e-01
-3.731206230006359204e-01
-3.726565273610618623e-01
-3.721790746456191123e-01
-3.716879574009226972e-01
-3.711828652433316056e-01
-3.706634850484883392e-01
-3.701295011511121502e-01
-3.695805955548472910e-01
-3.690164481519322970e-01
-3.684367369523802727e-01
-3.678411383223292863e-01
-3.672293272311469292e-01
-3.666009775068282406e-01
-3.659557620991651938e-01
-3.652933533501126484e-01
-3.646134232707191059e-01
-3.639156438239357638e-01
-3.631996872125689557e-01
-3.624652261715924362e-01
-3.617119342639799062e-01
-3.609394861791939690e-01
-3.601475580334015381e-01
-3.593358276704775589e-01
-3.585039749628174399e-01
-3.576516821109457234e-01
-3.567786339409109719e-01
-3.558845181984174322e-01
-3.549690258386653530e-01
-3.540318513108490217e-01
-3.530726928362895589e-01
-3.520912526791711294e-01
-3.510872374088994108e-01
-3.500603581531006037e-01
-3.490103308403383342e-01
-3.479368764316573825e-01
-3.468397211401166857e-01
-3.457185966375245778e-01
-3.445732402476645029e-01
-3.434033951253448458e-01
-3.422088104207068882e-01
-3.409892414282736373e-01
-3.397444497203230829e-01
-3.384742032642443221e-01
-3.371782765236222557e-01
-3.358564505428798808e-01
-3.345085130154037967e-01
-3.331342583351551423e-01
-3.317334876318669967e-01
-3.303060087900025477e-01
-3.288516364517427015e-01
-3.273701920043395330e-01
-3.258615035522585690e-01
-3.243254058746006252e-01
-3.227617403683538666e-01
-3.211703549780989264e-01
-3.195511041128376584e-01
-3.179038485506704981e-01
-3.162284553320796054e-01
-3.145247976426238656e-01
-3.127927546858724761e-01
-3.110322115474265514e-01
-3.092430590508968846e-01
-3.074251936067132762e-01
-3.055785170546391205e-01
-3.037029365008695470e-01
-3.017983641505687098e-01
-2.998647171367011532e-01
-2.979019173459777070e-01
-2.959098912427219341e-01
-2.938885696914242951e-01
-2.918378877787234371e-01
-2.897577846355162690e-01
-2.876482032598551841e-01
-2.855090903412530468e-01
-2.833403960869710358e-01
-2.811420740508189242e-01
-2.789140809649529595e-01
-2.766563765751054449e-01
-2.743689234796423682e-01
-2.720516869727910292e-01
-2.697046348923396453e-01
-2.673277374720653965e-01
-2.649209671991029635e-01
-2.624842986764264752e-01
-2.600177084905808678e-01
-2.575211750847578585e-01
-2.549946786372775942e-01
-2.524382009455056752e-01
-2.498517253152044704e-01
-2.472352364552905246e-01
-2.445887203779457397e-01
-2.419121643040007541e-01
-2.392055565734997058e-01
-2.364688865613263358e-01
-2.337021445977650325e-01
-2.309053218938495744e-01
-2.280784104713468874e-01
-2.252214030972105874e-01
-2.223342932223310864e-01
-2.194170749244085117e-01
-2.164697428547636138e-01
-2.134922921889066405e-01
-2.104847185806769660e-01
-2.074470181197719532e-01
-2.043791872924817232e-01
-2.012812229454498114e-01
-1.981531222522815439e-01
-1.949948826828313830e-01
-1.918065019749982669e-01
-1.885879781088674045e-01
-1.853393092830425692e-01
-1.820604938930182881e-01
-1.787515305114474595e-01
-1.754124178701673142e-01
-1.720431548438523806e-01
-1.686437404351705249e-01
-1.652141737613267714e-01
-1.617544540418804078e-01
-1.582645805877359868e-01
-1.547445527912063024e-01
-1.511943701170599952e-01
-1.476140320944664963e-01
-1.440035383097589272e-01
-1.403628883999443189e-01
-1.366920820468893738e-01
-1.329911189721196263e-01
-1.292599989321776832e-01
-1.292599989321776832e-01
-1.292599989321776832e-01
-1.292599989321776832e-01
-1.292599989321776832e-01
-1.292599989321776832e-01
-1.292599989321776832e-01
-1.292599989321776832e-01
-1.292599989321776832e-01
-1.292599989321776832e-01
-1.292599989321776832e-01
-1.292599989321776832e-01
-1.292599989321776832e-01
-1.292599989321776832e-01
-1.292599989321776832e-01
-1.292599989321776832e-01
-1.292599989321776832e-01
-1.292599989321776832e-01
-1.292599989321776832e-01
-1.292599989321776832e-01
-1.292599989321776832e-01
-1.292599989321776832e-01
-1.292599989321776832e-01
-1.292599989321776832e-01
-1.292599989321776832e-01
-1.292599989321776832e-01
-1.292599989321776832e-01
-1.292599989321776832e-01
-1.292599989321776832e-01
-1.292599989321776832e-01
-1.292599989321776832e-01
-1.292599989321776832e-01
-1.292599989321776832e-01
-1.292599989321776832e-01
-1.292599989321776832e-01
-1.292599989321776832e-01
-1.292599989321776832e-01
-1.292599989321776832e-01
-1.292599989321776832e-01
-1.292599989321776832e-01
-1.292599989321776832e-01
-1.292599989321776832e-01
-1.292599989321776832e-01
-1.292599989321776832e-01
-1.292599989321776832e-01
-1.292599989321776832e-01
-1.292599989321776832e-01
-1.292599989321776832e-01
-1.292599989321776832e-01
-1.292599989321776832e-01
-1.292599989321776832e-01
-1.292599989321776832e-01
-1.292599989321776832e-01
-1.292599989321776832e-01
-1.292599989321776832e-01
-1.292599989321776832e-01
-1.292599989321776832e-01
-1.292599989321776832e-01
-1.292599989321776832e-01
-1.292599989321776832e-01
-1.292599989321776832e-01
-1.292599989321776832e-01
-1.292599989321776832e-01
-1.292599989321776832e-01
-1.292599989321776832e-01
-1.292599989321776832e-01
-1.292599989321776832e-01
-1.292599989321776832e-01
-1.292599989321776832e-01
-1.292599989321776832e-01
-1.292599989321776832e-01
-1.292599989321776832e-01
-1.292599989321776832e-01
-1.292599989321776832e-01
-1.292599989321776832e-01
-1.292599989321776832e-01
-1.292599989321776832e-01
-1.292599989321776832e-01
-1.292599989321776832e-01
-1.292599989321776832e-01
-1.292599989321776832e-01
-1.292599989321776832e-01
-1.292599989321776832e-01
-1.292599989321776832e-01
-1.292599989321776832e-01
-1.292599989321776832e-01
-1.292599989321776832e-01
-1.292599989321776832e-01
-1.292599989321776832e-01
-1.292599989321776832e-01
-1.292599989321776832e-01
-1.292599989321776832e-01
-1.292599989321776832e-01
-1.292599989321776832e-01
-1.292599989321776832e-01
-1.292599989321776832e-01
-1.292599989321776832e-01
-1.292599989321776832e-01
-1.292599989321776832e-01
-1.292599989321776832e-01
-1.292599989321776832e-01
