2.269996488124243968e+19
2.269996488124243968e+19
2.269996488124243968e+19
2.269996488124243968e+19
2.269996488124243968e+19
2.269996488124243968e+19
2.269996488124243968e+19
2.269996488124243968e+19
2.269996488124243968e+19
2.269996488124243968e+19
2.269996488124243968e+19
2.269996488124243968e+19
2.269996488124243968e+19
2.269996488124243968e+19
2.269996488124243968e+19
2.269996488124243968e+19
2.269996488124243968e+19
2.269996488124243968e+19
2.269996488124243968e+19
2.269996488124243968e+19
2.269996488124243968e+19
2.269996488124243968e+19
2.269996488124243968e+19
2.269996488124243968e+19
2.269996488124243968e+19
2.269996488124243968e+19
2.269996488124243968e+19
2.269996488124243968e+19
2.269996488124243968e+19
2.269996488124243968e+19
2.269996488124243968e+19
2.269996488124243968e+19
2.269996488124243968e+19
2.269996488124243968e+19
2.269996488124243968e+19
2.269996488124243968e+19
2.269996488124243968e+19
2.269996488124243968e+19
2.269996488124243968e+19
2.269996488124243968e+19
2.269996488124243968e+19
2.269996488124243968e+19
2.269996488124243968e+19
2.269996488124243968e+19
2.269996488124243968e+19
2.269996488124243968e+19
2.269996488124243968e+19
2.269996488124243968e+19
2.269996488124243968e+19
2.269996488124243968e+19
2.269996488124243968e+19
2.269996488124243968e+19
2.269996488124243968e+19
2.269996488124243968e+19
2.269996488124243968e+19
2.269996488124243968e+19
2.269996488124243968e+19
2.269996488124243968e+19
2.269996488124243968e+19
2.269996488124243968e+19
2.269996488124243968e+19
2.269996488124243968e+19
2.269996488124243968e+19
2.269996488124243968e+19
2.269996488124243968e+19
2.269996488124243968e+19
2.269996488124243968e+19
2.269996488124243968e+19
2.269996488124243968e+19
2.269996488124243968e+19
2.269996488124243968e+19
2.269996488124243968e+19
2.269996488124243968e+19
2.269996488124243968e+19
2.269996488124243968e+19
2.269996488124243968e+19
2.269996488124243968e+19
2.269996488124243968e+19
2.269996488124243968e+19
2.269996488124243968e+19
2.269996488124243968e+19
2.269996488124243968e+19
2.269996488124243968e+19
2.269996488124243968e+19
2.269996488124243968e+19
2.269996488124243968e+19
2.269996488124243968e+19
2.269996488124243968e+19
2.269996488124243968e+19
2.269996488124243968e+19
2.269996488124243968e+19
2.269996488124243968e+19
2.269996488124243968e+19
2.269996488124243968e+19
2.269996488124243968e+19
2.269996488124243968e+19
2.269996488124243968e+19
2.269996488124243968e+19
2.269996488124243968e+19
2.269996488124243968e+19
2.269996488124243968e+19
2.622438083987472384e+19
3.026068024250005914e+19
3.487751378911052595e+19
4.015186715113703014e+19
4.616994655173790925e+19
5.302814111622520832e+19
6.083406637969482547e+19
6.970769329081390694e+19
7.978256695257153536e+19
9.120711918637708083e+19
1.041460787887760671e+20
1.187819830636662948e+20
1.353167938506297180e+20
1.539736208252422390e+20
1.749985543135190712e+20
1.986626092337768038e+20
2.252637810492921610e+20
2.551292137788598190e+20
2.886174791649860649e+20
3.261209650372296704e+20
3.680683697280887030e+20
4.149272980993144259e+20
4.672069533171785400e+20
5.254609169773000131e+20
5.902900085261739622e+20
6.623452131624334131e+20
7.423306655332817961e+20
8.310066745797223383e+20
9.291927728402201313e+20
1.037770771410678972e+21
1.157687799596196430e+21
1.289959306097365090e+21
1.435671996373367783e+21
1.595986678642255331e+21
1.772140988843231019e+21
1.965451962828871696e+21
2.177318422110374199e+21
2.409223137682297192e+21
2.662734734843565310e+21
2.939509300548203971e+21
3.241291653704148058e+21
3.569916238032428597e+21
3.927307596644955980e+21
4.315480387437964820e+21
4.736538898769006035e+21
5.192676025727407096e+21
5.686171668655305130e+21
6.219390517457532748e+21
6.794779187685690966e+21
7.414862677404477817e+21
8.082240117470843109e+21
8.799579792076469961e+21
9.569613411221873099e+21
1.039512962219303449e+22
1.127896675307589992e+22
1.222400478783865461e+22
1.323315657949069705e+22
1.430935831523900575e+22
1.545555925533727287e+22
1.667471077538816170e+22
1.796975475012383487e+22
1.934361132506226989e+22
2.079916613080626862e+22
2.233925700301278623e+22
2.396666027908831327e+22
2.568407675034621759e+22
2.749411735556208774e+22
2.939928870846942151e+22
3.140197855762033777e+22
3.350444128208534110e+22
3.570878353056859161e+22
3.801695011457425683e+22
4.043071026818890649e+22
4.295164438776680074e+22
4.558113136427439384e+22
4.832033661921101296e+22
5.117020095188052633e+22
5.413143030131529561e+22
5.720448652040866890e+22
6.038957925279969627e+22
6.368665899488290170e+22
6.709541141603116542e+22
7.061525299986517564e+22
7.424532805827494203e+22
7.798450715805163192e+22
8.183138698757156739e+22
8.578429167815025387e+22
8.984127558162659567e+22
9.400012749261593431e+22
9.825837629087792549e+22
1.026132979665355061e+23
1.070619239786282903e+23
1.116010508858711647e+23
1.162272511776281403e+23
1.209368852231626781e+23
1.257261142483080629e+23
1.305909142409048427e+23
1.355270906797326137e+23
1.405302939763791983e+23
1.455960355154311302e+23
1.507197041756543732e+23
1.558965832134816359e+23
1.611218673899947216e+23
1.663906802237605591e+23
1.716980912542201529e+23
1.770391332037903600e+23
1.824088189313224635e+23
1.878021580749858899e+23
1.932141732888608716e+23
1.986399159844731460e+23
2.040744814960017251e+23
2.095130235958957441e+23
2.149507682959128726e+23
2.203830268771726755e+23
2.258052081014406623e+23
2.312128295644959406e+23
2.366015281609987169e+23
2.419670696385941781e+23
2.473053572270796969e+23
2.526124393361263391e+23
2.578845163224032629e+23
2.631179463337049567e+23
2.683092502440442855e+23
2.734551156993874324e+23
2.785524002989417442e+23
2.835981339414889832e+23
2.885895203702913725e+23
2.935239379535186939e+23
2.983989397400484368e+23
3.032122528327549405e+23
3.079617771232242434e+23
3.126455834330616530e+23
3.172619111077695298e+23
3.218091651095343231e+23
3.262859126551656320e+23
3.306908794450453274e+23
3.350229455281410770e+23
3.392811408471188948e+23
3.434646405062342077e+23
3.475727598031908477e+23
3.516049490643527506e+23
3.555607883210013991e+23
3.594399818620662480e+23
3.632423526969143061e+23
3.669678369595268373e+23
3.706164782831977533e+23
3.741884221727964932e+23
3.776839103992987638e+23
3.811032754392453224e+23
3.844469349796021734e+23
3.877153865064744307e+23
3.909092019940638442e+23
3.940290227084457012e+23
3.970755541387376780e+23
4.000495610666318016e+23
4.029518627835406126e+23
4.057833284630490760e+23
4.085448726949377270e+23
4.112374511857016326e+23
4.138620566291363010e+23
4.164197147495481915e+23
4.189114805189711275e+23
4.213384345488964903e+23
4.237016796560860895e+23
4.260023376012936374e+23
4.282415459990610798e+23
4.304204553959738788e+23
4.325402265144440662e+23
4.346020276584395361e+23
4.366070322772620261e+23
4.385564166831068729e+23
4.404513579178336893e+23
4.422930317642076625e+23
4.440826108966248802e+23
4.458212631661799392e+23
4.475101500149035549e+23
4.491504250139120574e+23
4.507432325201526784e+23
4.522897064464579947e+23
4.537909691396516154e+23
4.552481303614618295e+23
4.566622863671091192e+23
4.580345190765779254e+23
4.593658953334857484e+23
4.606574662468191461e+23
4.619102666107925027e+23
4.631253143982566361e+23
4.643036103232460444e+23
4.654461374683586830e+23
4.665538609728818134e+23
4.676277277776820862e+23
4.686686664230192839e+23
4.696775868956818591e+23
4.706553805219006482e+23
4.716029199028017546e+23
4.725210588891087215e+23
4.734106325921294608e+23
4.742724574281381634e+23
4.751073311934577702e+23
4.759160331676107250e+23
4.766993242421346404e+23
4.774579470727741954e+23
4.781926262527952798e+23
4.789040685054718724e+23
4.795929628937433928e+23
4.802599810452870272e+23
4.809057773912755641e+23
4.815309894172498566e+23
4.821362379246191143e+23
4.827221273013841004e+23
4.832892458008630610e+23
4.838381658271087434e+23
4.843694442259929597e+23
4.848836225808544186e+23
4.853812275118062719e+23
4.858627709777804955e+23
4.863287505804954079e+23
4.867796498696198076e+23
4.872159386483885521e+23
4.876380732790897566e+23
4.880464969877943348e+23
4.884416401678372469e+23
4.888239206815371404e+23
4.891937441597349524e+23
4.895515042987439890e+23
4.898975831543572815e+23
4.902323514326127110e+23
4.905561687769680781e+23
4.908693840517259277e+23
4.911723356214015086e+23
4.914653516258732094e+23
4.917487502511377670e+23
4.920228399955319351e+23
4.922879199312772019e+23
4.925442799612690401e+23
4.927922010709884152e+23
4.930319555754899202e+23
4.932638073614336514e+23
4.934880121240900935e+23
4.937048175992979493e+23
4.939144637903617581e+23
4.941171831899094390e+23
4.943132009967105606e+23
4.945027353274452741e+23
4.946859974235100084e+23
4.948631918528266418e+23
4.950345167067546732e+23
4.952001637921198807e+23
4.953603188184420125e+23
4.955151615803639925e+23
4.956648661354365216e+23
4.958096009772345862e+23
4.959495292039252610e+23
4.960848086823528405e+23
4.962155922077194157e+23
4.963420276589181366e+23
4.964642581496357328e+23
4.965824221752694523e+23
4.966966537557475422e+23
4.968070825743570876e+23
4.969138341126611476e+23
4.970170297815458581e+23
4.971167870485484284e+23
4.972132195614900565e+23
4.973064372685415383e+23
4.973965465347761310e+23
4.974836502553095947e+23
4.975678479651131108e+23
4.976492359455573279e+23
4.977279073277956472e+23
4.978039521930525813e+23
4.978774576698993274e+23
4.979485080285911135e+23
4.980171847725588603e+23
4.980835667271042151e+23
4.981477301253888908e+23
4.982097486918081682e+23
4.982696937227952031e+23
4.983276341650996907e+23
4.983836366916899370e+23
4.984377657752876650e+23
4.984900837595914573e+23
4.985406509283112418e+23
4.985895255720020096e+23
4.986367640528499738e+23
4.986824208673869440e+23
4.987265487072177412e+23
4.987691985178551428e+23
4.988104195557000730e+23
4.988502594431685818e+23
4.988887642220995616e+23
4.989259784054378343e+23
4.989619450273001143e+23
4.989967056914074095e+23
4.990303006179765340e+23
4.990627686890952972e+23
4.990941474926637770e+23
4.991244733648849013e+23
4.991537814314105029e+23
4.991821056471453988e+23
4.992094788347688848e+23
4.992359327219960596e+23
4.992614979776454842e+23
4.992862042465175370e+23
4.993100801831439318e+23
4.993331534844301400e+23
4.993554509212791677e+23
4.993769983690951518e+23
4.993978208373544111e+23
4.994179424981875142e+23
4.994373867140161187e+23
4.994561760643096783e+23
4.994743323714182615e+23
4.994918767256069095e+23
4.995088295092061701e+23
4.995252104200259109e+23
4.995410384939405384e+23
4.995563321267693740e+23
4.995711090954136642e+23
4.995853865782833106e+23
4.995991811750686181e+23
4.996125089258390747e+23
4.996253853295182873e+23
4.996378253617201089e+23
4.996498434920196415e+23
4.996614537006360969e+23
4.996726694945385884e+23
4.996835039230525660e+23
4.996939695928995165e+23
4.997040786827669018e+23
4.997138429573571312e+23
4.997232737809998566e+23
4.997323821307779959e+23
4.997411786092141945e+23
4.997496734565330909e+23
4.997578765625060984e+23
4.997657974778900439e+23
4.997734454255035529e+23
4.997808293108750116e+23
4.997879577325732385e+23
4.997948389921597287e+23
4.998014811038030726e+23
4.998078918035767548e+23
4.998140785584202003e+23
4.998200485747919264e+23
4.998258088070213743e+23
4.998313659653910985e+23
4.998367265239036110e+23
4.998418967277929434e+23
4.998468826007941478e+23
4.998516899521063782e+23
4.998563243831469948e+23
4.998607912940531383e+23
4.998650958899578174e+23
4.998692431870291031e+23
4.998732380183019557e+23
4.998770850392855733e+23
4.998807887333734398e+23
4.998843534170441279e+23
4.998877832448970137e+23
4.998910822144684788e+23
4.998942541708700722e+23
4.998973028112945350e+23
4.999002316892676838e+23
4.999030442188123815e+23
4.999057436783952097e+23
4.999083332147562372e+23
4.999108158465630305e+23
4.999131944679215213e+23
4.999154718517378920e+23
4.999176506529518809e+23
4.999197334116259374e+23
4.999217225558908312e+23
4.999236204047834179e+23
4.999254291709349530e+23
4.999271509631494143e+23
4.999287877888592168e+23
4.999303415564551649e+23
4.999318140775205070e+23
4.999332070689284901e+23
4.999345221548463641e+23
4.999357608686201350e+23
4.999369246545554996e+23
4.999380148696236855e+23
4.999390327850162297e+23
4.999399795876300304e+23
4.999408563814523396e+23
4.999416641888569042e+23
4.999424039517722635e+23
4.999430765327952873e+23
4.999436827161895539e+23
4.999442232088018561e+23
4.999446986408766346e+23
4.999451095667936382e+23
4.999454564657301543e+23
4.999457397421946584e+23
4.999459597265062404e+23
4.999461166751845062e+23
4.999462107712486155e+23
4.999462421244192122e+23
4.999462107712486155e+23
4.999461166751845062e+23
4.999459597265062404e+23
4.999457397421946584e+23
4.999454564657301543e+23
4.999451095667936382e+23
4.999446986408766346e+23
4.999442232088018561e+23
4.999436827161895539e+23
4.999430765327952873e+23
4.999424039517722635e+23
4.999416641888569042e+23
4.999408563814523396e+23
4.999399795876300304e+23
4.999390327850162297e+23
4.999380148696236855e+23
4.999369246545554996e+23
4.999357608686201350e+23
4.999345221548463641e+23
4.999332070689284901e+23
4.999318140775205070e+23
4.999303415564551649e+23
4.999287877888592168e+23
4.999271509631494143e+23
4.999254291709349530e+23
4.999236204047834179e+23
4.999217225558908312e+23
4.999197334116259374e+23
4.999176506529518809e+23
4.999154718517378920e+23
4.999131944679215213e+23
4.999108158465630305e+23
4.999083332147562372e+23
4.999057436783952097e+23
4.999030442188123815e+23
4.999002316892676838e+23
4.998973028112945350e+23
4.998942541708700722e+23
4.998910822144684788e+23
4.998877832448970137e+23
4.998843534170441279e+23
4.998807887333734398e+23
4.998770850392855733e+23
4.998732380183019557e+23
4.998692431870291031e+23
4.998650958899578174e+23
4.998607912940531383e+23
4.998563243831469948e+23
4.998516899521063782e+23
4.998468826007941478e+23
4.998418967277929434e+23
4.998367265239036110e+23
4.998313659653910985e+23
4.998258088070213743e+23
4.998200485747919264e+23
4.998140785584202003e+23
4.998078918035767548e+23
4.998014811038030726e+23
4.997948389921597287e+23
4.997879577325732385e+23
4.997808293108750116e+23
4.997734454255035529e+23
4.997657974778900439e+23
4.997578765625060984e+23
4.997496734565330909e+23
4.997411786092141945e+23
4.997323821307779959e+23
4.997232737809998566e+23
4.997138429573571312e+23
4.997040786827669018e+23
4.996939695928995165e+23
4.996835039230525660e+23
4.996726694945385884e+23
4.996614537006360969e+23
4.996498434920196415e+23
4.996378253617201089e+23
4.996253853295182873e+23
4.996125089258390747e+23
4.995991811750686181e+23
4.995853865782833106e+23
4.995711090954136642e+23
4.995563321267693740e+23
4.995410384939405384e+23
4.995252104200259109e+23
4.995088295092061701e+23
4.994918767256069095e+23
4.994743323714182615e+23
4.994561760643096783e+23
4.994373867140161187e+23
4.994179424981875142e+23
4.993978208373544111e+23
4.993769983690951518e+23
4.993554509212791677e+23
4.993331534844301400e+23
4.993100801831439318e+23
4.992862042465175370e+23
4.992614979776454842e+23
4.992359327219960596e+23
4.992094788347688848e+23
4.991821056471453988e+23
4.991537814314105029e+23
4.991244733648849013e+23
4.990941474926637770e+23
4.990627686890952972e+23
4.990303006179765340e+23
4.989967056914074095e+23
4.989619450273001143e+23
4.989259784054378343e+23
4.988887642220995616e+23
4.988502594431685818e+23
4.988104195557000730e+23
4.987691985178551428e+23
4.987265487072177412e+23
4.986824208673869440e+23
4.986367640528499738e+23
4.985895255720020096e+23
4.985406509283112418e+23
4.984900837595914573e+23
4.984377657752876650e+23
4.983836366916899370e+23
4.983276341650996907e+23
4.982696937227952031e+23
4.982097486918081682e+23
4.981477301253888908e+23
4.980835667271042151e+23
4.980171847725588603e+23
4.979485080285911135e+23
4.978774576698993274e+23
4.978039521930525813e+23
4.977279073277956472e+23
4.976492359455573279e+23
4.975678479651131108e+23
4.974836502553095947e+23
4.973965465347761310e+23
4.973064372685415383e+23
4.972132195614900565e+23
4.971167870485484284e+23
4.970170297815458581e+23
4.969138341126611476e+23
4.968070825743570876e+23
4.966966537557475422e+23
4.965824221752694523e+23
4.964642581496357328e+23
4.963420276589181366e+23
4.962155922077194157e+23
4.960848086823528405e+23
4.959495292039252610e+23
4.958096009772345862e+23
4.956648661354365216e+23
4.955151615803639925e+23
4.953603188184420125e+23
4.952001637921198807e+23
4.950345167067546732e+23
4.948631918528266418e+23
4.946859974235100084e+23
4.945027353274452741e+23
4.943132009967105606e+23
4.941171831899094390e+23
4.939144637903617581e+23
4.937048175992979493e+23
4.934880121240900935e+23
4.932638073614336514e+23
4.930319555754899202e+23
4.927922010709884152e+23
4.925442799612690401e+23
4.922879199312772019e+23
4.920228399955319351e+23
4.917487502511377670e+23
4.914653516258732094e+23
4.911723356214015086e+23
4.908693840517259277e+23
4.905561687769680781e+23
4.902323514326127110e+23
4.898975831543572815e+23
4.895515042987439890e+23
4.891937441597349524e+23
4.888239206815371404e+23
4.884416401678372469e+23
4.880464969877943348e+23
4.876380732790897566e+23
4.872159386483885521e+23
4.867796498696198076e+23
4.863287505804954079e+23
4.858627709777804955e+23
4.853812275118062719e+23
4.848836225808544186e+23
4.843694442259929597e+23
4.838381658271087434e+23
4.832892458008630610e+23
4.827221273013841004e+23
4.821362379246191143e+23
4.815309894172498566e+23
4.809057773912755641e+23
4.802599810452870272e+23
4.795929628937433928e+23
4.789040685054718724e+23
4.781926262527952798e+23
4.774579470727741954e+23
4.766993242421346404e+23
4.759160331676107250e+23
4.751073311934577702e+23
4.742724574281381634e+23
4.734106325921294608e+23
4.725210588891087215e+23
4.716029199028017546e+23
4.706553805219006482e+23
4.696775868956818591e+23
4.686686664230192839e+23
4.676277277776820862e+23
4.665538609728818134e+23
4.654461374683586830e+23
4.643036103232460444e+23
4.631253143982566361e+23
4.619102666107925027e+23
4.606574662468191461e+23
4.593658953334857484e+23
4.580345190765779254e+23
4.566622863671091192e+23
4.552481303614618295e+23
4.537909691396516154e+23
4.522897064464579947e+23
4.507432325201526784e+23
4.491504250139120574e+23
4.475101500149035549e+23
4.458212631661799392e+23
4.440826108966248802e+23
4.422930317642076625e+23
4.404513579178336893e+23
4.385564166831068729e+23
4.366070322772620261e+23
4.346020276584395361e+23
4.325402265144440662e+23
4.304204553959738788e+23
4.282415459990610798e+23
4.260023376012936374e+23
4.237016796560860895e+23
4.213384345488964903e+23
4.189114805189711275e+23
4.164197147495481915e+23
4.138620566291363010e+23
4.112374511857016326e+23
4.085448726949377270e+23
4.057833284630490760e+23
4.029518627835406126e+23
4.000495610666318016e+23
3.970755541387376780e+23
3.940290227084457012e+23
3.909092019940638442e+23
3.877153865064744307e+23
3.844469349796021734e+23
3.811032754392453224e+23
3.776839103992987638e+23
3.741884221727964932e+23
3.706164782831977533e+23
3.669678369595268373e+23
3.632423526969143061e+23
3.594399818620662480e+23
3.555607883210013991e+23
3.516049490643527506e+23
3.475727598031908477e+23
3.434646405062342077e+23
3.392811408471188948e+23
3.350229455281410770e+23
3.306908794450453274e+23
3.262859126551656320e+23
3.218091651095343231e+23
3.172619111077695298e+23
3.126455834330616530e+23
3.079617771232242434e+23
3.032122528327549405e+23
2.983989397400484368e+23
2.935239379535186939e+23
2.885895203702913725e+23
2.835981339414889832e+23
2.785524002989417442e+23
2.734551156993874324e+23
2.683092502440442855e+23
2.631179463337049567e+23
2.578845163224032629e+23
2.526124393361263391e+23
2.473053572270796969e+23
2.419670696385941781e+23
2.366015281609987169e+23
2.312128295644959406e+23
2.258052081014406623e+23
2.203830268771726755e+23
2.149507682959128726e+23
2.095130235958957441e+23
2.040744814960017251e+23
1.986399159844731460e+23
1.932141732888608716e+23
1.878021580749858899e+23
1.824088189313224635e+23
1.770391332037903600e+23
1.716980912542201529e+23
1.663906802237605591e+23
1.611218673899947216e+23
1.558965832134816359e+23
1.507197041756543732e+23
1.455960355154311302e+23
1.405302939763791983e+23
1.355270906797326137e+23
1.305909142409048427e+23
1.257261142483080629e+23
1.209368852231626781e+23
1.162272511776281403e+23
1.116010508858711647e+23
1.070619239786282903e+23
1.026132979665355061e+23
9.825837629087792549e+22
9.400012749261593431e+22
8.984127558162659567e+22
8.578429167815025387e+22
8.183138698757156739e+22
7.798450715805163192e+22
7.424532805827494203e+22
7.061525299986517564e+22
6.709541141603116542e+22
6.368665899488290170e+22
6.038957925279969627e+22
5.720448652040866890e+22
5.413143030131529561e+22
5.117020095188052633e+22
4.832033661921101296e+22
4.558113136427439384e+22
4.295164438776680074e+22
4.043071026818890649e+22
3.801695011457425683e+22
3.570878353056859161e+22
3.350444128208534110e+22
3.140197855762033777e+22
2.939928870846942151e+22
2.749411735556208774e+22
2.568407675034621759e+22
2.396666027908831327e+22
2.233925700301278623e+22
2.079916613080626862e+22
1.934361132506226989e+22
1.796975475012383487e+22
1.667471077538816170e+22
1.545555925533727287e+22
1.430935831523900575e+22
1.323315657949069705e+22
1.222400478783865461e+22
1.127896675307589992e+22
1.039512962219303449e+22
9.569613411221873099e+21
8.799579792076469961e+21
8.082240117470843109e+21
7.414862677404477817e+21
6.794779187685690966e+21
6.219390517457532748e+21
5.686171668655305130e+21
5.192676025727407096e+21
4.736538898769006035e+21
4.315480387437964820e+21
3.927307596644955980e+21
3.569916238032428597e+21
3.241291653704148058e+21
2.939509300548203971e+21
2.662734734843565310e+21
2.409223137682297192e+21
2.177318422110374199e+21
1.965451962828871696e+21
1.772140988843231019e+21
1.595986678642255331e+21
1.435671996373367783e+21
1.289959306097365090e+21
1.157687799596196430e+21
1.037770771410678972e+21
9.291927728402201313e+20
8.310066745797223383e+20
7.423306655332817961e+20
6.623452131624334131e+20
5.902900085261739622e+20
5.254609169773000131e+20
4.672069533171785400e+20
4.149272980993144259e+20
3.680683697280887030e+20
3.261209650372296704e+20
2.886174791649860649e+20
2.551292137788598190e+20
2.252637810492921610e+20
1.986626092337768038e+20
1.749985543135190712e+20
1.539736208252422390e+20
1.353167938506297180e+20
1.187819830636662948e+20
1.041460787887760671e+20
9.120711918637708083e+19
7.978256695257153536e+19
6.970769329081390694e+19
6.083406637969482547e+19
5.302814111622520832e+19
4.616994655173790925e+19
4.015186715113703014e+19
3.487751378911052595e+19
3.026068024250005914e+19
2.622438083987472384e+19
2.269996488124243968e+19
2.269996488124243968e+19
2.269996488124243968e+19
2.269996488124243968e+19
2.269996488124243968e+19
2.269996488124243968e+19
2.269996488124243968e+19
2.269996488124243968e+19
2.269996488124243968e+19
2.269996488124243968e+19
2.269996488124243968e+19
2.269996488124243968e+19
2.269996488124243968e+19
2.269996488124243968e+19
2.269996488124243968e+19
2.269996488124243968e+19
2.269996488124243968e+19
2.269996488124243968e+19
2.269996488124243968e+19
2.269996488124243968e+19
2.269996488124243968e+19
2.269996488124243968e+19
2.269996488124243968e+19
2.269996488124243968e+19
2.269996488124243968e+19
2.269996488124243968e+19
2.269996488124243968e+19
2.269996488124243968e+19
2.269996488124243968e+19
2.269996488124243968e+19
2.269996488124243968e+19
2.269996488124243968e+19
2.269996488124243968e+19
2.269996488124243968e+19
2.269996488124243968e+19
2.269996488124243968e+19
2.269996488124243968e+19
2.269996488124243968e+19
2.269996488124243968e+19
2.269996488124243968e+19
2.269996488124243968e+19
2.269996488124243968e+19
2.269996488124243968e+19
2.269996488124243968e+19
2.269996488124243968e+19
2.269996488124243968e+19
2.269996488124243968e+19
2.269996488124243968e+19
2.269996488124243968e+19
2.269996488124243968e+19
2.269996488124243968e+19
2.269996488124243968e+19
2.269996488124243968e+19
2.269996488124243968e+19
2.269996488124243968e+19
2.269996488124243968e+19
2.269996488124243968e+19
2.269996488124243968e+19
2.269996488124243968e+19
2.269996488124243968e+19
2.269996488124243968e+19
2.269996488124243968e+19
2.269996488124243968e+19
2.269996488124243968e+19
2.269996488124243968e+19
2.269996488124243968e+19
2.269996488124243968e+19
2.269996488124243968e+19
2.269996488124243968e+19
2.269996488124243968e+19
2.269996488124243968e+19
2.269996488124243968e+19
2.269996488124243968e+19
2.269996488124243968e+19
2.269996488124243968e+19
2.269996488124243968e+19
2.269996488124243968e+19
2.269996488124243968e+19
2.269996488124243968e+19
2.269996488124243968e+19
2.269996488124243968e+19
2.269996488124243968e+19
2.269996488124243968e+19
2.269996488124243968e+19
2.269996488124243968e+19
2.269996488124243968e+19
2.269996488124243968e+19
2.269996488124243968e+19
2.269996488124243968e+19
2.269996488124243968e+19
2.269996488124243968e+19
2.269996488124243968e+19
2.269996488124243968e+19
2.269996488124243968e+19
2.269996488124243968e+19
2.269996488124243968e+19
2.269996488124243968e+19
2.269996488124243968e+19
2.269996488124243968e+19
2.269996488124243968e+19
2.269996488124243968e+19
