2.269996488124243968e+19
2.269996488124243968e+19
2.269996488124243968e+19
2.269996488124243968e+19
2.269996488124243968e+19
2.269996488124243968e+19
2.269996488124243968e+19
2.269996488124243968e+19
2.269996488124243968e+19
2.269996488124243968e+19
2.269996488124243968e+19
2.269996488124243968e+19
2.269996488124243968e+19
2.269996488124243968e+19
2.269996488124243968e+19
2.269996488124243968e+19
2.269996488124243968e+19
2.269996488124243968e+19
2.269996488124243968e+19
2.269996488124243968e+19
2.269996488124243968e+19
2.269996488124243968e+19
2.269996488124243968e+19
2.269996488124243968e+19
2.269996488124243968e+19
2.269996488124243968e+19
2.269996488124243968e+19
2.269996488124243968e+19
2.269996488124243968e+19
2.269996488124243968e+19
2.269996488124243968e+19
2.269996488124243968e+19
2.269996488124243968e+19
2.269996488124243968e+19
2.269996488124243968e+19
2.269996488124243968e+19
2.269996488124243968e+19
2.269996488124243968e+19
2.269996488124243968e+19
2.269996488124243968e+19
2.269996488124243968e+19
2.269996488124243968e+19
2.269996488124243968e+19
2.269996488124243968e+19
2.269996488124243968e+19
2.269996488124243968e+19
2.269996488124243968e+19
2.269996488124243968e+19
2.269996488124243968e+19
2.269996488124243968e+19
2.269996488124243968e+19
2.269996488124243968e+19
2.269996488124243968e+19
2.269996488124243968e+19
2.269996488124243968e+19
2.269996488124243968e+19
2.269996488124243968e+19
2.269996488124243968e+19
2.269996488124243968e+19
2.269996488124243968e+19
2.269996488124243968e+19
2.269996488124243968e+19
2.269996488124243968e+19
2.269996488124243968e+19
2.269996488124243968e+19
2.269996488124243968e+19
2.269996488124243968e+19
2.269996488124243968e+19
2.269996488124243968e+19
2.269996488124243968e+19
2.269996488124243968e+19
2.269996488124243968e+19
2.269996488124243968e+19
2.269996488124243968e+19
2.269996488124243968e+19
2.269996488124243968e+19
2.269996488124243968e+19
2.269996488124243968e+19
2.269996488124243968e+19
2.269996488124243968e+19
2.269996488124243968e+19
2.269996488124243968e+19
2.269996488124243968e+19
2.269996488124243968e+19
2.269996488124243968e+19
2.269996488124243968e+19
2.269996488124243968e+19
2.269996488124243968e+19
2.269996488124243968e+19
2.269996488124243968e+19
2.269996488124243968e+19
2.269996488124243968e+19
2.269996488124243968e+19
2.269996488124243968e+19
2.269996488124243968e+19
2.269996488124243968e+19
2.269996488124243968e+19
2.269996488124243968e+19
2.269996488124243968e+19
2.269996488124243968e+19
2.269996488124243968e+19
1.831432350549939520e+17
2.190394527578585920e+17
2.616659238354009920e+17
3.122233300809234560e+17
3.721147566636791040e+17
4.429776279869637760e+17
5.267202955798087040e+17
6.255638902482012160e+17
7.420901207334673920e+17
8.792957775268121600e+17
1.040654783605076736e+18
1.230188723996265984e+18
1.452546883537334272e+18
1.713096927192725504e+18
2.018027470052213760e+18
2.374463904748370432e+18
2.790598982580201984e+18
3.275839781060603392e+18
3.840972834776814080e+18
4.498349358095931392e+18
5.262092646951129088e+18
6.148329912138887168e+18
7.175450967490862080e+18
8.364396372004556800e+18
9.738977804348856320e+18
1.132623362968738202e+19
1.315682280079992627e+19
1.526546041606131917e+19
1.769139843368683315e+19
2.047895521217225523e+19
2.367809770811318272e+19
2.734508031128504730e+19
3.154314442935407821e+19
3.634328304684444877e+19
4.182507457059207578e+19
4.807759033215333990e+19
5.520038014130826445e+19
6.330454026851663053e+19
7.251386817211026637e+19
8.296610817211218330e+19
9.481429210054567526e+19
1.082281787214819328e+20
1.233957954062458061e+20
1.405250851635707085e+20
1.598456616544725893e+20
1.816106742608032563e+20
2.060987846186961797e+20
2.336162552677412700e+20
2.644991501985227407e+20
2.991156461006689403e+20
3.378684520172071158e+20
3.811973338962517033e+20
4.295817391965367828e+20
4.835435152492250399e+20
5.436497135063994204e+20
6.105154701203419955e+20
6.848069515026840945e+20
7.672443516160889324e+20
8.586049257645131694e+20
9.597260435822406533e+20
1.071508241793783955e+21
1.194918255143102448e+21
1.330992001693354295e+21
1.480837496500259127e+21
1.645637665490824593e+21
1.826653029263252128e+21
2.025224224496021406e+21
2.242774328748394938e+21
2.480810952688744792e+21
2.740928062239076254e+21
3.024807491814619611e+21
3.334220108808060928e+21
3.671026588760246059e+21
4.037177760315510620e+21
4.434714479120173498e+21
4.865766990327275586e+21
5.332553740356766663e+21
5.837379600059818050e+21
6.382633463480296931e+21
6.970785189017693454e+21
7.604381852995361440e+21
8.286043289430948577e+21
9.018456894203890762e+21
9.804371676802215576e+21
1.064659154840224111e+22
1.154796784115580404e+22
1.251139106020122637e+22
1.353978187702616248e+22
1.463608138033359382e+22
1.580324060843160791e+22
1.704420939529973452e+22
1.836192457079013140e+22
1.975929756380592446e+22
2.123920146564803828e+22
2.280445761892752189e+22
2.445782180537716598e+22
2.620197011345668833e+22
2.803948457367395369e+22
2.997283865596267803e+22
3.200438272910415207e+22
3.413632958696300688e+22
3.637074015011910923e+22
3.870950945421311082e+22
4.115435303790608961e+22
4.370679384372213187e+22
4.636814974412450798e+22
4.913952180296627519e+22
5.202178337891960855e+22
5.501557017264165120e+22
5.812127131331926268e+22
6.133902157286856249e+22
6.466869478756155025e+22
6.810989855729192324e+22
7.166197028213048423e+22
7.532397458450668323e+22
7.909470215330252561e+22
8.297267003359583063e+22
8.695612337288215580e+22
9.104303862151159533e+22
9.523112817196819441e+22
9.951784640870194400e+22
1.039003971276089516e+23
1.083757422722110120e+23
1.129406119221327341e+23
1.175915154588918329e+23
1.223247538243682603e+23
1.271364327786765059e+23
1.320224770567602753e+23
1.369786453167522080e+23
1.420005457682057134e+23
1.470836523646785285e+23
1.522233214428075377e+23
1.574148086890008622e+23
1.626532863151682051e+23
1.679338603264078061e+23
1.732515877662393064e+23
1.786014938287502241e+23
1.839785887318025941e+23
1.893778842510680203e+23
1.947944098211963957e+23
2.002232281173576343e+23
2.056594500383799373e+23
2.110982490203799012e+23
2.165348746185437537e+23
2.219646653030773482e+23
2.273830604240866645e+23
2.327856113087709299e+23
2.381679914627481752e+23
2.435260058556998028e+23
2.488555992793691602e+23
2.541528637736654566e+23
2.594140451236709579e+23
2.646355484371087713e+23
2.698139428179386869e+23
2.749459651573482804e+23
2.800285230684431314e+23
2.850586969953621865e+23
2.900337415313976187e+23
2.949510859839997550e+23
2.998083342272107580e+23
3.046032638842042717e+23
3.093338248843598192e+23
3.139981374402242208e+23
3.185944894905508314e+23
3.231213336557472795e+23
3.275772837519076738e+23
3.319611109090613600e+23
3.362717393384664769e+23
3.405082417925630355e+23
3.446698347598967860e+23
3.487558734356682899e+23
3.527658465068444297e+23
3.566993707887694111e+23
3.605561857483802401e+23
3.643361479467369444e+23
3.680392254317015125e+23
3.716654921092413836e+23
3.752151221197176507e+23
3.786883842432683108e+23
3.820856363562979358e+23
3.854073199589812716e+23
3.886539547915785737e+23
3.918261335554625813e+23
3.949245167527698031e+23
3.979498276568477184e+23
4.009028474239387550e+23
4.037844103548624448e+23
4.065953993139804879e+23
4.093367413112966218e+23
4.120094032522033569e+23
4.146143878581951880e+23
4.171527297606849585e+23
4.196254917690779878e+23
4.220337613133183053e+23
4.243786470602597277e+23
4.266612757024798734e+23
4.288827889174275456e+23
4.310443404942871804e+23
4.331470936253413468e+23
4.351922183581777590e+23
4.371808892047513795e+23
4.391142829029229624e+23
4.409935763258363431e+23
4.428199445343315606e+23
4.445945589673435354e+23
4.463185857651667685e+23
4.479931842203746556e+23
4.496195053510530276e+23
4.511986905911294647e+23
4.527318705924660485e+23
4.542201641334615981e+23
4.556646771289649379e+23
4.570665017363993912e+23
4.584267155530537270e+23
4.597463808995982657e+23
4.610265441850671193e+23
4.622682353486402851e+23
4.634724673736349445e+23
4.646402358693920747e+23
4.657725187167842090e+23
4.668702757732682218e+23
4.679344486336011572e+23
4.689659604423847046e+23
4.699657157549182566e+23
4.709346004428355252e+23
4.718734816413024822e+23
4.727832077346076770e+23
4.736646083771735516e+23
4.745184945471572977e+23
4.753456586299685753e+23
4.761468745291593280e+23
4.769228978022717860e+23
4.776744658193991294e+23
4.784022979422953553e+23
4.791070957220625562e+23
4.797895431134713982e+23
4.804503067042013103e+23
4.810900359572687044e+23
4.817093634651613320e+23
4.823089052141557383e+23
4.828892608575028855e+23
4.834510139962064718e+23
4.839947324662171944e+23
4.845209686309176061e+23
4.850302596779686463e+23
4.855231279194725564e+23
4.860000810946567413e+23
4.864616126742933338e+23
4.869082021659994279e+23
4.873403154199354708e+23
4.877584049340912689e+23
4.881629101587013923e+23
4.885542577992612236e+23
4.889328621176582559e+23
4.892991252309683365e+23
4.896534374076039970e+23
4.899961773603770503e+23
4.903277125362527880e+23
4.906483994024602333e+23
4.909585837287303471e+23
4.912586008654555581e+23
4.915487760175704320e+23
4.918294245139902041e+23
4.921008520724856397e+23
4.923633550598253786e+23
4.926172207471478450e+23
4.928627275604611889e+23
4.931001453261662317e+23
4.933297355116016136e+23
4.935517514605652366e+23
4.937664386238468357e+23
4.939740347845847118e+23
4.941747702786717091e+23
4.943688682100615901e+23
4.945565446611362654e+23
4.947380088979753670e+23
4.949134635707753269e+23
4.950831049092756910e+23
4.952471229133941281e+23
4.954057015390600010e+23
4.955590188792375075e+23
4.957072473403165644e+23
4.958505538139214987e+23
4.959890998441297607e+23
4.961230417902315221e+23
4.962525309851760517e+23
4.963777138895858214e+23
4.964987322416446896e+23
4.966157232028000369e+23
4.967288194993964932e+23
4.968381495603180297e+23
4.969438376507514940e+23
4.970460040021335972e+23
4.971447649383620175e+23
4.972402329983702102e+23
4.973325170551363878e+23
4.974217224312069334e+23
4.975079510108253129e+23
4.975913013487805724e+23
4.976718687760028669e+23
4.977497455019758820e+23
4.978250207141523746e+23
4.978977806742964635e+23
4.979681088119961404e+23
4.980360858152824493e+23
4.981017897185140466e+23
4.981652959875513692e+23
4.982266776023301987e+23
4.982860051369015315e+23
4.983433468369784212e+23
4.983987686950979733e+23
4.984523345234608364e+23
4.985041060244355736e+23
4.985541428589317230e+23
4.986025027126068532e+23
4.986492413599467365e+23
4.986944127263895013e+23
4.987380689484381956e+23
4.987802604319284606e+23
4.988210359083641403e+23
4.988604424895280594e+23
4.988985257203220664e+23
4.989353296299055980e+23
4.989708967812443018e+23
4.990052683190131480e+23
4.990384840159737550e+23
4.990705823179166586e+23
4.991016003870416899e+23
4.991315741440422120e+23
4.991605383087486644e+23
4.991885264395184458e+23
4.992155709712914721e+23
4.992417032524201921e+23
4.992669535803026493e+23
4.992913512358738877e+23
4.993149245169490587e+23
4.993377007704735912e+23
4.993597064236615713e+23
4.993809670142203663e+23
4.994015072195047955e+23
4.994213508847109061e+23
4.994405210501368020e+23
4.994590399776116577e+23
4.994769291759276964e+23
4.994942094255279298e+23
4.995109008023130955e+23
4.995270227007042885e+23
4.995425938558661962e+23
4.995576323652581033e+23
4.995721557094433439e+23
4.995861807721533753e+23
4.995997238597248541e+23
4.996128007198446851e+23
4.996254265597388726e+23
4.996376160636338438e+23
4.996493834096909012e+23
4.996607422863621960e+23
4.996717059081640629e+23
4.996822870309209993e+23
4.996924979665133088e+23
4.997023505970674711e+23
4.997118563886915146e+23
4.997210264047013016e+23
4.997298713184250332e+23
4.997384014255438986e+23
4.997466266559706122e+23
4.997545565853641542e+23
4.997622004462068936e+23
4.997695671384699988e+23
4.997766652399141110e+23
4.997835030160559508e+23
4.997900884296987155e+23
4.997964291501857880e+23
4.998025325622501143e+23
4.998084057746347393e+23
4.998140556282599561e+23
4.998194887042085893e+23
4.998247113313385563e+23
4.998297295936117591e+23
4.998345493371599769e+23
4.998391761770759470e+23
4.998436155039012492e+23
4.998478724899270222e+23
4.998519520951525599e+23
4.998558590730637201e+23
4.998595979761425622e+23
4.998631731611916304e+23
4.998665887943253096e+23
4.998698488558585045e+23
4.998729571449311121e+23
4.998759172838833846e+23
4.998787327224997604e+23
4.998814067419958687e+23
4.998839424588622563e+23
4.998863428284412236e+23
4.998886106483886349e+23
4.998907485619261486e+23
4.998927590609257413e+23
4.998946444887716329e+23
4.998964070431026231e+23
4.998980487783605506e+23
4.998995716082009773e+23
4.999009773076866421e+23
4.999022675153743449e+23
4.999034437352295624e+23
4.999045073383324899e+23
4.999054595645265035e+23
4.999063015238139568e+23
4.999070341976783606e+23
4.999076584402008723e+23
4.999081749790681370e+23
4.999085844164208126e+23
4.999088872295480112e+23
4.999090837714617521e+23
4.999091742712776024e+23
4.999091588345015682e+23
4.999090374431300859e+23
4.999088099556544521e+23
4.999084761068872799e+23
4.999080355076427921e+23
4.999074876443045732e+23
4.999068318782141403e+23
4.999060674449297931e+23
4.999051934533376897e+23
4.999042088846220612e+23
4.999031125910651708e+23
4.999019032947598306e+23
4.999005795860528780e+23
4.998991399219578504e+23
4.998975826243134507e+23
4.998959058778812790e+23
4.998941077282242534e+23
4.998921860793961189e+23
4.998901386915449898e+23
4.998879631783036201e+23
4.998856570040071372e+23
4.998832174807348161e+23
4.998806417652192463e+23
4.998779268554970628e+23
4.998750695874755895e+23
4.998720666312019888e+23
4.998689144870186621e+23
4.998656094814773266e+23
4.998621477631042446e+23
4.998585252979104390e+23
4.998547378647120583e+23
4.998507810502104245e+23
4.998466502438869271e+23
4.998423406326536418e+23
4.998378471952424926e+23
4.998331646963883893e+23
4.998282876807392998e+23
4.998232104665413059e+23
4.998179271390479086e+23
4.998124315436832459e+23
4.998067172788294333e+23
4.998007776884757941e+23
4.997946058544655043e+23
4.997881945884943366e+23
4.997815364237731226e+23
4.997746236063396376e+23
4.997674480861294981e+23
4.997600015076381646e+23
4.997522752002190800e+23
4.997442601680678064e+23
4.997359470798076683e+23
4.997273262576901921e+23
4.997183876663875228e+23
4.997091209014025891e+23
4.996995151770140698e+23
4.996895593138519257e+23
4.996792417259512272e+23
4.996685504073478974e+23
4.996574729182708614e+23
4.996459963707285391e+23
4.996341074136653711e+23
4.996217922175478520e+23
4.996090364584225512e+23
4.995958253014055880e+23
4.995821433835758436e+23
4.995679747963115054e+23
4.995533030669604891e+23
4.995381111398633266e+23
4.995223813567731487e+23
4.995060954365160619e+23
4.994892344540372780e+23
4.994717788186227444e+23
4.994537082514284122e+23
4.994350017622031907e+23
4.994156376252545122e+23
4.993955933545453060e+23
4.993748456779103705e+23
4.993533705104817327e+23
4.993311429271037506e+23
4.993081371338425154e+23
4.992843264385672712e+23
4.992596832204602412e+23
4.992341788985525021e+23
4.992077838991159219e+23
4.991804676220060508e+23
4.991521984059328147e+23
4.991229434923737300e+23
4.990926689884230407e+23
4.990613398283642428e+23
4.990289197339051305e+23
4.989953711731178409e+23
4.989606553179882028e+23
4.989247320005706976e+23
4.988875596676666889e+23
4.988490953339939785e+23
4.988092945337679620e+23
4.987681112707549175e+23
4.987254979666109310e+23
4.986814054075207527e+23
4.986357826891215526e+23
4.985885771595781620e+23
4.985397343608100031e+23
4.984891979677823968e+23
4.984369097258362124e+23
4.983828093859570731e+23
4.983268346379788836e+23
4.982689210415952471e+23
4.982090019551476323e+23
4.981470084621591527e+23
4.980828692954491377e+23
4.980165107588976198e+23
4.979478566466363295e+23
4.978768281597697495e+23
4.978033438203853060e+23
4.977273193828947077e+23
4.976486677425624166e+23
4.975672988411913872e+23
4.974831195698743371e+23
4.973960336687604842e+23
4.973059416236539406e+23
4.972127405595340917e+23
4.971163241307377783e+23
4.970165824078737477e+23
4.969134017612520735e+23
4.968066647408543825e+23
4.966962499527310039e+23
4.965820319316867977e+23
4.964638810102492184e+23
4.963416631837708413e+23
4.962152399716298439e+23
4.960844682744097271e+23
4.959492002270433100e+23
4.958092830476569936e+23
4.956645588822868214e+23
4.955148646452293114e+23
4.953600318549378015e+23
4.951998864654977980e+23
4.950342486935044945e+23
4.948629328403059536e+23
4.946857471095749749e+23
4.945024934200917392e+23
4.943129672137505159e+23
4.941169572586358823e+23
4.939142454472305300e+23
4.937046065896211129e+23
4.934878082017211271e+23
4.932636102884914962e+23
4.930317651220967195e+23
4.927920170149787982e+23
4.925441020879328269e+23
4.922877480331138522e+23
4.920226738719987555e+23
4.917485897084359011e+23
4.914651964767116156e+23
4.911721856847728167e+23
4.908692391527044413e+23
4.905560287465073069e+23
4.902322161073508225e+23
4.898974523764185928e+23
4.895513779155583097e+23
4.891936220238687387e+23
4.888238026504932426e+23
4.884415261039251203e+23
4.880463867579346190e+23
4.876379667546903927e+23
4.872158357051635883e+23
4.867795503874755160e+23
4.863286544433653303e+23
4.858626780735053863e+23
4.853811377319976653e+23
4.848835358207632296e+23
4.843693603843907015e+23
4.838380848061659931e+23
4.832891675060391327e+23
4.827220516413400720e+23
4.821361648110850865e+23
4.815309187649091897e+23
4.809057091176759590e+23
4.802599150707485861e+23
4.795928991412707068e+23
4.789040069006508079e+23
4.781925667237295607e+23
4.774578895499860818e+23
4.766992686584757412e+23
4.759159794581899229e+23
4.751072792955729048e+23
4.742724072811928161e+23
4.734105841375804758e+23
4.725210120703793672e+23
4.716028746652243450e+23
4.706553368126559439e+23
4.696775446637205499e+23
4.686686256190154825e+23
4.676276883539610514e+23
4.665538228833845175e+23
4.654461006685659107e+23
4.643035747701452419e+23
4.631252800502884918e+23
4.619102334277992736e+23
4.606574341900001650e+23
4.593658643653483666e+23
4.580344891609062404e+23
4.566622574688968659e+23
4.552481024468982872e+23
4.537909421760732893e+23
4.522896804022890235e+23
4.507432073648858422e+23
4.491504007180617347e+23
4.475101265499826369e+23
4.458212405046617120e+23
4.440825890119223555e+23
4.422930106306455929e+23
4.404513375106072964e+23
4.385563969782522524e+23
4.366070132516134668e+23
4.346020092895999914e+23
4.325402087807805911e+23
4.304204382765802502e+23
4.282415294737503475e+23
4.260023216505582613e+23
4.237016642610902891e+23
4.213384196914359126e+23
4.189114661814457346e+23
4.164197009149519263e+23
4.138620432810160832e+23
4.112374383081848067e+23
4.085448602726840790e+23
4.057833164812322446e+23
4.029518512278405057e+23
4.000495499231991630e+23
3.970755433941956978e+23
3.940290123498634409e+23
3.909091920089491901e+23
3.877153768827600681e+23
3.844469257056208237e+23
3.811032665036967253e+23
3.776839017912602135e+23
3.741884138817090140e+23
3.706164702988658310e+23
3.669678292720800330e+23
3.632423452968210808e+23
3.594399747400925561e+23
3.555607814682217619e+23
3.516049424721273715e+23
3.475727534631548082e+23
3.434646344102889443e+23
3.392811349874158915e+23
3.350229398970937440e+23
3.306908740353017543e+23
3.262859074596044276e+23
3.218091601212483746e+23
3.172619063200664728e+23
3.126455788394521276e+23
3.079617727174155855e+23
3.032122486086412502e+23
2.983989356917029276e+23
2.935239340751890961e+23
2.885895166563920810e+23
2.835981303865873678e+23
2.785523968977569076e+23
2.734551124467958478e+23
2.683092471350610729e+23
2.631179433634832119e+23
2.578845134862221794e+23
2.526124366293999991e+23
2.473053546453341202e+23
2.419670671774802741e+23
2.366015258162757758e+23
2.312128273320353915e+23
2.258052059772195302e+23
2.203830248572696553e+23
2.149507663765031952e+23
2.095130217732499686e+23
2.040744797664833228e+23
1.986399143445374939e+23
1.932141717350466621e+23
1.878021566039181849e+23
1.824088175397003791e+23
1.770391318884066630e+23
1.716980900119514962e+23
1.663906790515583211e+23
1.611218662848931268e+23
1.558965821725854401e+23
1.507197031961507754e+23
1.455960345945799079e+23
1.405302931115178239e+23
1.355270898682661721e+23
1.305909134803188989e+23
1.257261135361517006e+23
1.209368845570607468e+23
1.162272505552812890e+23
1.116010503050510268e+23
1.070619234371769635e+23
1.026132974623686058e+23
9.825837582197701843e+22
9.400012705703722903e+22
8.984127517749273847e+22
8.578429130365526134e+22
8.183138664097958488e+22
7.798450683769493704e+22
7.424532776255167136e+22
7.061525272724098567e+22
6.709541116503775615e+22
6.368665876411899812e+22
6.038957904092804520e+22
5.720448632615610614e+22
5.413143012346980152e+22
5.117020078929142717e+22
4.832033647078740381e+22
4.558113122898161539e+22
4.295164426462844420e+22
4.043071015628380203e+22
3.801695001303468684e+22
3.570878343857722045e+22
3.350444119887570587e+22
3.140197848247416390e+22
2.939928864071493249e+22
2.749411729457241548e+22
2.568407669553725073e+22
2.396666022991627289e+22
2.233925695897273683e+22
2.079916609142974841e+22
1.934361128991640991e+22
1.796975471880894520e+22
1.667471074753626977e+22
1.545555923060976203e+22
1.430935829332508226e+22
1.323315656010584241e+22
1.222400477072264790e+22
1.127896673799146727e+22
1.039512960892422796e+22
9.569613399572588003e+21
8.799579781868831113e+21
8.082240108543904580e+21
7.414862669613189038e+21
6.794779180899371057e+21
6.219390511558690865e+21
5.686171663538488082e+21
5.192676021298135040e+21
4.736538894942850777e+21
4.315480384139993022e+21
3.927307593808497082e+21
3.569916235598286815e+21
3.241291651619921854e+21
2.939509298767596093e+21
2.662734733325851689e+21
2.409223136391668957e+21
2.177318421015379575e+21
1.965451961902059225e+21
1.772140988060633924e+21
1.595986677983039980e+21
1.435671995819442307e+21
1.289959305633082638e+21
1.157687799208030110e+21
1.037770771086954070e+21
9.291927725709366395e+20
8.310066743563018568e+20
7.423306653484078858e+20
6.623452130098616730e+20
5.902900084006092800e+20
5.254609168742548111e+20
4.672069532328521892e+20
4.149272980305048371e+20
3.680683696721105388e+20
3.261209649918282301e+20
2.886174791282796462e+20
2.551292137492821443e+20
2.252637810255437169e+20
1.986626092147786383e+20
1.749985542983823852e+20
1.539736208132336845e+20
1.353167938411485266e+20
1.187819830562220278e+20
1.041460787829668577e+20
9.120711918187706778e+19
7.978256694911592038e+19
6.970769328818991923e+19
6.083406637773034291e+19
5.302814111478211379e+19
4.616994655070567629e+19
4.015186715042657075e+19
3.487751378865100800e+19
3.026068024223542886e+19
2.622438083975999078e+19
2.269996488124240282e+19
2.269996488124240282e+19
2.269996488124240282e+19
2.269996488124240282e+19
2.269996488124240282e+19
2.269996488124240282e+19
2.269996488124240282e+19
2.269996488124240282e+19
2.269996488124240282e+19
2.269996488124240282e+19
2.269996488124240282e+19
2.269996488124240282e+19
2.269996488124240282e+19
2.269996488124240282e+19
2.269996488124240282e+19
2.269996488124240282e+19
2.269996488124240282e+19
2.269996488124240282e+19
2.269996488124240282e+19
2.269996488124240282e+19
2.269996488124240282e+19
2.269996488124240282e+19
2.269996488124240282e+19
2.269996488124240282e+19
2.269996488124240282e+19
2.269996488124240282e+19
2.269996488124240282e+19
2.269996488124240282e+19
2.269996488124240282e+19
2.269996488124240282e+19
2.269996488124240282e+19
2.269996488124240282e+19
2.269996488124240282e+19
2.269996488124240282e+19
2.269996488124240282e+19
2.269996488124240282e+19
2.269996488124240282e+19
2.269996488124240282e+19
2.269996488124240282e+19
2.269996488124240282e+19
2.269996488124240282e+19
2.269996488124240282e+19
2.269996488124240282e+19
2.269996488124240282e+19
2.269996488124240282e+19
2.269996488124240282e+19
2.269996488124240282e+19
2.269996488124240282e+19
2.269996488124240282e+19
2.269996488124240282e+19
2.269996488124240282e+19
2.269996488124240282e+19
2.269996488124240282e+19
2.269996488124240282e+19
2.269996488124240282e+19
2.269996488124240282e+19
2.269996488124240282e+19
2.269996488124240282e+19
2.269996488124240282e+19
2.269996488124240282e+19
2.269996488124240282e+19
2.269996488124240282e+19
2.269996488124240282e+19
2.269996488124240282e+19
2.269996488124240282e+19
2.269996488124240282e+19
2.269996488124240282e+19
2.269996488124240282e+19
2.269996488124240282e+19
2.269996488124240282e+19
2.269996488124240282e+19
2.269996488124240282e+19
2.269996488124240282e+19
2.269996488124240282e+19
2.269996488124240282e+19
2.269996488124240282e+19
2.269996488124240282e+19
2.269996488124240282e+19
2.269996488124240282e+19
2.269996488124240282e+19
2.269996488124240282e+19
2.269996488124240282e+19
2.269996488124240282e+19
2.269996488124240282e+19
2.269996488124240282e+19
2.269996488124240282e+19
2.269996488124240282e+19
2.269996488124240282e+19
2.269996488124240282e+19
2.269996488124240282e+19
2.269996488124240282e+19
2.269996488124240282e+19
2.269996488124240282e+19
2.269996488124240282e+19
2.269996488124240282e+19
2.269996488124240282e+19
2.269996488124240282e+19
2.269996488124240282e+19
2.269996488124240282e+19
2.269996488124240282e+19
2.269996488124240282e+19
