0.000000000000000000e+00
0.000000000000000000e+00
0.000000000000000000e+00
0.000000000000000000e+00
0.000000000000000000e+00
0.000000000000000000e+00
0.000000000000000000e+00
0.000000000000000000e+00
0.000000000000000000e+00
0.000000000000000000e+00
0.000000000000000000e+00
0.000000000000000000e+00
0.000000000000000000e+00
0.000000000000000000e+00
0.000000000000000000e+00
0.000000000000000000e+00
0.000000000000000000e+00
0.000000000000000000e+00
0.000000000000000000e+00
0.000000000000000000e+00
0.000000000000000000e+00
0.000000000000000000e+00
0.000000000000000000e+00
0.000000000000000000e+00
0.000000000000000000e+00
0.000000000000000000e+00
0.000000000000000000e+00
0.000000000000000000e+00
0.000000000000000000e+00
0.000000000000000000e+00
0.000000000000000000e+00
0.000000000000000000e+00
0.000000000000000000e+00
0.000000000000000000e+00
0.000000000000000000e+00
0.000000000000000000e+00
0.000000000000000000e+00
0.000000000000000000e+00
0.000000000000000000e+00
0.000000000000000000e+00
0.000000000000000000e+00
0.000000000000000000e+00
0.000000000000000000e+00
0.000000000000000000e+00
0.000000000000000000e+00
0.000000000000000000e+00
0.000000000000000000e+00
0.000000000000000000e+00
0.000000000000000000e+00
0.000000000000000000e+00
0.000000000000000000e+00
0.000000000000000000e+00
0.000000000000000000e+00
0.000000000000000000e+00
0.000000000000000000e+00
0.000000000000000000e+00
0.000000000000000000e+00
0.000000000000000000e+00
0.000000000000000000e+00
0.000000000000000000e+00
0.000000000000000000e+00
0.000000000000000000e+00
0.000000000000000000e+00
0.000000000000000000e+00
0.000000000000000000e+00
0.000000000000000000e+00
0.000000000000000000e+00
0.000000000000000000e+00
0.000000000000000000e+00
0.000000000000000000e+00
0.000000000000000000e+00
0.000000000000000000e+00
0.000000000000000000e+00
0.000000000000000000e+00
0.000000000000000000e+00
0.000000000000000000e+00
0.000000000000000000e+00
0.000000000000000000e+00
0.000000000000000000e+00
0.000000000000000000e+00
0.000000000000000000e+00
0.000000000000000000e+00
0.000000000000000000e+00
0.000000000000000000e+00
0.000000000000000000e+00
0.000000000000000000e+00
0.000000000000000000e+00
0.000000000000000000e+00
0.000000000000000000e+00
0.000000000000000000e+00
0.000000000000000000e+00
0.000000000000000000e+00
0.000000000000000000e+00
0.000000000000000000e+00
0.000000000000000000e+00
0.000000000000000000e+00
0.000000000000000000e+00
0.000000000000000000e+00
0.000000000000000000e+00
0.000000000000000000e+00
0.000000000000000000e+00
-7.583723131693826872e+04
-7.553895318204247451e+04
-7.522522192567326420e+04
-7.489566637449040718e+04
-7.454993798419937957e+04
-7.418771312040385965e+04
-7.380869528892883682e+04
-7.341261729749175720e+04
-7.299924333059186756e+04
-7.256837091968732420e+04
-7.211983279113804747e+04
-7.165349857501244696e+04
-7.116927635868483048e+04
-7.066711407018304453e+04
-7.014700067747199500e+04
-6.960896719126764219e+04
-6.905308746055031952e+04
-6.847947875166895392e+04
-6.788830210377565527e+04
-6.727976245528220898e+04
-6.665410853805755323e+04
-6.601163253816452925e+04
-6.535266952403468167e+04
-6.467759664507472189e+04
-6.398683210575916019e+04
-6.328083392226220167e+04
-6.256009847059247841e+04
-6.182515883699260303e+04
-6.107658298302725598e+04
-6.031497173928905249e+04
-5.954095664298664633e+04
-5.875519763582241285e+04
-5.795838063951582444e+04
-5.715121502706781030e+04
-5.633443100839230465e+04
-5.550877694925726973e+04
-5.467501664258886012e+04
-5.383392655109456246e+04
-5.298629303987244930e+04
-5.213290961719836196e+04
-5.127457420103582990e+04
-5.041208642801228416e+04
-4.954624502066369314e+04
-4.867784522768767783e+04
-4.780767635078109015e+04
-4.693651937038967299e+04
-4.606514468139004020e+04
-4.519430994836700120e+04
-4.432475808877171949e+04
-4.345721539085765107e+04
-4.259238977191461890e+04
-4.173096918096797890e+04
-4.087362014879592607e+04
-4.002098648685611988e+04
-3.917368813551253697e+04
-3.833232016082540213e+04
-3.749745189811934688e+04
-3.666962623958171025e+04
-3.584935906226704537e+04
-3.503713879210758023e+04
-3.423342609883620025e+04
-3.343865371614157630e+04
-3.265322638086892039e+04
-3.187752088467239446e+04
-3.111188623120351258e+04
-3.035664389167679838e+04
-2.961208815149602742e+04
-2.887848654053671999e+04
-2.815608033965754657e+04
-2.744508515606353467e+04
-2.674569156023196410e+04
-2.605806577727195690e+04
-2.538235042577208878e+04
-2.471866529742755665e+04
-2.406710817099804990e+04
-2.342775565443679443e+04
-2.280066404934748789e+04
-2.218587023224680888e+04
-2.158339254745314611e+04
-2.099323170677299277e+04
-2.041537169150033515e+04
-1.984978065260016228e+04
-1.929641180529943085e+04
-1.875520431464466310e+04
-1.822608416892541209e+04
-1.770896503819002828e+04
-1.720374911538935339e+04
-1.671032793798527928e+04
-1.622858318815793427e+04
-1.575838747000134936e+04
-1.529960506236411129e+04
-1.485209264623278978e+04
-1.441570000577255632e+04
-1.399027070235584324e+04
-1.357564272109620651e+04
-1.317164908958493106e+04
-1.277811846868462817e+04
-1.239487571538476914e+04
-1.202174241785287450e+04
-1.165853740293438022e+04
-1.130507721645843958e+04
-1.096117657679781951e+04
-1.062664880221653584e+04
-1.030130621260140288e+04
-9.984960506241699477e+03
-9.677423112362317625e+03
-9.378505520161897948e+03
-9.088019585141044445e+03
-8.805777813529384730e+03
-8.531593625636060096e+03
-8.265281598966459569e+03
-8.006657691950934350e+03
-7.755539449136524127e+03
-7.511746188684796834e+03
-7.275099173016612440e+03
-7.045421763435931098e+03
-6.822539559547328281e+03
-6.606280524270364367e+03
-6.396475095231557134e+03
-6.192956283300725772e+03
-5.995559759012568065e+03
-5.804123927594076122e+03
-5.618489993293842417e+03
-5.438502013685432757e+03
-5.264006944589936211e+03
-5.094854676242600362e+03
-4.930898061299285473e+03
-4.771992935250775190e+03
-4.617998129794739725e+03
-4.468775479680235549e+03
-4.324189823527367480e+03
-4.184108999086890435e+03
-4.048403833389904321e+03
-3.916948128210695813e+03
-3.789618641247187952e+03
-3.666295063392557495e+03
-3.546859992460681042e+03
-3.431198903699847961e+03
-3.319200117412387044e+03
-3.210754763981330143e+03
-3.105756746577410013e+03
-3.004102701815957971e+03
-2.905691958603762487e+03
-2.810426495406071354e+03
-2.718210896149328619e+03
-2.628952304954461852e+03
-2.542560379891043340e+03
-2.458947245921235208e+03
-2.378027447191190731e+03
-2.299717898822092138e+03
-2.223937838330263276e+03
-2.150608776808532639e+03
-2.079654449980520894e+03
-2.011000769234604832e+03
-1.944575772734081738e+03
-1.880309576692334304e+03
-1.818134326895205277e+03
-1.757984150543064061e+03
-1.699795108476428368e+03
-1.643505147850849198e+03
-1.589054055309851265e+03
-1.536383410705603865e+03
-1.485436541412885617e+03
-1.436158477269541891e+03
-1.388495906182273075e+03
-1.342397130422373493e+03
-1.297812023640185771e+03
-1.254691988619018730e+03
-1.212989915783025936e+03
-1.172660142482415722e+03
-1.133658413058922861e+03
-1.095941839706630162e+03
-1.059468864135277954e+03
-1.024199220037394753e+03
-9.900938963676036337e+02
-9.571151014274496447e+02
-9.252262277631439247e+02
-8.943918178678712820e+02
-8.645775306875756314e+02
-8.357501089231369633e+02
-8.078773471261117720e+02
-7.809280605765443397e+02
-7.548720549398585717e+02
-7.296800966867782563e+02
-7.053238842733831007e+02
-6.817760200657103269e+02
-6.590099830017950353e+02
-6.370001019754930667e+02
-6.157215299352611737e+02
-5.951502186796883507e+02
-5.752628943413736806e+02
-5.560370335463090896e+02
-5.374508402316636193e+02
-5.194832231140645717e+02
-5.021137737878405005e+02
-4.853227454504072966e+02
-4.690910322308442346e+02
-4.534001491133458899e+02
-4.382322124417362943e+02
-4.235699209883237586e+02
-4.093965375811303034e+02
-3.956958712664644509e+02
-3.824522600019877814e+02
-3.696505538609118844e+02
-3.572760987407227731e+02
-3.453147205581124126e+02
-3.337527099183859036e+02
-3.225768072514422897e+02
-3.117741883965987881e+02
-3.013324506280110882e+02
-2.912395991037240037e+02
-2.814840337351152471e+02
-2.720545364585938160e+02
-2.629402589002531272e+02
-2.541307104219624762e+02
-2.456157465397693329e+02
-2.373855577017738199e+02
-2.294306584194653738e+02
-2.217418767369417196e+02
-2.143103440302905653e+02
-2.071274851309615599e+02
-2.001850087585175686e+02
-1.934748982556896806e+02
-1.869894026191341538e+02
-1.807210278130649499e+02
-1.746625283598256999e+02
-1.688068991990044481e+02
-1.631473678058872849e+02
-1.576773865625845303e+02
-1.523906253733784126e+02
-1.472809645182602765e+02
-1.423424877333895608e+02
-1.375694755184632356e+02
-1.329563986567711424e+02
-1.284979119448190943e+02
-1.241888481268964171e+02
-1.200242120247602315e+02
-1.159991748571040091e+02
-1.121090687437780247e+02
-1.083493813890741393e+02
-1.047157509383653320e+02
-1.012039610028748626e+02
-9.780993584257528539e+01
-9.452973571181951229e+01
-9.135955235415609366e+01
-8.829570464601714264e+01
-8.533463438076316265e+01
-8.247290219413855539e+01
-7.970718362004154756e+01
-7.703426527745824615e+01
-7.445104118403392590e+01
-7.195450918761561354e+01
-6.954176751786245347e+01
-6.721001145144057887e+01
-6.495653008514673843e+01
-6.277870321786392083e+01
-6.067399833298395606e+01
-5.863996768244746960e+01
-5.667424546571347577e+01
-5.477454510445426195e+01
-5.293865660437391085e+01
-5.116444400562355099e+01
-4.944984291963061906e+01
-4.779285814421356804e+01
-4.619156135955191900e+01
-4.464408890123745266e+01
-4.314863960610595939e+01
-4.170347273036556857e+01
-4.030690593667782196e+01
-3.895731334819159031e+01
-3.765312366672360156e+01
-3.639281835534360710e+01
-3.517492987925697179e+01
-3.399804000784487101e+01
-3.286077817093762832e+01
-3.176181987153622899e+01
-3.069988514974571103e+01
-2.967373710117833241e+01
-2.868218044173019976e+01
-2.772406012269891207e+01
-2.679825998956514610e+01
-2.590370148859928534e+01
-2.503934241478804168e+01
-2.420417570281222908e+01
-2.339722825833385400e+01
-2.261755982800125153e+01
-2.186426190755939913e+01
-2.113645668687195922e+01
-2.043329603188723809e+01
-1.975396049733346260e+01
-1.909765837579890047e+01
-1.846362477796061441e+01
-1.785112074401556370e+01
-1.725943238418519954e+01
-1.668787004936875107e+01
-1.613576752970875106e+01
-1.560248127803675722e+01
-1.508738966386556690e+01
-1.458989224929407236e+01
-1.410940909155563716e+01
-1.364538006845751639e+01
-1.319726422542111521e+01
-1.276453914794002387e+01
-1.234670035325192394e+01
-1.194326070278341234e+01
-1.155374983498066399e+01
-1.117771361897751348e+01
-1.081471362574633410e+01
-1.046432661776391271e+01
-1.012614405625686764e+01
-9.799771625822359056e+00
-9.484828774273655227e+00
-9.180948271688819773e+00
-8.887775780770528655e+00
-8.604969445226283042e+00
-8.332199491190829477e+00
-8.069147844249766166e+00
-7.815507757828041413e+00
-7.570983456695802083e+00
-7.335289792753052041e+00
-7.108151911706110937e+00
-6.889304933657198760e+00
-6.678493643972955418e+00
-6.475472196894103583e+00
-6.280003828768186303e+00
-6.091860581227915183e+00
-5.910823036841880374e+00
-5.736680064108759858e+00
-5.569228568773726629e+00
-5.408273259735350003e+00
-5.253626421102660871e+00
-5.105107692316229517e+00
-4.962543857817046877e+00
-4.825768646596515055e+00
-4.694622538197650741e+00
-4.568952576274970312e+00
-4.448612189702285669e+00
-4.333461022593939838e+00
-4.223364770917026334e+00
-4.118195025404298271e+00
-4.017829122703131084e+00
-3.922150001126347707e+00
-3.831046064768123927e+00
-3.744411053888320406e+00
-3.662143920984638257e+00
-3.584148712283797611e+00
-3.510334456070998588e+00
-3.440615056825482299e+00
-3.374909194818116021e+00
-3.313140232246212236e+00
-3.255236122378914576e+00
-3.201129326874121439e+00
-3.150756734858743968e+00
-3.104059591986842115e+00
-3.060983430368675595e+00
-3.021478005316537985e+00
-2.985497237563373041e+00
-2.952999159061814094e+00
-2.923945863417346747e+00
-2.898303462557648480e+00
-2.876042046552266918e+00
-2.857135650077054834e+00
-2.841562219598988470e+00
-2.829303590366832211e+00
-2.820345463950157505e+00
-2.814677391014599905e+00
-2.812292760193511487e+00
-2.813188790518534432e+00
-2.817366526699463414e+00
-2.824830842167067146e+00
-2.835590443115852288e+00
-2.849657879643158420e+00
-2.867049560543947884e+00
-2.887785771298942539e+00
-2.911890698825787993e+00
-2.939392460025678222e+00
-2.970323133007239935e+00
-3.004718795761566419e+00
-3.042619568374669736e+00
-3.084069658035458072e+00
-3.129117412505560303e+00
-3.177815375986847268e+00
-3.230220349149990344e+00
-3.286393457302302590e+00
-3.346400220619969446e+00
-3.410310630723971670e+00
-3.478199231578325445e+00
-3.550145207839475070e+00
-3.626232475227065599e+00
-3.706549780195218524e+00
-3.791190803055207947e+00
-3.880254265409696757e+00
-3.973844047919671496e+00
-4.072069309651924485e+00
-4.175044615447545127e+00
-4.282890069902910213e+00
-4.395731457371804929e+00
-4.513700388160712507e+00
-4.636934452272025275e+00
-4.765577380189831125e+00
-4.899779209493300591e+00
-5.039696460211469109e+00
-5.185492316908783650e+00
-5.337336819522804809e+00
-5.495407060857407266e+00
-5.659887393752805806e+00
-5.830969645007851199e+00
-6.008853339549007799e+00
-6.193745932362294759e+00
-6.385863050102044802e+00
-6.585428743247407013e+00
-6.792675746838962247e+00
-7.007845751526527778e+00
-7.231189684659360850e+00
-7.462968003106813519e+00
-7.703450996390189154e+00
-7.952919101910620014e+00
-8.211663232154702285e+00
-8.479985112179074136e+00
-8.758197631696233998e+00
-9.046625208869317092e+00
-9.345604169407014439e+00
-9.655483138550156497e+00
-9.976623443971609717e+00
-1.030939953956735877e+01
-1.065419944003186359e+01
-1.101142517307749991e+01
-1.138149324729819156e+01
-1.176483513691371918e+01
-1.216189778396457299e+01
-1.257314411895727702e+01
-1.299905359897100254e+01
-1.344012276631130476e+01
-1.389686582640998047e+01
-1.436981524428293078e+01
-1.485952236616924971e+01
-1.536655806034119465e+01
-1.589151337996654689e+01
-1.643500025246396845e+01
-1.699765218945923451e+01
-1.758012502404087130e+01
-1.818309767289595769e+01
-1.880727292644422732e+01
-1.945337826561567240e+01
-2.012216670666942520e+01
-2.081441767706451529e+01
-2.153093792066211876e+01
-2.227256243502263189e+01
-2.304015544161466522e+01
-2.383461138941986235e+01
-2.465685599365381009e+01
-2.550784731067826172e+01
-2.638857685004013476e+01
-2.730007072620694331e+01
-2.824339084803112598e+01
-2.921963615209337561e+01
-3.022994387725846011e+01
-3.127549088327138449e+01
-3.235749501607105572e+01
-3.347721651914416441e+01
-3.463595949571460864e+01
-3.583507341841386307e+01
-3.707595469345340433e+01
-3.836004827813787443e+01
-3.968884935507372091e+01
-4.106390506168625620e+01
-4.248681628215217643e+01
-4.395923950053264662e+01
-4.548288871535423539e+01
-4.705953742218558489e+01
-4.869102066516688865e+01
-5.037923715801892399e+01
-5.212615147577891861e+01
-5.393379632601537566e+01
-5.580427489474798364e+01
-5.773976327425495469e+01
-5.974251297521922766e+01
-6.181485352064386518e+01
-6.395919513383685739e+01
-6.617803151469163936e+01
-6.847394271383248565e+01
-7.084959810081859644e+01
-7.330775943863206123e+01
-7.585128405861115652e+01
-7.848312814798958925e+01
-8.120635014457975842e+01
-8.402411425112599375e+01
-8.693969406777955555e+01
-8.995647634769511569e+01
-9.307796487983435441e+01
-9.630778450452496031e+01
-9.964968526422623540e+01
-1.031075466962321769e+02
-1.066853822702259862e+02
-1.103873439736532447e+02
-1.142177270545800951e+02
-1.181809749242405303e+02
-1.222816842224983276e+02
-1.265246100578573731e+02
-1.309146714194183119e+02
-1.354569567721036378e+02
-1.401567298427310675e+02
-1.450194355923335365e+02
-1.500507063977244684e+02
-1.552563684306528557e+02
-1.606424482568588417e+02
-1.662151796493849361e+02
-1.719810106318838336e+02
-1.779466107549116884e+02
-1.841188786125939032e+02
-1.905049496086517138e+02
-1.971122039780905197e+02
-2.039482750748396143e+02
-2.110210579304073235e+02
-2.183387180937769472e+02
-2.259097007623600462e+02
-2.337427402091787769e+02
-2.418468695194162024e+02
-2.502314306423128301e+02
-2.589060847705052879e+02
-2.678808230548281699e+02
-2.771659776646214937e+02
-2.867722332050053637e+02
-2.967106385004332765e+02
-3.069926187551037629e+02
-3.176299881016598192e+02
-3.286349625492512132e+02
-3.400201733414205592e+02
-3.517986807365764435e+02
-3.639839882218700495e+02
-3.765900571727321449e+02
-3.896313219701134472e+02
-4.031227055878463261e+02
-4.170796356624067585e+02
-4.315180610585062482e+02
-4.464544689424048443e+02
-4.619059023762029028e+02
-4.778899784471108774e+02
-4.944249069432009378e+02
-5.115295095911461090e+02
-5.292232398670741986e+02
-5.475262033966546369e+02
-5.664591789545237361e+02
-5.860436400804693449e+02
-6.063017773231448473e+02
-6.272565211244867669e+02
-6.489315653613065251e+02
-6.713513915526158371e+02
-6.945412937505648188e+02
-7.185274041238437803e+02
-7.433367192479229288e+02
-7.689971271139679629e+02
-7.955374348683666312e+02
-8.229873972938870565e+02
-8.513777460430801511e+02
-8.807402196337853866e+02
-9.111075942174275042e+02
-9.425137151276526311e+02
-9.749935292170550838e+02
-1.008583117988479557e+03
-1.043319731528337797e+03
-1.079241823243391536e+03
-1.116389085406809727e+03
-1.154802485513668216e+03
-1.194524303445337409e+03
-1.235598169441753043e+03
-1.278069102878059766e+03
-1.321983551838116227e+03
-1.367389433477094599e+03
-1.414336175163115513e+03
-1.462874756382632768e+03
-1.513057751392976797e+03
-1.564939372604120081e+03
-1.618575514662853493e+03
-1.674023799214133760e+03
-1.731343620307230822e+03
-1.790596190411633643e+03
-1.851844587000103047e+03
-1.915153799654477098e+03
-1.980590777644503078e+03
-2.048224477917834975e+03
-2.118125913442354886e+03
-2.190368201828488054e+03
-2.265026614153923674e+03
-2.342178623906931534e+03
-2.421903955953849618e+03
-2.504284635429960872e+03
-2.589405036441449738e+03
-2.677351930459171399e+03
-2.768214534272094170e+03
-2.862084557357892663e+03
-2.959056248517711992e+03
-3.059226441608806908e+03
-3.162694600196318788e+03
-3.269562860930461738e+03
-3.379936075444378730e+03
-3.493921850547591021e+03
-3.611630586481219325e+03
-3.733175512976793925e+03
-3.858672722848463309e+03
-3.988241202831834471e+03
-4.122002861355025743e+03
-4.260082552919936461e+03
-4.402608098740256537e+03
-4.549710303271229350e+03
-4.701522966236645516e+03
-4.858182889741206054e+03
-5.019829880031698849e+03
-5.186606743445212487e+03
-5.358659276062235222e+03
-5.536136246552986449e+03
-5.719189371685340120e+03
-5.907973283933762104e+03
-6.102645490603738835e+03
-6.303366323863774596e+03
-6.510298881045371672e+03
-6.723608954557181278e+03
-6.943464950719570879e+03
-7.170037796815230649e+03
-7.403500835623844068e+03
-7.644029706683846598e+03
-7.891802213508713976e+03
-8.146998175962944515e+03
-8.409799266988253294e+03
-8.680388832855052897e+03
-8.958951696103742506e+03
-9.245673940332559141e+03
-9.540742675981307912e+03
-9.844345786266894720e+03
-1.015667165242171177e+04
-1.047790885740469457e+04
-1.080824586726548114e+04
-1.114787068936542892e+04
-1.149697050669128475e+04
-1.185573128752846424e+04
-1.222433736981429684e+04
-1.260297101954147365e+04
-1.299181196264738173e+04
-1.339103688990369119e+04
-1.380081893440298882e+04
-1.422132712134304165e+04
-1.465272578991674891e+04
-1.509517398724591294e+04
-1.554882483443159435e+04
-1.601382486495158082e+04
-1.649031333580235514e+04
-1.697842151197540807e+04
-1.747827192504060440e+04
-1.798997760684928653e+04
-1.851364129958598642e+04
-1.904935464365426014e+04
-1.959719734514525044e+04
-2.015723632491777607e+04
-2.072952485161392178e+04
-2.131410166124181342e+04
-2.191099006627833296e+04
-2.252019705757503107e+04
-2.314171240269162809e+04
-2.377550774462600020e+04
-2.442153570526452677e+04
-2.507972899822218096e+04
-2.574999955609773679e+04
-2.643223767750883781e+04
-2.712631119960674187e+04
-2.783206470209095278e+04
-2.854931874904326469e+04
-2.927786917517422626e+04
-3.001748642332659438e+04
-3.076791494028564921e+04
-3.152887263811782032e+04
-3.230005042838369627e+04
-3.308111183663556585e+04
-3.387169270462125860e+04
-3.467140098756284715e+04
-3.547981665374782460e+04
-3.629649169346766575e+04
-3.712095024405750155e+04
-3.795268883741658647e+04
-3.879117677593238477e+04
-3.963585664217827434e+04
-4.048614494711405860e+04
-4.134143292077297519e+04
-4.220108744859519356e+04
-4.306445215563938109e+04
-4.393084863989551377e+04
-4.479957785482837062e+04
-4.566992164011444402e+04
-4.654114439829847834e+04
-4.741249491380379914e+04
-4.828320830939520238e+04
-4.915250813382354681e+04
-5.001960857299673808e+04
-5.088371677563722187e+04
-5.174403528301660117e+04
-5.259976455102703767e+04
-5.345010555157078488e+04
-5.429426243904380681e+04
-5.513144526657940150e+04
-5.596087273572006961e+04
-5.678177496231745317e+04
-5.759339624074114545e+04
-5.839499778792417783e+04
-5.918586044839547685e+04
-5.996528734126598283e+04
-6.073260643014914967e+04
-6.148717299722108146e+04
-6.222837200305681472e+04
-6.295562031452622614e+04
-6.366836878388597688e+04
-6.436610416326065751e+04
-6.504835083995583409e+04
-6.571467237947612011e+04
-6.636467286471280386e+04
-6.699799802150801406e+04
-6.761433612266161072e+04
-6.821341866441114689e+04
-6.879502081144959084e+04
-6.935896160862964462e+04
-6.990510395960412279e+04
-7.043335437474474020e+04
-7.094366249273548601e+04
-7.143602038222701231e+04
-7.191046163183619501e+04
-7.236706023855721287e+04
-7.280592930629535113e+04
-7.322721956771977420e+04
-7.363111774394307577e+04
-7.401784475765711977e+04
-7.438765381627628813e+04
-7.474082838235510280e+04
-7.507768004905189446e+04
-7.539854633870295947e+04
-7.570378844265875523e+04
-7.599378892041646759e+04
-7.626894937577491510e+04
-7.652968812724736927e+04
-7.677643788931077870e+04
-7.700964348026057996e+04
-7.722975957149814349e+04
-7.743724849201935285e+04
-7.763257810071915446e+04
-7.781621973789630283e+04
-7.798864626605680678e+04
-7.815033020879028481e+04
-7.830174199515333748e+04
-7.844334831565180502e+04
-7.857561059459052922e+04
-7.869898358226611163e+04
-7.881391406923334580e+04
-7.892083972368812829e+04
-7.902018805189133855e+04
-7.911237548051807971e+04
-7.919780655886055320e+04
-7.927687327794780140e+04
-7.934995450287306448e+04
-7.941741551394377893e+04
-7.947960765168906073e+04
-7.953686806027436978e+04
-7.958951952348198392e+04
-7.963787038711391506e+04
-7.968221456145819684e+04
-7.972283159732462082e+04
-7.975998682909656782e+04
-7.979393157825534581e+04
-7.982490341090611764e+04
-7.985312644296389772e+04
-7.987881168683651777e+04
-7.990215743366313109e+04
-7.992334966542487382e+04
-7.994256249153193494e+04
-7.995995860480306146e+04
-7.997568975208305346e+04
-7.998989721508580260e+04
-8.000271229740021226e+04
-8.001425681394871208e+04
-8.002464357953961007e+04
-8.003397689350068686e+04
-8.004235301772014645e+04
-8.004986064574803459e+04
-8.005658136092610948e+04
-8.006259008181295940e+04
-8.006795549345393374e+04
-8.007274046331044519e+04
-8.007700244090938941e+04
-8.008079384050121007e+04
-8.008416240622288024e+04
-8.008715155945146398e+04
-8.008980072820410714e+04
-8.009214565859179129e+04
-8.009421870846863021e+04
-8.009604912353502004e+04
-8.009766329625388607e+04
-8.009908500802489289e+04
-8.010033565513245412e+04
-8.010143445904165856e+04
-8.010239866166215506e+04
-8.010324370623436698e+04
-8.010398340451798867e+04
-8.010463009097742906e+04
0.000000000000000000e+00
0.000000000000000000e+00
0.000000000000000000e+00
0.000000000000000000e+00
0.000000000000000000e+00
0.000000000000000000e+00
0.000000000000000000e+00
0.000000000000000000e+00
0.000000000000000000e+00
0.000000000000000000e+00
0.000000000000000000e+00
0.000000000000000000e+00
0.000000000000000000e+00
0.000000000000000000e+00
0.000000000000000000e+00
0.000000000000000000e+00
0.000000000000000000e+00
0.000000000000000000e+00
0.000000000000000000e+00
0.000000000000000000e+00
0.000000000000000000e+00
0.000000000000000000e+00
0.000000000000000000e+00
0.000000000000000000e+00
0.000000000000000000e+00
0.000000000000000000e+00
0.000000000000000000e+00
0.000000000000000000e+00
0.000000000000000000e+00
0.000000000000000000e+00
0.000000000000000000e+00
0.000000000000000000e+00
0.000000000000000000e+00
0.000000000000000000e+00
0.000000000000000000e+00
0.000000000000000000e+00
0.000000000000000000e+00
0.000000000000000000e+00
0.000000000000000000e+00
0.000000000000000000e+00
0.000000000000000000e+00
0.000000000000000000e+00
0.000000000000000000e+00
0.000000000000000000e+00
0.000000000000000000e+00
0.000000000000000000e+00
0.000000000000000000e+00
0.000000000000000000e+00
0.000000000000000000e+00
0.000000000000000000e+00
0.000000000000000000e+00
0.000000000000000000e+00
0.000000000000000000e+00
0.000000000000000000e+00
0.000000000000000000e+00
0.000000000000000000e+00
0.000000000000000000e+00
0.000000000000000000e+00
0.000000000000000000e+00
0.000000000000000000e+00
0.000000000000000000e+00
0.000000000000000000e+00
0.000000000000000000e+00
0.000000000000000000e+00
0.000000000000000000e+00
0.000000000000000000e+00
0.000000000000000000e+00
0.000000000000000000e+00
0.000000000000000000e+00
0.000000000000000000e+00
0.000000000000000000e+00
0.000000000000000000e+00
0.000000000000000000e+00
0.000000000000000000e+00
0.000000000000000000e+00
0.000000000000000000e+00
0.000000000000000000e+00
0.000000000000000000e+00
0.000000000000000000e+00
0.000000000000000000e+00
0.000000000000000000e+00
0.000000000000000000e+00
0.000000000000000000e+00
0.000000000000000000e+00
0.000000000000000000e+00
0.000000000000000000e+00
0.000000000000000000e+00
0.000000000000000000e+00
0.000000000000000000e+00
0.000000000000000000e+00
0.000000000000000000e+00
0.000000000000000000e+00
0.000000000000000000e+00
0.000000000000000000e+00
0.000000000000000000e+00
0.000000000000000000e+00
0.000000000000000000e+00
0.000000000000000000e+00
0.000000000000000000e+00
0.000000000000000000e+00
0.000000000000000000e+00
