0.000000000000000000e+00
0.000000000000000000e+00
0.000000000000000000e+00
0.000000000000000000e+00
0.000000000000000000e+00
0.000000000000000000e+00
0.000000000000000000e+00
0.000000000000000000e+00
0.000000000000000000e+00
0.000000000000000000e+00
0.000000000000000000e+00
0.000000000000000000e+00
0.000000000000000000e+00
0.000000000000000000e+00
0.000000000000000000e+00
0.000000000000000000e+00
0.000000000000000000e+00
0.000000000000000000e+00
0.000000000000000000e+00
0.000000000000000000e+00
0.000000000000000000e+00
0.000000000000000000e+00
0.000000000000000000e+00
0.000000000000000000e+00
0.000000000000000000e+00
0.000000000000000000e+00
0.000000000000000000e+00
0.000000000000000000e+00
0.000000000000000000e+00
0.000000000000000000e+00
0.000000000000000000e+00
0.000000000000000000e+00
0.000000000000000000e+00
0.000000000000000000e+00
0.000000000000000000e+00
0.000000000000000000e+00
0.000000000000000000e+00
0.000000000000000000e+00
0.000000000000000000e+00
0.000000000000000000e+00
0.000000000000000000e+00
0.000000000000000000e+00
0.000000000000000000e+00
0.000000000000000000e+00
0.000000000000000000e+00
0.000000000000000000e+00
0.000000000000000000e+00
0.000000000000000000e+00
0.000000000000000000e+00
0.000000000000000000e+00
0.000000000000000000e+00
0.000000000000000000e+00
0.000000000000000000e+00
0.000000000000000000e+00
0.000000000000000000e+00
0.000000000000000000e+00
0.000000000000000000e+00
0.000000000000000000e+00
0.000000000000000000e+00
0.000000000000000000e+00
0.000000000000000000e+00
0.000000000000000000e+00
0.000000000000000000e+00
0.000000000000000000e+00
0.000000000000000000e+00
0.000000000000000000e+00
0.000000000000000000e+00
0.000000000000000000e+00
0.000000000000000000e+00
0.000000000000000000e+00
0.000000000000000000e+00
0.000000000000000000e+00
0.000000000000000000e+00
0.000000000000000000e+00
0.000000000000000000e+00
0.000000000000000000e+00
0.000000000000000000e+00
0.000000000000000000e+00
0.000000000000000000e+00
0.000000000000000000e+00
0.000000000000000000e+00
0.000000000000000000e+00
0.000000000000000000e+00
0.000000000000000000e+00
0.000000000000000000e+00
0.000000000000000000e+00
0.000000000000000000e+00
0.000000000000000000e+00
0.000000000000000000e+00
0.000000000000000000e+00
0.000000000000000000e+00
0.000000000000000000e+00
0.000000000000000000e+00
0.000000000000000000e+00
0.000000000000000000e+00
0.000000000000000000e+00
0.000000000000000000e+00
0.000000000000000000e+00
0.000000000000000000e+00
0.000000000000000000e+00
0.000000000000000000e+00
-8.010463009097772010e+04
-8.010398340451864351e+04
-8.010324370623550203e+04
-8.010239866166388674e+04
-8.010143445904416149e+04
-8.010033565513590293e+04
-8.009908500802952040e+04
-8.009766329625992512e+04
-8.009604912354280532e+04
-8.009421870847849641e+04
-8.009214565860417497e+04
-8.008980072821950307e+04
-8.008715155947046878e+04
-8.008416240624613420e+04
-8.008079384052949899e+04
-8.007700244094361551e+04
-8.007274046335162711e+04
-8.006795549350326473e+04
-8.006259008187179279e+04
-8.005658136099597323e+04
-8.004986064583071857e+04
-8.004235301781764429e+04
-8.003397689361528319e+04
-8.002464357967386604e+04
-8.001425681410556717e+04
-8.000271229758292611e+04
-7.998989721529808594e+04
-7.997568975232902449e+04
-7.995995860508737678e+04
-7.994256249185976048e+04
-7.992334966580200125e+04
-7.990215743409597781e+04
-7.987881168733222876e+04
-7.985312644353040378e+04
-7.982490341155216447e+04
-7.979393157899061043e+04
-7.975998682993168768e+04
-7.972283159827132476e+04
-7.968221456252933422e+04
-7.963787038832358667e+04
-7.958951952484558569e+04
-7.953686806180872372e+04
-7.947960765341247316e+04
-7.941741551587615686e+04
-7.934995450503600296e+04
-7.927687328036475810e+04
-7.919780656155676115e+04
-7.911237548352083832e+04
-7.902018805523004266e+04
-7.892083972739438468e+04
-7.881391407334107498e+04
-7.869898358681164973e+04
-7.857561059961272986e+04
-7.844334832119209750e+04
-7.830174200125588686e+04
-7.815033021550207923e+04
-7.798864627342765743e+04
-7.781621974597903318e+04
-7.763257810956961475e+04
-7.743724850169650745e+04
-7.722975958206409996e+04
-7.700964349178073462e+04
-7.677643790185378748e+04
-7.652968814088519139e+04
-7.626894939058287127e+04
-7.599378893647325458e+04
-7.570378846004644583e+04
-7.539854635750701709e+04
-7.507768006936115853e+04
-7.474082840426177427e+04
-7.438765383987588575e+04
-7.401784478304853837e+04
-7.363111777122838248e+04
-7.322721959700428124e+04
-7.280592933768749936e+04
-7.236706027216854272e+04
-7.191046166778124461e+04
-7.143602042062328837e+04
-7.094366253370331833e+04
-7.043335441840731073e+04
-6.990510400608726195e+04
-6.935896165806178760e+04
-6.879502086396176310e+04
-6.821341872013673128e+04
-6.761433618173639115e+04
-6.699799808407010278e+04
-6.636467293090269959e+04
-6.571467244943630067e+04
-6.504835091383096733e+04
-6.436610424119757226e+04
-6.366836886603369931e+04
-6.295562040103573236e+04
-6.222837209408121998e+04
-6.148717309291551646e+04
-6.073260653067087696e+04
-5.996528744677462964e+04
-5.918586055905243848e+04
-5.839499790389331611e+04
-5.759339636218942178e+04
-5.678177508941420092e+04
-5.596087286863742338e+04
-5.513144540549231169e+04
-5.429426258413038158e+04
-5.345010570301248663e+04
-5.259976470900886488e+04
-5.174403544772735040e+04
-5.088371694726982241e+04
-5.001960875174831745e+04
-4.915250831989601284e+04
-4.828320850299539597e+04
-4.741249511514406186e+04
-4.654114460759651411e+04
-4.566992185759403219e+04
-4.479957808071999170e+04
-4.393084887443642219e+04
-4.306445239907401992e+04
-4.220108770117548556e+04
-4.134143318275935599e+04
-4.048614521877498191e+04
-3.963585692379158718e+04
-3.879117706778538559e+04
-3.795268913980718935e+04
-3.712095055729334126e+04
-3.629649201786748745e+04
-3.547981698964208772e+04
-3.467140133529440209e+04
-3.387169306454520847e+04
-3.308111220912065619e+04
-3.230005081381203127e+04
-3.152887303688596876e+04
-3.076791535280543394e+04
-3.001748685002510683e+04
-2.927786961649465593e+04
-2.854931920544560126e+04
-2.783206517405287013e+04
-2.712631168762374728e+04
-2.643223818209575620e+04
-2.575000007778831059e+04
-2.507972953757015785e+04
-2.442153626284331403e+04
-2.377550832103338325e+04
-2.314171299854714380e+04
-2.252019767352136114e+04
-2.191099070298170045e+04
-2.131410231939244841e+04
-2.072952553192920823e+04
-2.015723702814179342e+04
-1.959719807204938843e+04
-1.904935539503750260e+04
-1.851364207627641008e+04
-1.798997840970477409e+04
-1.747827275495246795e+04
-1.697842236986728676e+04
-1.649031422263124841e+04
-1.601382578170863781e+04
-1.554882578214370005e+04
-1.509517496697556089e+04
-1.465272680276661413e+04
-1.422132816845532216e+04
-1.380082001696129919e+04
-1.339103800913286977e+04
-1.299181311981582439e+04
-1.260297221596196869e+04
-1.222433860684656975e+04
-1.185573256658277023e+04
-1.149697182922681350e+04
-1.114787205689314214e+04
-1.080824728134904399e+04
-1.047791031966264200e+04
-1.015667316452869454e+04
-9.844347349955836762e+03
-9.540744293047595420e+03
-9.245675612636667211e+03
-8.958953425571380649e+03
-8.680390621478161847e+03
-8.409801116828675731e+03
-8.147000089154095804e+03
-7.891804192258242438e+03
-7.644031753276581185e+03
-7.403502952423507850e+03
-7.170039986267986023e+03
-6.943467215360100454e+03
-6.723611297007957546e+03
-6.510301304019947565e+03
-6.303368830170266847e+03
-6.102648083147786565e+03
-5.907975965720943350e+03
-5.719192145825398256e+03
-5.536139116264378572e+03
-5.358662244676423143e+03
-5.186609814408499915e+03
-5.019833056909812512e+03
-4.858186176223391158e+03
-4.701526366143203632e+03
-4.549713820555745770e+03
-4.402611737493199144e+03
-4.260086317373131351e+03
-4.122006755887728104e+03
-3.988245231974261060e+03
-3.858676891288507704e+03
-3.733179825566210638e+03
-3.611635048239247226e+03
-3.493926466667640852e+03
-3.379940851299764745e+03
-3.269567802081529408e+03
-3.162699712395821280e+03
-3.059231730809280180e+03
-2.959061720878098640e+03
-2.862090219251058443e+03
-2.768220392294890189e+03
-2.677357991437457258e+03
-2.589411307438907443e+03
-2.504291123754785076e+03
-2.421910669168025834e+03
-2.342185569834601665e+03
-2.265033800890674229e+03
-2.190375637751630620e+03
-2.118133607219398073e+03
-2.048232438517430637e+03
-1.980599014346261583e+03
-1.915162322060451970e+03
-1.851853405045530963e+03
-1.790605314377182367e+03
-1.731353060829868127e+03
-1.674033567300181176e+03
-1.618585621701673290e+03
-1.564949830379147443e+03
-1.513068572098137338e+03
-1.462885952635245758e+03
-1.414347760018461713e+03
-1.367401420443201914e+03
-1.321995954892542386e+03
-1.278081936483805521e+03
-1.235611448564476632e+03
-1.194538043570030368e+03
-1.154816702663257274e+03
-1.116403796162401250e+03
-1.079257044763379781e+03
-1.043335481567412899e+03
-1.008599414917283639e+03
-9.750103920443302741e+02
-9.425311635229497824e+02
-9.111256485324814776e+02
-8.807589009280828805e+02
-8.513970761068048887e+02
-8.230073986741973613e+02
-7.955581308955019040e+02
-7.690185419292679398e+02
-7.433588778301705133e+02
-7.185503323206283994e+02
-6.945650183065711190e+02
-6.713759401411166436e+02
-6.489569666170311848e+02
-6.272828046773936421e+02
-6.063289738319464277e+02
-5.860717812699625711e+02
-5.664882976509539958e+02
-5.475563335659817312e+02
-5.292544166552930847e+02
-5.115617693656492975e+02
-4.944582873342171752e+02
-4.779245183925087872e+02
-4.619416421661870800e+02
-4.464914502668891600e+02
-4.315563270555950339e+02
-4.171192309688000819e+02
-4.031636763914819426e+02
-3.896737160631312804e+02
-3.766339240075139401e+02
-3.640293789688421384e+02
-3.518456483438083637e+02
-3.400687725963198886e+02
-3.286852501429900144e+02
-3.176820226945575882e+02
-3.070464610453758496e+02
-2.967663512964015240e+02
-2.868298814972872037e+02
-2.772256287001038686e+02
-2.679425464177163576e+02
-2.589699524629307348e+02
-2.502975171669194765e+02
-2.419152519679680040e+02
-2.338134983509305584e+02
-2.259829171392882188e+02
-2.184144781152617441e+02
-2.110994499718612190e+02
-2.040293905832814403e+02
-1.971961375785044766e+02
-1.905917992120668032e+02
-1.842087455317433751e+02
-1.780395998216882276e+02
-1.720772303218909940e+02
-1.663147422067251284e+02
-1.607454698252220453e+02
-1.553629691882223369e+02
-1.501610106984690560e+02
-1.451335721104396441e+02
-1.402748317226041479e+02
-1.355791617851004958e+02
-1.310411221224179599e+02
-1.266554539615732438e+02
-1.224170739621881836e+02
-1.183210684378137358e+02
-1.143626877678012761e+02
-1.105373409900338260e+02
-1.068405905710333457e+02
-1.032681473392730709e+02
-9.981586559796265590e+01
-9.647973838724345796e+01
-9.325589290483638649e+01
-9.014058607813207402e+01
-8.713020027729385220e+01
-8.422123917638384683e+01
-8.141032374241666503e+01
-7.869418836601728628e+01
-7.606967711011463962e+01
-7.353374009139052703e+01
-7.108342997465695134e+01
-6.871589858633372216e+01
-6.642839364172543526e+01
-6.421825557723832389e+01
-6.208291449041822574e+01
-6.001988717993962297e+01
-5.802677428794299885e+01
-5.610125753291514172e+01
-5.424109703680012018e+01
-5.244412874456696017e+01
-5.070826192378312669e+01
-4.903147675498888702e+01
-4.741182199733580660e+01
-4.584741273769324721e+01
-4.433642820971831355e+01
-4.287710969083492785e+01
-4.146775846963871004e+01
-4.010673388126537020e+01
-3.879245140964751926e+01
-3.752338085484264951e+01
-3.629804455840063326e+01
-3.511501569737207973e+01
-3.397291662915230859e+01
-3.287041729695599912e+01
-3.180623368941749973e+01
-3.077912635091924187e+01
-2.978789894587376352e+01
-2.883139687233606097e+01
-2.790850592389254459e+01
-2.701815099475157922e+01
-2.615929483535785494e+01
-2.533093684890743091e+01
-2.453211192664531382e+01
-2.376188933225683542e+01
-2.301937161974080581e+01
-2.230369359174251898e+01
-2.161402129401362160e+01
-2.094955104782657074e+01
-2.030950851561288317e+01
-1.969314780256690156e+01
-1.909975058986053043e+01
-1.852862530138274622e+01
-1.797910629692914242e+01
-1.745055310056130438e+01
-1.694234965749134147e+01
-1.645390361213712893e+01
-1.598464562689550128e+01
-1.553402871500056293e+01
-1.510152760819708817e+01
-1.468663814314392724e+01
-1.428887667597698830e+01
-1.390777951980626170e+01
-1.354290240608237106e+01
-1.319381996656398037e+01
-1.286012523838056865e+01
-1.254142919209377460e+01
-1.223736027703725426e+01
-1.194756399060128871e+01
-1.167170246513998499e+01
-1.140945407452239557e+01
-1.116051306083295280e+01
-1.092458917643655170e+01
-1.070140734791323389e+01
-1.049070735498121287e+01
-1.029224352852623703e+01
-1.010578446526434426e+01
-9.931112754436124845e+00
-9.768024728703798232e+00
-9.616330226219643507e+00
-9.475852368725698582e+00
-9.346427353889149359e+00
-9.227904268120306952e+00
-9.120144908164258268e+00
-9.023023621142986173e+00
-8.936427157714952330e+00
-8.860254541588526322e+00
-8.794416951335710664e+00
-8.738837614291163902e+00
-8.693451721052092296e+00
-8.658206348665776986e+00
-8.633060398160312232e+00
-8.617984546633575604e+00
-8.612961214900387574e+00
-8.617984546633575604e+00
-8.633060398160312232e+00
-8.658206348665776986e+00
-8.693451721052092296e+00
-8.738837614291163902e+00
-8.794416951335710664e+00
-8.860254541588526322e+00
-8.936427157714952330e+00
-9.023023621142986173e+00
-9.120144908164258268e+00
-9.227904268120306952e+00
-9.346427353889149359e+00
-9.475852368725698582e+00
-9.616330226219643507e+00
-9.768024728703798232e+00
-9.931112754436124845e+00
-1.010578446526434426e+01
-1.029224352852623703e+01
-1.049070735498121287e+01
-1.070140734791323389e+01
-1.092458917643655170e+01
-1.116051306083295280e+01
-1.140945407452239557e+01
-1.167170246513998499e+01
-1.194756399060128871e+01
-1.223736027703725426e+01
-1.254142919209377460e+01
-1.286012523838056865e+01
-1.319381996656398037e+01
-1.354290240608237106e+01
-1.390777951980626170e+01
-1.428887667597698830e+01
-1.468663814314392724e+01
-1.510152760819708817e+01
-1.553402871500056293e+01
-1.598464562689550128e+01
-1.645390361213712893e+01
-1.694234965749134147e+01
-1.745055310056130438e+01
-1.797910629692914242e+01
-1.852862530138274622e+01
-1.909975058986053043e+01
-1.969314780256690156e+01
-2.030950851561288317e+01
-2.094955104782657074e+01
-2.161402129401362160e+01
-2.230369359174251898e+01
-2.301937161974080581e+01
-2.376188933225683542e+01
-2.453211192664531382e+01
-2.533093684890743091e+01
-2.615929483535785494e+01
-2.701815099475157922e+01
-2.790850592389254459e+01
-2.883139687233606097e+01
-2.978789894587376352e+01
-3.077912635091924187e+01
-3.180623368941749973e+01
-3.287041729695599912e+01
-3.397291662915230859e+01
-3.511501569737207973e+01
-3.629804455840063326e+01
-3.752338085484264951e+01
-3.879245140964751926e+01
-4.010673388126537020e+01
-4.146775846963871004e+01
-4.287710969083492785e+01
-4.433642820971831355e+01
-4.584741273769324721e+01
-4.741182199733580660e+01
-4.903147675498888702e+01
-5.070826192378312669e+01
-5.244412874456696017e+01
-5.424109703680012018e+01
-5.610125753291514172e+01
-5.802677428794299885e+01
-6.001988717993962297e+01
-6.208291449041822574e+01
-6.421825557723832389e+01
-6.642839364172543526e+01
-6.871589858633372216e+01
-7.108342997465695134e+01
-7.353374009139052703e+01
-7.606967711011463962e+01
-7.869418836601728628e+01
-8.141032374241666503e+01
-8.422123917638384683e+01
-8.713020027729385220e+01
-9.014058607813207402e+01
-9.325589290483638649e+01
-9.647973838724345796e+01
-9.981586559796265590e+01
-1.032681473392730709e+02
-1.068405905710333457e+02
-1.105373409900338260e+02
-1.143626877678012761e+02
-1.183210684378137358e+02
-1.224170739621881836e+02
-1.266554539615732438e+02
-1.310411221224179599e+02
-1.355791617851004958e+02
-1.402748317226041479e+02
-1.451335721104396441e+02
-1.501610106984690560e+02
-1.553629691882223369e+02
-1.607454698252220453e+02
-1.663147422067251284e+02
-1.720772303218909940e+02
-1.780395998216882276e+02
-1.842087455317433751e+02
-1.905917992120668032e+02
-1.971961375785044766e+02
-2.040293905832814403e+02
-2.110994499718612190e+02
-2.184144781152617441e+02
-2.259829171392882188e+02
-2.338134983509305584e+02
-2.419152519679680040e+02
-2.502975171669194765e+02
-2.589699524629307348e+02
-2.679425464177163576e+02
-2.772256287001038686e+02
-2.868298814972872037e+02
-2.967663512964015240e+02
-3.070464610453758496e+02
-3.176820226945575882e+02
-3.286852501429900144e+02
-3.400687725963198886e+02
-3.518456483438083637e+02
-3.640293789688421384e+02
-3.766339240075139401e+02
-3.896737160631312804e+02
-4.031636763914819426e+02
-4.171192309688000819e+02
-4.315563270555950339e+02
-4.464914502668891600e+02
-4.619416421661870800e+02
-4.779245183925087872e+02
-4.944582873342171752e+02
-5.115617693656492975e+02
-5.292544166552930847e+02
-5.475563335659817312e+02
-5.664882976509539958e+02
-5.860717812699625711e+02
-6.063289738319464277e+02
-6.272828046773936421e+02
-6.489569666170311848e+02
-6.713759401411166436e+02
-6.945650183065711190e+02
-7.185503323206283994e+02
-7.433588778301705133e+02
-7.690185419292679398e+02
-7.955581308955019040e+02
-8.230073986741973613e+02
-8.513970761068048887e+02
-8.807589009280828805e+02
-9.111256485324814776e+02
-9.425311635229497824e+02
-9.750103920443302741e+02
-1.008599414917283639e+03
-1.043335481567412899e+03
-1.079257044763379781e+03
-1.116403796162401250e+03
-1.154816702663257274e+03
-1.194538043570030368e+03
-1.235611448564476632e+03
-1.278081936483805521e+03
-1.321995954892542386e+03
-1.367401420443201914e+03
-1.414347760018461713e+03
-1.462885952635245758e+03
-1.513068572098137338e+03
-1.564949830379147443e+03
-1.618585621701673290e+03
-1.674033567300181176e+03
-1.731353060829868127e+03
-1.790605314377182367e+03
-1.851853405045530963e+03
-1.915162322060451970e+03
-1.980599014346261583e+03
-2.048232438517430637e+03
-2.118133607219398073e+03
-2.190375637751630620e+03
-2.265033800890674229e+03
-2.342185569834601665e+03
-2.421910669168025834e+03
-2.504291123754785076e+03
-2.589411307438907443e+03
-2.677357991437457258e+03
-2.768220392294890189e+03
-2.862090219251058443e+03
-2.959061720878098640e+03
-3.059231730809280180e+03
-3.162699712395821280e+03
-3.269567802081529408e+03
-3.379940851299764745e+03
-3.493926466667640852e+03
-3.611635048239247226e+03
-3.733179825566210638e+03
-3.858676891288507704e+03
-3.988245231974261060e+03
-4.122006755887728104e+03
-4.260086317373131351e+03
-4.402611737493199144e+03
-4.549713820555745770e+03
-4.701526366143203632e+03
-4.858186176223391158e+03
-5.019833056909812512e+03
-5.186609814408499915e+03
-5.358662244676423143e+03
-5.536139116264378572e+03
-5.719192145825398256e+03
-5.907975965720943350e+03
-6.102648083147786565e+03
-6.303368830170266847e+03
-6.510301304019947565e+03
-6.723611297007957546e+03
-6.943467215360100454e+03
-7.170039986267986023e+03
-7.403502952423507850e+03
-7.644031753276581185e+03
-7.891804192258242438e+03
-8.147000089154095804e+03
-8.409801116828675731e+03
-8.680390621478161847e+03
-8.958953425571380649e+03
-9.245675612636667211e+03
-9.540744293047595420e+03
-9.844347349955836762e+03
-1.015667316452869454e+04
-1.047791031966264200e+04
-1.080824728134904399e+04
-1.114787205689314214e+04
-1.149697182922681350e+04
-1.185573256658277023e+04
-1.222433860684656975e+04
-1.260297221596196869e+04
-1.299181311981582439e+04
-1.339103800913286977e+04
-1.380082001696129919e+04
-1.422132816845532216e+04
-1.465272680276661413e+04
-1.509517496697556089e+04
-1.554882578214370005e+04
-1.601382578170863781e+04
-1.649031422263124841e+04
-1.697842236986728676e+04
-1.747827275495246795e+04
-1.798997840970477409e+04
-1.851364207627641008e+04
-1.904935539503750260e+04
-1.959719807204938843e+04
-2.015723702814179342e+04
-2.072952553192920823e+04
-2.131410231939244841e+04
-2.191099070298170045e+04
-2.252019767352136114e+04
-2.314171299854714380e+04
-2.377550832103338325e+04
-2.442153626284331403e+04
-2.507972953757015785e+04
-2.575000007778831059e+04
-2.643223818209575620e+04
-2.712631168762374728e+04
-2.783206517405287013e+04
-2.854931920544560126e+04
-2.927786961649465593e+04
-3.001748685002510683e+04
-3.076791535280543394e+04
-3.152887303688596876e+04
-3.230005081381203127e+04
-3.308111220912065619e+04
-3.387169306454520847e+04
-3.467140133529440209e+04
-3.547981698964208772e+04
-3.629649201786748745e+04
-3.712095055729334126e+04
-3.795268913980718935e+04
-3.879117706778538559e+04
-3.963585692379158718e+04
-4.048614521877498191e+04
-4.134143318275935599e+04
-4.220108770117548556e+04
-4.306445239907401992e+04
-4.393084887443642219e+04
-4.479957808071999170e+04
-4.566992185759403219e+04
-4.654114460759651411e+04
-4.741249511514406186e+04
-4.828320850299539597e+04
-4.915250831989601284e+04
-5.001960875174831745e+04
-5.088371694726982241e+04
-5.174403544772735040e+04
-5.259976470900886488e+04
-5.345010570301248663e+04
-5.429426258413038158e+04
-5.513144540549231169e+04
-5.596087286863742338e+04
-5.678177508941420092e+04
-5.759339636218942178e+04
-5.839499790389331611e+04
-5.918586055905243848e+04
-5.996528744677462964e+04
-6.073260653067087696e+04
-6.148717309291551646e+04
-6.222837209408121998e+04
-6.295562040103573236e+04
-6.366836886603369931e+04
-6.436610424119757226e+04
-6.504835091383096733e+04
-6.571467244943630067e+04
-6.636467293090269959e+04
-6.699799808407010278e+04
-6.761433618173639115e+04
-6.821341872013673128e+04
-6.879502086396176310e+04
-6.935896165806178760e+04
-6.990510400608726195e+04
-7.043335441840731073e+04
-7.094366253370331833e+04
-7.143602042062328837e+04
-7.191046166778124461e+04
-7.236706027216854272e+04
-7.280592933768749936e+04
-7.322721959700428124e+04
-7.363111777122838248e+04
-7.401784478304853837e+04
-7.438765383987588575e+04
-7.474082840426177427e+04
-7.507768006936115853e+04
-7.539854635750701709e+04
-7.570378846004644583e+04
-7.599378893647325458e+04
-7.626894939058287127e+04
-7.652968814088519139e+04
-7.677643790185378748e+04
-7.700964349178073462e+04
-7.722975958206409996e+04
-7.743724850169650745e+04
-7.763257810956961475e+04
-7.781621974597903318e+04
-7.798864627342765743e+04
-7.815033021550207923e+04
-7.830174200125588686e+04
-7.844334832119209750e+04
-7.857561059961272986e+04
-7.869898358681164973e+04
-7.881391407334107498e+04
-7.892083972739438468e+04
-7.902018805523004266e+04
-7.911237548352083832e+04
-7.919780656155676115e+04
-7.927687328036475810e+04
-7.934995450503600296e+04
-7.941741551587615686e+04
-7.947960765341247316e+04
-7.953686806180872372e+04
-7.958951952484558569e+04
-7.963787038832358667e+04
-7.968221456252933422e+04
-7.972283159827132476e+04
-7.975998682993168768e+04
-7.979393157899061043e+04
-7.982490341155216447e+04
-7.985312644353040378e+04
-7.987881168733222876e+04
-7.990215743409597781e+04
-7.992334966580200125e+04
-7.994256249185976048e+04
-7.995995860508737678e+04
-7.997568975232902449e+04
-7.998989721529808594e+04
-8.000271229758292611e+04
-8.001425681410556717e+04
-8.002464357967386604e+04
-8.003397689361528319e+04
-8.004235301781764429e+04
-8.004986064583071857e+04
-8.005658136099597323e+04
-8.006259008187179279e+04
-8.006795549350326473e+04
-8.007274046335162711e+04
-8.007700244094361551e+04
-8.008079384052949899e+04
-8.008416240624613420e+04
-8.008715155947046878e+04
-8.008980072821950307e+04
-8.009214565860417497e+04
-8.009421870847849641e+04
-8.009604912354280532e+04
-8.009766329625992512e+04
-8.009908500802952040e+04
-8.010033565513590293e+04
-8.010143445904416149e+04
-8.010239866166388674e+04
-8.010324370623550203e+04
-8.010398340451864351e+04
-8.010463009097772010e+04
0.000000000000000000e+00
0.000000000000000000e+00
0.000000000000000000e+00
0.000000000000000000e+00
0.000000000000000000e+00
0.000000000000000000e+00
0.000000000000000000e+00
0.000000000000000000e+00
0.000000000000000000e+00
0.000000000000000000e+00
0.000000000000000000e+00
0.000000000000000000e+00
0.000000000000000000e+00
0.000000000000000000e+00
0.000000000000000000e+00
0.000000000000000000e+00
0.000000000000000000e+00
0.000000000000000000e+00
0.000000000000000000e+00
0.000000000000000000e+00
0.000000000000000000e+00
0.000000000000000000e+00
0.000000000000000000e+00
0.000000000000000000e+00
0.000000000000000000e+00
0.000000000000000000e+00
0.000000000000000000e+00
0.000000000000000000e+00
0.000000000000000000e+00
0.000000000000000000e+00
0.000000000000000000e+00
0.000000000000000000e+00
0.000000000000000000e+00
0.000000000000000000e+00
0.000000000000000000e+00
0.000000000000000000e+00
0.000000000000000000e+00
0.000000000000000000e+00
0.000000000000000000e+00
0.000000000000000000e+00
0.000000000000000000e+00
0.000000000000000000e+00
0.000000000000000000e+00
0.000000000000000000e+00
0.000000000000000000e+00
0.000000000000000000e+00
0.000000000000000000e+00
0.000000000000000000e+00
0.000000000000000000e+00
0.000000000000000000e+00
0.000000000000000000e+00
0.000000000000000000e+00
0.000000000000000000e+00
0.000000000000000000e+00
0.000000000000000000e+00
0.000000000000000000e+00
0.000000000000000000e+00
0.000000000000000000e+00
0.000000000000000000e+00
0.000000000000000000e+00
0.000000000000000000e+00
0.000000000000000000e+00
0.000000000000000000e+00
0.000000000000000000e+00
0.000000000000000000e+00
0.000000000000000000e+00
0.000000000000000000e+00
0.000000000000000000e+00
0.000000000000000000e+00
0.000000000000000000e+00
0.000000000000000000e+00
0.000000000000000000e+00
0.000000000000000000e+00
0.000000000000000000e+00
0.000000000000000000e+00
0.000000000000000000e+00
0.000000000000000000e+00
0.000000000000000000e+00
0.000000000000000000e+00
0.000000000000000000e+00
0.000000000000000000e+00
0.000000000000000000e+00
0.000000000000000000e+00
0.000000000000000000e+00
0.000000000000000000e+00
0.000000000000000000e+00
0.000000000000000000e+00
0.000000000000000000e+00
0.000000000000000000e+00
0.000000000000000000e+00
0.000000000000000000e+00
0.000000000000000000e+00
0.000000000000000000e+00
0.000000000000000000e+00
0.000000000000000000e+00
0.000000000000000000e+00
0.000000000000000000e+00
0.000000000000000000e+00
0.000000000000000000e+00
0.000000000000000000e+00
0.000000000000000000e+00
