-30	-0.0000000207883	0	0	0.412564357	0.513686066	0.101121709	0	-1235818849965.52	0	0
-30.5	0.00000000035696	0	0	0.620752242	0.614603375	-6.14886700000006E-03	0	-1256415830798.27	0	0
-31	0.000000000167882	0	0	1.37400616	1.19785331	-0.17615285	0	-1277012811631.03	0	0
-31.5	-0.000000000353241	0	0	1.94469801	1.89182349	-0.05287452	0	-1297609792463.79	0	0
-32	-0.000000000341308	0	0	2.15025008	2.6166979	0.46644782	0	-1318206773296.55	0	0
-32.5	-0.000000000321138	0	0	2.34001187	3.00455086	0.66453899	0	-1338803754129.31	0	0
-33	-0.000000000333452	0	0	2.42896588	3.111556	0.68259012	0	-1359400734962.07	0	0
-33.5	-0.000000000307941	0	0	2.51550351	3.21870949	0.70320598	0	-1379997715794.83	0	0
-34	-0.000000000308418	0	0	2.60592375	3.32909487	0.72317112	0	-1400594696627.58	0	0
-34.5	-0.000000000293136	0	0	2.69882466	3.44215847	0.74333381	0	-1421191677460.34	0	0
-35	-0.000000000280488	0	0	2.79354539	3.55654444	0.76299905	0	-1441788658293.1	0	0
-35.5	-0.00000000029	0	0	2.89057558	3.67308658	0.782511	0	-1462385639125.86	0	0
-36	-0.000000000328314	0	0	2.98970881	3.79136601	0.8016572	0	-1482982619958.62	0	0
-36.5	-0.000000000258136	0	0	3.09079284	3.91133028	0.82053744	0	-1503579600791.38	0	0
-37	-0.00000000025481	0	0	3.19351194	4.03289676	0.83938482	0	-1524176581624.14	0	0
-37.5	-0.00000000024178	0	0	3.29684103	4.15482324	0.85798221	0	-1544773562456.89	0	0
-38	-0.000000000230563	0	0	3.40149013	4.278063	0.87657287	0	-1565370543289.65	0	0
-38.5	-0.000000000247228	0	0	3.50683002	4.40182849	0.89499847	0	-1585967524122.41	0	0
-39	-0.000000000236547	0	0	3.61408993	4.52739954	0.91330961	0	-1606564504955.17	0	0
-39.5	-0.000000000210106	0	0	3.72195898	4.65388442	0.93192544	0	-1627161485787.93	0	0
-40	-0.000000000202692	0	0	3.83104087	4.78169615	0.95065528	0	-1647758466620.69	0	0
-40.5	-0.000000000213659	0	0	3.94070771	4.91017057	0.96946286	0	-1668355447453.45	0	0
-41	-0.000000000974429	-0.0000001	-75.7145	4.06911466	5.05239903	0.98328437	-2.24386359360111E-08	-1688952428286.2	8.29217883814156E-02	0
-41.5	-0.00000000359011	-0.0000001	-47.485	4.10914074	5.06641107	0.95727033	-2.30484109958782E-08	-1709549409118.96	8.41489996198549E-02	0
-42	-0.00000000432022	-0.0000001	-12.8481	3.99375381	4.87553191	0.8817781	-2.50216692839162E-08	-1730146389951.72	9.02657622074899E-02	0
-42.5	-0.00000000155375	-0.0000001	-11.3209	3.77148924	4.56195044	0.7904612	-2.79122618542188E-08	-1750743370784.48	0.099508954917001	0
-43	-0.00000000128511	-0.0000001	-10.2675	3.55650648	4.24605997	0.68955349	-3.19968796039304E-08	-1771340351617.24	0.112744466539571	0
-43.5	-0.00000000117812	-0.0000001	-9.4448	3.38482293	4.02666247	0.64183954	-3.437550762298E-08	-1791937332450	0.119733568871404	0
-44	-0.000000000968075	-0.0000001	-8.77549	3.23307493	3.82952387	0.59644894	-3.699153191554E-08	-1812534313282.76	0.127381308249105	0
-44.5	-0.000000000881815	-0.0000001	-8.21351	3.09391403	3.65073714	0.55682311	-3.96240019563843E-08	-1833131294115.51	0.134913183372095	0
-45	-0.000000000850999	-0.0000001	-7.72591	2.96482129	3.48666647	0.52184518	-4.22798961178486E-08	-1853728274948.27	0.142356552585349	0
-45.5	-0.000000000601184	-0.0000001	-7.33222	2.84837262	3.3402128	0.49184018	-4.48592060941422E-08	-1874325255781.03	0.149381305674799	0
-46	-0.000000000724351	-0.0000001	-6.936	2.73946033	3.20343227	0.46397194	-4.75536516281567E-08	-1894922236613.79	0.156632581120411	0
-46.5	-0.000000000652218	-0.0000001	-6.60472	2.6387649	3.07785738	0.43909248	-5.02480935223486E-08	-1915519217446.55	0.163727903298627	0
-47	-0.000000000618851	-0.0000001	-6.29969	2.54356983	2.95922713	0.4156573	-5.30811319806004E-08	-1936116198279.31	0.171119058609286	0
-47.5	-0.000000000564551	-0.0000001	-6.02246	2.45421684	2.8492552	0.39503836	-5.5851689947275E-08	-1956713179112.07	0.178155310836603	0
-48	-0.000000000536537	-0.0000001	-5.77239	2.37084373	2.74737708	0.37653335	-5.85965625621209E-08	-1977310159944.82	0.184963896976392	0
-48.5	-0.000000000512433	-0.0000001	-5.54124	2.29285677	2.65223326	0.35937649	-6.13939993681835E-08	-1997907140777.58	0.191796311678174	0
-49	-0.000000000475383	-0.0000001	-5.32882	2.21961475	2.56285523	0.34324048	-6.4280180472886E-08	-2018504121610.34	0.198763699668788	0
-49.5	-0.000000000458276	-0.0000001	-5.13078	2.15035919	2.4791436	0.32878441	-6.71064665140297E-08	-2039101102443.1	0.205406998818579	0
-50	-0.000000000433087	-0.0000001	-4.94884	2.08542967	2.40052436	0.31509469	-7.00219987839211E-08	-2059698083275.86	0.212187875102791	0
-50.5	-0.000000000422192	-0.0000001	-4.78289	2.0246204	2.32715231	0.30253191	-7.29296952509902E-08	-2080295064108.62	0.218810966849656	0
-51	-0.000000000424755	-0.0000001	-4.62085	1.96676735	2.25736422	0.29059687	-7.59249746908837E-08	-2100892044941.38	0.225564393021045	0
-51.5	-0.000000000409436	-0.0000001	-4.4706	1.91134757	2.19050498	0.27915741	-7.90362684622987E-08	-2121489025774.13	0.232528003713736	0
-52	-0.000000000379002	-0.0000001	-4.3305	1.85845585	2.12741771	0.26896186	-8.20323000443259E-08	-2142086006606.89	0.239021853276008	0
-52.5	-0.000000000342453	-0.0000001	-4.19527	1.80843028	2.06756695	0.25913667	-8.51425620310704E-08	-2162682987439.65	0.245721679743349	0
-53	-0.000000000336206	-0.0000001	-4.07024	1.760776	2.01041342	0.24963742	-8.83824227954287E-08	-2183279968272.41	0.252665588323124	0
-53.5	-0.000000000338781	-0.0000001	-3.95041	1.71467148	1.95562801	0.24095653	-9.15665576691364E-08	-2203876949105.17	0.259321885214207	0
-54	-0.000000000342393	-0.0000001	-3.83853	1.67103559	1.90374064	0.23270505	-9.48134129448415E-08	-2224473929937.93	0.266030900518635	0
-54.5	-0.000000000333881	-0.0000001	-3.7327	1.62939892	1.85445086	0.22505194	-9.80376352232289E-08	-2245070910770.69	0.27255389275293	0
-55	-0.000000000322402	-0.0000001	-3.63241	1.58992204	1.80753073	0.21760869	-1.01390987648517E-07	-2265667891603.45	0.279314015560653	0
-55.5	-0.000000000325739	-0.0000001	-3.53468	1.55246989	1.76295383	0.21048394	-1.04823009299427E-07	-2286264872436.2	0.286167101554537	0
-56	-0.00000000031811	-0.0000001	-3.44253	1.51623652	1.72005955	0.20382303	-1.08248611552875E-07	-2306861853268.96	0.29288044251319	0
-56.5	-0.000000000324702	-0.0000001	-3.35451	1.48133194	1.67877126	0.19743932	-1.11748561532728E-07	-2327458834101.72	0.299674340393479	0
-57	-0.000000000309062	-0.0000001	-3.27202	1.44756841	1.6391212	0.19155279	-1.15182660612774E-07	-2348055814934.48	0.306174004818645	0
-57.5	-0.000000000288951	-0.0000001	-3.19209	1.41576028	1.60147816	0.18571788	-1.18801485349714E-07	-2368652795767.24	0.313047392225861	0
-58	-0.000000000308299	-0.0000001	-3.11592	1.3850659	1.56512585	0.18005995	-1.22534522529857E-07	-2389249776600	0.320100633568071	0
-58.5	-0.000000000297427	-0.0000001	-3.04169	1.3550765	1.52994788	0.17487138	-1.26170217219078E-07	-2409846757432.76	0.326781189378603	0
-59	-0.000000000293469	-0.0000001	-2.97321	1.32643016	1.49655974	0.17012958	-1.29686795206336E-07	-2430443738265.51	0.333042617376313	0
-59.5	-0.000000000300765	-0.0000001	-2.90542	1.29935317	1.46466317	0.16531	-1.33467787792632E-07	-2451040719098.27	0.339872135962903	0
-60	-0.000000000296688	-0.0000001	-2.8405	1.27322563	1.43380362	0.16057799	-1.37400897844094E-07	-2471637699931.03	0.346971964252764	0
