-30	-0.0000000102031	0	0	0.38544117	0.29010223	-0.09533894	0	-1235818849965.52	0	0
-30.5	0.000000000610113	0	0	0.463562328	0.323547351	-0.140014977	0	-1256415830798.27	0	0
-31	0.000000000125468	0	0	1.15274082	0.841605685	-0.311135135	0	-1277012811631.03	0	0
-31.5	-0.000000000475705	0	0	1.7080879	1.58514444	-0.12294346	0	-1297609792463.79	0	0
-32	-0.000000000518	0	0	2.07690479	2.37777794	0.30087315	0	-1318206773296.55	0	0
-32.5	-0.000000000463831	0	0	2.28800907	2.89710752	0.60909845	0	-1338803754129.31	0	0
-33	-0.00000000047251	0	0	2.38651489	3.03028243	0.64376754	0	-1359400734962.07	0	0
-33.5	-0.000000000428712	0	0	2.45055882	3.12195042	0.6713916	0	-1379997715794.83	0	0
-34	-0.000000000411034	0	0	2.51577311	3.21318701	0.6974139	0	-1400594696627.58	0	0
-34.5	-0.000000000378668	0	0	2.58612636	3.30924574	0.72311938	0	-1421191677460.34	0	0
-35	-0.000000000377321	0	0	2.66003174	3.40766259	0.74763085	0	-1441788658293.1	0	0
-35.5	-0.000000000365305	0	0	2.73785324	3.50939559	0.77154235	0	-1462385639125.86	0	0
-36	-0.000000000339019	0	0	2.81999783	3.61491543	0.7949176	0	-1482982619958.62	0	0
-36.5	-0.00000000031265	0	0	2.90554108	3.72320694	0.81766586	0	-1503579600791.38	0	0
-37	-0.000000000317812	0	0	2.99338153	3.83331745	0.83993592	0	-1524176581624.14	0	0
-37.5	-0.000000000304461	0	0	3.0829191	3.94481469	0.86189559	0	-1544773562456.89	0	0
-38	-0.000000000279748	0	0	3.17531963	4.05910645	0.88378682	0	-1565370543289.65	0	0
-38.5	-0.000000000275135	0	0	3.26978073	4.17474576	0.904965030000001	0	-1585967524122.41	0	0
-39	-0.000000000275421	0	0	3.36639877	4.29204661	0.92564784	0	-1606564504955.17	0	0
-39.5	-0.000000000271535	0	0	3.46321905	4.40921119	0.94599214	0	-1627161485787.93	0	0
-40	-0.00000000025183	0	0	3.56160574	4.52868307	0.96707733	0	-1647758466620.69	0	0
-40.5	-0.000000000230587	0	0	3.66024151	4.64871247	0.98847096	0	-1668355447453.45	0	0
-41	-0.000000000259364	-0.00000005	-100.41	3.79183375	4.80608071	1.01424696	-1.08768184032812E-08	-1688952428286.2	4.01951899603887E-02	0
-41.5	-0.0000000014984	-0.00000005	-92.7199	3.87316215	4.86353048	0.990368329999999	-1.11390678254019E-08	-1709549409118.96	4.06683746820077E-02	0
-42	-0.00000000291715	-0.00000005	-65.3483	3.82919557	4.8024804	0.97328483	-1.13345853751774E-08	-1730146389951.72	0.04088955763051	0
-42.5	-0.00000000462099	-0.00000005	-18.1684	3.67653412	4.6352036	0.95866948	-1.1507386257879E-08	-1750743370784.48	4.10245499389625E-02	0
-43	-0.00000000163385	-0.00000005	-10.2506	3.46190961	4.31194698	0.85003737	-1.29779941321874E-08	-1771340351617.24	4.57293662163051E-02	0
-43.5	-0.00000000119452	-0.00000005	-9.33341	3.24385546	3.96159728	0.71774182	-1.53701229224737E-08	-1791937332450	5.35357816874737E-02	0
-44	-0.00000000125997	-0.00000005	-8.62172	3.0462064	3.69305749	0.64685109	-1.70545897974756E-08	-1812534313282.76	5.87279262998472E-02	0
-44.5	-0.0000000011964	-0.00000005	-8.03664	2.90706838	3.50933446	0.60226608	-1.83171199015558E-08	-1833131294115.51	6.23667684765264E-02	0
-45	-0.00000000108494	-0.00000005	-7.53629	2.78139654	3.34442053	0.56302399	-1.95938009675218E-08	-1853728274948.27	6.59723938300398E-02	0
-45.5	-0.00000000105788	-0.00000005	-7.10357	2.6660681	3.19414373	0.52807563	-2.08905303961859E-08	-1874325255781.03	6.95655357848347E-02	0
-46	-0.00000000102074	-0.00000005	-6.72978	2.56015095	3.05707898	0.49692803	-2.21999551927067E-08	-1894922236613.79	7.31223820576637E-02	0
-46.5	-0.000000000939739	-0.00000005	-6.3956	2.46186169	2.93127553	0.46941384	-2.3501181814324E-08	-1915519217446.55	7.65760241587618E-02	0
-47	-0.000000000893354	-0.00000005	-6.09238	2.3709969	2.81556604	0.44456914	-2.48145429077691E-08	-1936116198279.31	7.99953027329758E-02	0
-47.5	-0.000000000866914	-0.00000005	-5.82052	2.28622276	2.70840888	0.42218612	-2.61301342640066E-08	-1956713179112.07	8.33497105709939E-02	0
-48	-0.000000000844526	-0.00000005	-5.57037	2.20640001	2.60813678	0.40173677	-2.74602197852091E-08	-1977310159944.82	8.66799866957357E-02	0
-48.5	-0.00000000082736	-0.00000005	-5.34609	2.13164548	2.51479817	0.38315269	-2.87921246226928E-08	-1997907140777.58	8.99472809206274E-02	0
-49	-0.000000000790405	-0.00000005	-5.13474	2.06097563	2.42726096	0.36628533	-3.0117995716618E-08	-2018504121610.34	9.31292384558379E-02	0
-49.5	-0.000000000733817	-0.00000005	-4.94699	1.99531063	2.3460303	0.35071967	-3.14546942861802E-08	-2039101102443.1	9.62800559723912E-02	0
-50	-0.000000000724459	-0.00000005	-4.76756	1.93408856	2.27053018	0.33644162	-3.27895817408084E-08	-2059698083275.86	9.93623689115405E-02	0
-50.5	-0.000000000693905	-0.00000005	-4.59836	1.87618341	2.19858968	0.32240627	-3.42170144519832E-08	-2080295064108.62	0.102661309486898	0
-51	-0.000000000664437	-0.00000005	-4.44046	1.82054007	2.1302163	0.30967623	-3.56235930668621E-08	-2100892044941.38	0.105833609824308	0
-51.5	-0.000000000643671	-0.00000005	-4.29806	1.76796649	2.06613034	0.29816385	-3.6999052702063E-08	-2121489025774.13	0.108852758758644	0
-52	-0.000000000651574	-0.00000005	-4.15863	1.71830638	2.00539326	0.28708688	-3.8426625417365E-08	-2142086006606.89	0.111965691775539	0
-52.5	-0.000000000608075	-0.00000005	-4.03013	1.67106345	1.9475303	0.27646685	-3.99027225144714E-08	-2162682987439.65	0.115159372336137	0
-53	-0.000000000602913	-0.00000005	-3.9049	1.62514147	1.8916236	0.26648213	-4.13978228108579E-08	-2183279968272.41	0.118347120671406	0
-53.5	-0.000000000568497	-0.00000005	-3.79276	1.58182396	1.8392461	0.25742214	-4.28548220444442E-08	-2203876949105.17	0.12136738047138	0
-54	-0.000000000584114	-0.00000005	-3.68169	1.54057402	1.7894053	0.24883128	-4.4334377896541E-08	-2224473929937.93	0.124394999709711	0
-54.5	-0.000000000537252	-0.00000005	-3.57715	1.50168416	1.74250545	0.24082129	-4.58089897284414E-08	-2245070910770.69	0.127353321457997	0
-55	-0.000000000527239	-0.00000005	-3.47954	1.46444146	1.69747814	0.23303668	-4.73392429037351E-08	-2265667891603.45	0.130411137475854	0
-55.5	-0.000000000510812	-0.00000005	-3.38556	1.42865882	1.6541642	0.22550538	-4.892025192481E-08	-2286264872436.2	0.133552421307152	0
-56	-0.000000000509191	-0.00000005	-3.29481	1.39436235	1.61296118	0.21859883	-5.04658693735918E-08	-2306861853268.96	0.136541854365779	0
-56.5	-0.00000000051465	-0.00000005	-3.20874	1.36141061	1.57328413	0.21187352	-5.2067761936461E-08	-2327458834101.72	0.139629289183323	0
-57	-0.000000000470388	-0.00000005	-3.12685	1.32964817	1.53525259	0.20560442	-5.3655364023789E-08	-2348055814934.48	0.142624572099386	0
-57.5	-0.000000000453019	-0.00000005	-3.04769	1.29942906	1.49897469	0.19954563	-5.52844980869789E-08	-2368652795767.24	0.145677201810221	0
-58	-0.000000000455868	-0.00000005	-2.97422	1.27045307	1.46405613	0.19360306	-5.69814340744408E-08	-2389249776600	0.148854320988612	0
-58.5	-0.000000000440025	-0.00000005	-2.90258	1.24222275	1.43008836	0.18786561	-5.87216574656745E-08	-2409846757432.76	0.152089244925342	0
-59	-0.000000000438941	-0.00000005	-2.8335	1.21454117	1.39654999	0.18200882	-6.06112385103095E-08	-2430443738265.51	0.155652898074755	0
-59.5	-0.000000000585818	-0.00000005	-2.77211	1.19198595	1.36935173	0.17736578	-6.21979053682171E-08	-2451040719098.27	0.158385295055302	0
-60	-0.000000000417292	-0.00000005	-2.70363	1.16684755	1.33929573	0.17244818	-6.39715652551393E-08	-2471637699931.03	0.161544356704897	0
