0	-0.00000000035253	0	0	2.34135628	2.998847892	0.6574916116	0	0	nan	0
-0.5	-0.000000000364084	0	0	2.41965959	3.096616391	0.6769568052	0	-20596980125.7	0	0
-1	-0.000000000345161	0	0	2.50110303	3.197601857	0.6964988257	0	-41193960251.4	0	0
-1.5	-0.000000000311684	0	0	2.58574067	3.301086479	0.7153458015	0	-61790940377.1	0	0
-2	-0.000000000299318	0	0	2.67280071	3.40680544	0.7340047312	0	-82387920502.8	0	0
-2.5	-0.000000000294768	0	0	2.76220439	3.515037268	0.7528328827	0	-102984900628.5	0	0
-3	-0.000000000310267	0	0	2.85343154	3.624500896	0.7710693541	0	-123581880754.2	0	0
-3.5	-0.000000000288395	0	0	2.94639372	3.736170919	0.7897772027	0	-144178860879.89	0	0
-4	-0.000000000267925	0	0	3.04117017	3.849237261	0.8080670973	0	-164775841005.59	0	0
-4.5	-0.000000000266903	0	0	3.13644268	3.963136425	0.8266937461	0	-185372821131.29	0	0
-5	-0.000000000273092	0	0	3.2327298	4.077523556	0.8447937554	0	-205969801256.99	0	0
-5.5	-0.00000000027182	0	0	3.32886201	4.191910406	0.8630483943	0	-226566781382.69	0	0
-6	-0.00000000025548	0	0	3.42638919	4.307329918	0.8809407264	0	-247163761508.39	0	0
-6.5	-0.000000000260713	0	0	3.52470001	4.423989967	0.899289956	0	-267760741634.09	0	0
-7	-0.000000000226304	0	0	3.62431498	4.542035976	0.9177209953	0	-288357721759.79	0	0
-7.5	-0.000000000251521	0	0	3.72527374	4.661282142	0.9360084031	0	-308954701885.49	0	0
-8	-0.000000000228914	0	0	3.82725451	4.78088369	0.953629181	0	-329551682011.19	0	0
-8.5	-0.000000000235759	0	0	3.92995405	4.901558477	0.9716044301	0	-350148662136.89	0	0
-9	-0.000000001199396	0	0	4.0442824	5.025734321	0.9814519246	-6.74415917751367E-08	-370745642262.59	1.13538033291476	0
-9.5	-0.000000003937736	0	0	4.06879139	5.027076459	0.9582850714	-6.90720141858149E-08	-391342622388.29	1.10162702050742	0
-10	-0.00000000399311	0	0	3.95064409	4.838143272	0.8874991758	-7.45811172006223E-08	-411939602513.99	1.13001692728216	0
-10.5	-0.000000001716957	-0.0000003	-36.7398	3.74515509	4.545015086	0.7998599916	-8.27528326718667E-08	-432536582639.68	1.19412456957961	0
-11	-0.000000001535996	-0.0000003	-33.4305	3.54747031	4.252319314	0.7048490092	-9.3907601744268E-08	-453133562765.38	1.29349313697339	0
-11.5	-0.000000001315809	-0.0000003	-30.8814	3.38626025	4.044521717	0.6582614749	-1.00553780784225E-07	-473730542891.08	1.32481924616898	0
-12	-0.000000001166572	-0.0000003	-28.79835	3.24334255	3.858450838	0.6151082876	-1.07608174658246E-07	-494327523016.78	1.35868907396775	0
-12.5	-0.000000001064712	-0.0000003	-27.0435	3.11292292	3.690020322	0.5770974009	-1.14695855400785E-07	-514924503142.48	1.39025279273679	0
-13	-0.000000000942145	-0.0000003	-25.48707	2.99146652	3.534077038	0.5426105159	-1.21985619714739E-07	-535521483268.18	1.4217438195191	0
-13.5	-0.000000000892053	-0.0000003	-24.14628	2.87837774	3.390717511	0.5123397682	-1.29192938268959E-07	-556118463393.88	1.44997686048215	0
-14	-0.000000000804379	-0.0000003	-22.95834	2.77298986	3.258035934	0.4850460664	-1.36462667426748E-07	-576715443519.58	1.47686869509467	0
-14.5	-0.000000000736624	-0.0000003	-21.86955	2.67522921	3.135234085	0.4600048812	-1.43891255834342E-07	-597312423645.28	1.50356589168592	0
-15	-0.000000000683254	-0.0000003	-20.91018	2.58287001	3.020435653	0.4375656351	-1.51270288926297E-07	-617909403770.98	1.52798271642724	0
-15.5	-0.000000000701927	-0.0000003	-20.02482	2.49615744	2.913427602	0.4172701545	-1.58627880120277E-07	-638506383896.68	1.55061466393233	0
-16	-0.000000000621019	-0.0000003	-19.2141	2.41493104	2.813383136	0.3984520909	-1.66119545002984E-07	-659103364022.38	1.57310175192219	0
-16.5	-0.000000000595594	-0.0000003	-18.49185	2.33825805	2.719625152	0.3813671019	-1.73561588600664E-07	-679700344148.08	1.59377032691152	0
-17	-0.000000000570272	-0.0000003	-17.79825	2.26663266	2.632046297	0.3654136356	-1.81139053382921E-07	-700297324273.77	1.61443006580143	0
-17.5	-0.00000000052974	-0.0000003	-17.15544	2.19981349	2.550169086	0.3503555907	-1.88924286647028E-07	-720894304399.47	1.63570810949807	0
-18	-0.000000000507775	-0.0000003	-16.56633	2.13610101	2.47236882	0.3362678137	-1.96839178027449E-07	-741491284525.17	1.65689543794149	0
-18.5	-0.000000000499226	-0.0000003	-16.00062	2.07522523	2.398123212	0.3228979785	-2.04989453180474E-07	-762088264650.87	1.67886530041338	0
-19	-0.000000000456045	-0.0000003	-15.48438	2.01713054	2.328094249	0.3109637076	-2.12856608112411E-07	-782685244776.57	1.69742111732385	0
-19.5	-0.000000000471242	-0.0000003	-14.99415	1.9620509	2.261658851	0.2996079509	-2.20924310743302E-07	-803282224902.27	1.71658361105906	0
-20	-0.000000000446931	-0.0000003	-14.5305	1.91038511	2.199390371	0.2890052602	-2.29029326317416E-07	-823879205027.97	1.73507065391982	0
-20.5	-0.00000000045952	-0.0000003	-14.09787	1.86072494	2.139289379	0.2785644435	-2.37613527462975E-07	-844476185153.67	1.7561975422245	0
-21	-0.000000000408969	-0.0000003	-13.6839	1.81261865	2.081596829	0.2689781808	-2.46081967871631E-07	-865073165279.37	1.77548317367699	0
-21.5	-0.000000000396157	-0.0000003	-13.29774	1.76693187	2.026776467	0.2598445928	-2.54731796927334E-07	-885670145405.07	1.79515008405451	0
-22	-0.000000000377091	-0.0000003	-12.92766	1.72385485	1.975563475	0.2517086179	-2.62965490009929E-07	-906267125530.77	1.81105709373229	0
-22.5	-0.000000000376422	-0.0000003	-12.57657	1.68277001	1.926411941	0.243641925	-2.71671963049034E-07	-926864105656.47	1.82944082861302	0
-23	-0.000000000368935	-0.0000003	-12.24561	1.64326876	1.879249299	0.2359805459	-2.80492104945993E-07	-947461085782.17	1.84777407737808	0
-23.5	-0.00000000037953	-0.0000003	-11.92392	1.60527925	1.833756352	0.2284770995	-2.89703782964014E-07	-968058065907.86	1.86785159873639	0
-24	-0.000000000333897	-0.0000003	-11.62473	1.56863364	1.790199672	0.2215660275	-2.98740203056606E-07	-988655046033.56	1.88598613040786	0
-24.5	-0.000000000367847	-0.0000003	-11.32983	1.53320837	1.748178739	0.2149703705	-3.07906061155509E-07	-1009252026159.26	1.90418095952696	0
-25	-0.000000000342079	-0.0000003	-11.05353	1.49947965	1.708176154	0.2086965096	-3.17162372157831E-07	-1029849006284.96	1.92219619489594	0
-25.5	-0.000000000352058	-0.0000003	-10.79178	1.46700517	1.669630671	0.2026255027	-3.26665099722393E-07	-1050445986410.66	1.94096910114315	0
-26	-0.00000000031289	-0.0000003	-10.5417	1.4358246	1.632579852	0.196755257	-3.36411240314639E-07	-1071042966536.36	1.96043846337202	0
-26.5	-0.0000000002845	-0.0000003	-10.29168	1.40567316	1.596809339	0.1911361741	-3.46301166435608E-07	-1091639946662.06	1.9799952340515	0
-27	-0.000000000285694	-0.0000003	-10.05146	1.37668909	1.562039128	0.1853500389	-3.56335878112511E-07	-1112236926787.76	1.9995520048904	0
-27.5	-0.000000000285694	-0.0000003	-9.82146	1.34888248	1.528434091	0.1795516116	-3.66415375318091E-07	-1132833906913.46	2.0191087757293	0
-28	-0.000000000406701	-0.0000003	-9.593	1.32217145	1.495177905	0.1730064555	-3.76639658052348E-07	-1153430887039.16	2.0386655465682	0
-28.5	-0.000000000390991	-0.0000003	-9.366	1.29656599	1.463059982	0.1664939929	-3.86908726315271E-07	-1174027867164.86	2.0582223174071	0
-29	-0.000000000446302	-0.0000003	-9.141	1.27207511	1.432171001	0.1599958902	-3.9732258000687E-07	-1194624847290.56	2.077779088246	0
-29.5	-0.000000000402694	-0.0000003	-8.918	1.24870881	1.402510962	0.1538021522	-4.07881219127135E-07	-1215221827416.26	2.0973358590849	0
-30	-0.000000000402694	-0.0000003	-8.697	1.20646709	1.374079865	0.1496127759	-4.18584642877966E-07	-1235818807541.96	2.1168926299238	0
