0	0.00000000131222	0	0	0.59661219	0.420397442	-0.1762147464	0	0	inf	0
-0.5	-0.000000000844502	0	0	0.98709512	0.717020689	-0.2700744299	0	-20596980125.7	0	0
-1	-0.000000000884306	0	0	2.24664898	0.152375831	-2.0942731447	0	-41193960251.4	0	0
-1.5	-0.000000000708485	0	0	3.80024967	0.13153826	-3.6687114134	0	-61790940377.1	0	0
-2	-0.000000000410521	0	0	5.68317925	0.125304142	-5.5578751074	0	-82387920502.8	0	0
-2.5	-0.000000000391352	0	0	6.01629603	0.128182125	-5.8881139075	0	-102984900628.5	0	0
-3	-0.000000000395834	0	0	5.80557853	0.146058087	-5.6595204391	0	-123581880754.2	0	0
-3.5	-0.000000000397456	0	0	5.38155578	0.7376733	-4.6438824839	0	-144178860879.89	0	0
-4	-0.00000000033977	0	0	4.99656033	0.17211262	-4.8244477072	0	-164775841005.59	0	0
-4.5	-0.000000000379729	0	0	4.70843766	0.177477294	-4.5309603625	0	-185372821131.29	0	0
-5	-0.000000000351071	0	0	4.4380709	0.186294859	-4.2517760417	0	-205969801256.99	0	0
-5.5	-0.000000000309277	0	0	4.19483205	0.198664605	-3.9961674434	0	-226566781382.69	0	0
-6	-0.000000000279367	0	0	3.97173736	0.212724219	-3.7590131436	0	-247163761508.39	0	0
-6.5	-0.000000000249946	0	0	3.78887025	0.225649702	-3.5632205477	0	-267760741634.09	0	0
-7	-0.000000000221455	0	0	3.65178816	0.242775933	-3.4090122286	0	-288357721759.79	0	0
-7.5	-0.000000000176382	0	0	3.55559743	0.261962019	-3.293635411	0	-308954701885.49	0	0
-8	-0.000000000139523	0	0	3.48167073	1.137778037	-2.343892694	0	-329551682011.19	0	0
-8.5	-0.000000000176692	0	0	3.42825508	1.21423236	-2.214022723	0	-350148662136.89	0	0
-9	-0.000000000152826	0	0	3.39615075	1.294224877	-2.10192587	0	-370745642262.59	0	0
-9.5	-0.000000000148988	0	0	3.3800323	0.297095853	-3.0829364511	0	-391342622388.29	0	0
-10	0.000000000040722	0	0	3.36212113	0.956637982	-2.4054831427	0	-411939602513.99	0	0
-10.5	-0.000000000437498	0	0	3.48016068	2.112985644	-1.36717504	0	-432536582639.68	0	0
-11	-0.000000000618732	0	0	3.69438369	3.468406667	-0.225977026	0	-453133562765.38	0	0
-11.5	-0.000000000668275	0	0	4.00787609	4.569119797	0.561243705	0	-473730542891.08	0	0
-12	-0.000000000701427	0	0	4.24115321	5.024761093	0.78360788	0	-494327523016.78	0	0
-12.5	-0.000000000724578	0	0	4.37883492	5.263289372	0.88445445	0	-514924503142.48	0	0
-13	-0.000000000724339	0	0	4.49493934	5.460206224	0.965266885	-2.28574711907424E-09	-535521483268.18	0.02664040931322	0
-13.5	-0.000000000708807	0	0	4.58359033	5.592262599	1.008672269	-2.18738639827374E-09	-556118463393.88	0.02454979122642	0
-14	-0.000000000696433	0	0	4.63518976	5.679792107	1.04460235	0	-576715443519.58	0	0
-14.5	-0.000000000696743	0	0	4.68052626	5.776273228	1.095746971	0	-597312423645.28	0	0
-15	-0.000000000694275	0	0	4.76891536	5.910992945	1.142077585	-1.93187926153591E-09	-617909403770.98	0.01951393193471	0
-15.5	-0.000000000815558	0	0	4.85573949	6.011867521	1.156128028	-1.90840110099512E-09	-638506383896.68	0.0186549472238	0
-16	-0.00000000108997	0	0	4.86801642	6.018854589	1.150838172	-1.91717311365522E-09	-659103364022.38	0.01815504842477	0
-16.5	-0.00000000135225	0	0	4.78724223	5.932959109	1.14571688	-1.92574277296719E-09	-679700344148.08	0.01768358836517	0
-17	-0.00000000158467	0	0	4.63936364	5.794088872	1.154725231	-1.91071948745399E-09	-700297324273.77	0.01702958544968	0
-17.5	-0.00000000184469	0	0	4.45951717	5.641836926	1.182319754	-1.86612461989408E-09	-720894304399.47	0.01615692311597	0
-18	-0.00000000210958	-0.00000001	-39.2996	4.267139	5.495946401	1.228807404	-1.79552629187E-09	-741491284525.17	0.01511385767567	0
-18.5	-0.00000000269457	-0.00000001	-18.5194	4.10341864	5.374559806	1.271141168	-1.73572853831646E-09	-762088264650.87	0.01421563094444	0
-19	-0.00000000193944	-0.00000001	-10.7536	3.95077807	5.109706558	1.158928485	-1.90378960400349E-09	-782685244776.57	0.01518173527913	0
-19.5	-0.00000000118839	-0.00000001	-9.26315	3.71129429	4.66102164	0.94972735	-2.32314674472259E-09	-803282224902.27	0.01805086825736	0
-20	-0.00000000101166	-0.00000001	-8.61537	3.41221982	4.193481622	0.7812618	-2.82409302685286E-09	-823879205027.97	0.02139464414282	0
-20.5	-0.000000000952041	-0.00000001	-8.15042	3.19225848	3.915378654	0.723120178	-3.05116088397483E-09	-844476185153.67	0.02255107822598	0
-21	-0.000000000936413	-0.00000001	-7.74879	3.058758	3.740402039	0.68164404	-3.23681551081488E-09	-865073165279.37	0.02335364726418	0
-21.5	-0.0000000009197	-0.00000001	-7.40242	2.95478295	3.599023296	0.644240344	-3.42474050573665E-09	-885670145405.07	0.02413488728497	0
-22	-0.00000000090524	-0.00000001	-7.08369	2.86166328	3.47168239	0.610019113	-3.61686372526252E-09	-906267125530.77	0.02490952978831	0
-22.5	-0.000000000907075	-0.00000001	-6.80143	2.77559398	3.355155573	0.579561598	-3.80693960597182E-09	-926864105656.47	0.02563595694257	0
-23	-0.000000000889802	-0.00000001	-6.53306	2.69450752	3.246578236	0.552070717	-3.99650974700496E-09	-947461085782.17	0.0263274686891	0
-23.5	-0.000000000887501	-0.00000001	-6.28885	2.61789552	3.145015852	0.52712033	-4.18567806240089E-09	-968058065907.86	0.02698696365184	0
-24	-0.000000000864995	-0.00000001	-6.07252	2.54594292	3.05004953	0.504106614	-4.37676463718549E-09	-988655046033.56	0.02763108988122	0
-24.5	-0.000000000903142	-0.00000001	-5.875	2.47915439	2.961957163	0.482802771	-4.56989092452105E-09	-1009252026159.26	0.0282615394219	0
-25	-0.000000000884259	-0.00000001	-5.68658	2.41702941	2.879069204	0.462039798	-4.77525098720287E-09	-1029849006284.96	0.02894091507396	0
-25.5	-0.000000000872993	-0.00000001	-5.49562	2.35494128	2.798290891	0.44334961	-4.97656014973492E-09	-1050445986410.66	0.02956957902397	0
-26	-0.000000000872898	-0.00000001	-5.33325	2.29371183	2.719850364	0.426138537	-5.17755567721986E-09	-1071042966536.36	0.03017223588123	0
-26.5	-0.000000000853038	-0.00000001	-5.17557	2.23556062	2.646914424	0.4113538	-5.36364560513727E-09	-1091639946662.06	0.03066692741645	0
-27	-0.000000000857675	-0.00000001	-5.0265	2.18136365	2.578425861	0.397062215	-5.55670098583043E-09	-1112236926787.76	0.0311823848812	0
-27.5	-0.00000000088954	-0.00000001	-4.8882	2.13049569	2.513853529	0.383357843	-5.75534332168735E-09	-1132833906913.46	0.03170988056026	0
-28	-0.000000000863326	-0.00000001	-4.74899	2.08075294	2.451234203	0.370481265	-5.95537807161859E-09	-1153430887039.16	0.03222607181612	0
-28.5	-0.000000000864494	-0.00000001	-4.62383	2.03247686	2.390665167	0.358188303	-6.15976564015971E-09	-1174027867164.86	0.03274729207953	0
-29	-0.000000000847292	-0.00000001	-4.50351	1.98574464	2.332266244	0.346521604	-6.36715280103146E-09	-1194624847290.56	0.03326621108167	0
-29.5	-0.000000000849259	-0.00000001	-4.38811	1.94141121	2.277016313	0.335605105	-6.57426233586797E-09	-1215221827416.26	0.03376611369218	0
-30	-0.000000000853956	-0.00000001	-4.28805	1.89959893	2.225439359	0.325840427	-6.7712776521942E-09	-1235818807541.96	0.03419837198078	0
-30.5	-0.000000000852609	-0.00000001	-4.18088	1.86072569	2.177058598	0.316332907	-6.97479128065079E-09	-1256415787667.65	0.03464873959588	0
-31	-0.00000000085237	-0.00000001	-4.07993	1.82203396	2.128963287	0.306929326	-7.18848221602166E-09	-1277012767793.35	0.03513432168144	0
-31.5	-0.000000000854838	-0.00000001	-3.98981	1.78393144	2.081985312	0.298053877	-7.40254085514384E-09	-1297609747919.05	0.0356062571195	0
-32	-0.000000000852931	-0.00000001	-3.89835	1.74629662	2.036832105	0.290535487	-7.59410158225014E-09	-1318206728044.75	0.0359569203705	0
-32.5	-0.000000000849748	-0.00000001	-3.80955	1.71053518	1.993702172	0.283166994	-7.79171318789546E-09	-1338803708170.45	0.03632500320697	0
-33	-0.000000000849891	-0.00000001	-3.72718	1.67649231	1.952752802	0.27626049	-7.98650578490799E-09	-1359400688296.15	0.03666898891142	0
-33.5	-0.000000000859845	-0.00000001	-3.64662	1.64438912	1.913447767	0.269058647	-8.20027910690607E-09	-1379997668421.85	0.03708855317461	0
-34	-0.000000000844824	-0.00000001	-3.57319	1.61391329	1.876600649	0.262687359	-8.39917082392425E-09	-1400594648547.55	0.03742945999966	0
-34.5	-0.000000000847244	-0.00000001	-3.49856	1.58451169	1.841006134	0.256494447	-8.60196400870431E-09	-1421191628673.25	0.03777761971324	0
-35	-0.000000000873363	-0.00000001	-3.4226	1.55544183	1.80550139	0.250059557	-8.82332204374223E-09	-1441788608798.95	0.03819619932356	0
-35.5	-0.000000000842917	-0.00000001	-3.35011	1.52561442	1.769648122	0.244033702	-9.04119383283591E-09	-1462385588924.65	0.03858810854817	0
-36	-0.000000000864553	-0.00000001	-3.28707	1.49672273	1.735380834	0.238658101	-9.24484018049953E-09	-1482982569050.35	0.03890926001894	0
-36.5	-0.000000000873828	-0.00000001	-3.22297	1.47015355	1.703604782	0.233451229	-9.45103613708761E-09	-1503579549176.05	0.03923219650099	0
-37	-0.000000000856686	-0.00000001	-3.16061	1.44523775	1.673398188	0.228160438	-9.67019532775667E-09	-1524176529301.74	0.03959948946665	0
-37.5	-0.000000000864398	-0.00000001	-3.10284	1.42075876	1.644185433	0.223426676	-9.87507866574767E-09	-1544773509427.44	0.03989930774039	0
-38	-0.000000000856173	-0.00000001	-3.04565	1.39709559	1.615760179	0.218664589	-1.00901385616055E-08	-1565370489553.14	0.04023181244659	0
-38.5	-0.000000000856197	-0.00000001	-2.98867	1.37441438	1.588475559	0.214061177	-1.03071282352452E-08	-1585967469678.84	0.04056327522725	0
-39	-0.000000000869977	-0.00000001	-2.93585	1.35184251	1.561528144	0.20968563	-1.05222088968448E-08	-1606564449804.54	0.04087882244306	0
-39.5	-0.000000000880551	-0.00000001	-2.88026	1.32929581	1.534474051	0.205178237	-1.07533627044788E-08	-1627161429930.24	0.0412480349232	0
-40	-0.000000000880814	-0.00000001	-2.82835	1.30734862	1.508209846	0.200861221	-1.09844796847397E-08	-1647758410055.94	0.04160787759371	0
