-40	-0.0000000160442	0	0	0.939569933	2.04711936	1.107549427	0	-1647758466620.69	0	0
-40.5	-0.000000000250065	0	0	0.957606062	3.20367965	2.246073588	0	-1668355447453.45	0	0
-41	-0.00000000025928	0	0	1.7221483	3.99718096	2.27503266	0	-1688952428286.2	0	0
-41.5	-0.000000000260663	0	0	2.54295804	4.17546789	1.63250985	0	-1709549409118.96	0	0
-42	-0.000000000268257	0	0	3.39654644	4.35949547	0.96294903	0	-1730146389951.72	0	0
-42.5	-0.000000000230849	0	0	3.78448205	4.49303958	0.70855753	0	-1750743370784.48	0	0
-43	-0.000000000244832	0	0	3.8944534	4.62137431	0.72692091	0	-1771340351617.24	0	0
-43.5	-0.000000000227225	0	0	4.00656559	4.75163371	0.74506812	0	-1791937332450	0	0
-44	-0.000000000868058	-0.0000001	-96.1563	4.14011662	4.90064639	0.760529770000001	-2.90107775794233E-08	-1812534313282.76	9.98993718299701E-02	0
-44.5	-0.00000000365068	-0.0000001	-68.0396	4.18875577	4.92625077	0.737495	-2.99168943518261E-08	-1833131294115.51	0.101862084956848	0
-45	-0.00000000685767	-0.0000001	-12.6155	4.07521308	4.77417076	0.698957679999999	-3.15663746623401E-08	-1853728274948.27	0.106284089772189	0
-45.5	-0.00000000157616	-0.0000001	-10.5573	3.83074554	4.45885142	0.62810588	-3.51271349346387E-08	-1874325255781.03	0.116973476305823	0
-46	-0.00000000129094	-0.0000001	-9.55434	3.5896279	4.11335089	0.52372299	-4.21283014518801E-08	-1894922236613.79	0.138762521251252	0
-46.5	-0.00000000115507	-0.0000001	-8.77374	3.39489202	3.88584253	0.49095051	-4.49404971592758E-08	-1915519217446.55	0.146433682500084	0
-47	-0.000000000985372	-0.0000001	-8.13928	3.23365426	3.68954425	0.45588999	-4.83966756980121E-08	-1936116198279.31	0.156017652153488	0
-47.5	-0.000000000918221	-0.0000001	-7.60477	3.08676052	3.51234539	0.42558487	-5.18429144344346E-08	-1956713179112.07	0.165368148116219	0
-48	-0.00000000081526	-0.0000001	-7.15108	2.95237325	3.35138615	0.3990129	-5.5295355112579E-08	-1977310159944.82	0.174543418915969	0
-48.5	-0.000000000760973	-0.0000001	-6.74852	2.82872731	3.20374455	0.37501724	-5.88334552299515E-08	-1997907140777.58	0.183797110996412	0
-49	-0.000000000717402	-0.0000001	-6.39928	2.71478358	3.06843212	0.35364854	-6.23883814139315E-08	-2018504121610.34	0.192913980871773	0
-49.5	-0.000000000678623	-0.0000001	-6.08587	2.60933092	2.94409405	0.33476313	-6.59079749911527E-08	-2039101102443.1	0.20173852155235	0
-50	-0.000000000619888	-0.0000001	-5.80522	2.51228067	2.8297845	0.31750383	-6.94906892934173E-08	-2059698083275.86	0.210577846343689	0
-50.5	-0.000000000607181	-0.0000001	-5.54473	2.42166239	2.72319222	0.30152983	-7.31720639380853E-08	-2080295064108.62	0.219538145628819	0
-51	-0.000000000559962	-0.0000001	-5.31042	2.33652657	2.62369277	0.2871662	-7.68320227101937E-08	-2100892044941.38	0.228259128669619	0
-51.5	-0.000000000540578	-0.0000001	-5.0965	2.25699926	2.53091567	0.27391641	-8.05485147823016E-08	-2121489025774.13	0.236977095564288	0
-52	-0.000000000532806	-0.0000001	-4.89898	2.18291475	2.44437179	0.26145704	-8.4386941732378E-08	-2142086006606.89	0.245882697355414	0
-52.5	-0.000000000504482	-0.0000001	-4.71152	2.11224192	2.36232885	0.25008693	-8.82235629027076E-08	-2162682987439.65	0.254613457150671	0
-53	-0.000000000482321	-0.0000001	-4.5417	2.04549657	2.28492709	0.23943052	-9.21501569641164E-08	-2183279968272.41	0.263436698010624	0
-53.5	-0.00000000047065	-0.0000001	-4.37906	1.98220291	2.21189434	0.22969143	-9.60573931730931E-08	-2203876949105.17	0.272040195902274	0
-54	-0.000000000460899	-0.0000001	-4.23218	1.92264575	2.14313264	0.22048689	-1.00067446186937E-07	-2224473929937.93	0.280772856865703	0
-54.5	-0.000000000435305	-0.0000001	-4.09406	1.86638487	2.07856884	0.21218397	-1.039831614047E-07	-2245070910770.69	0.289083017527662	0
-55	-0.000000000427842	-0.0000001	-3.96385	1.81365414	2.01774766	0.20409352	-1.08105147091392E-07	-2265667891603.45	0.297810322565819	0
-55.5	-0.000000000425494	-0.0000001	-3.84203	1.76372896	1.96029721	0.19656825	-1.12243762662587E-07	-2286264872436.2	0.30642577849464	0
-56	-0.000000000429165	-0.0000001	-3.72706	1.71623112	1.90564047	0.18940935	-1.16486118557505E-07	-2306861853268.96	0.31516806969022	0
-56.5	-0.000000000421309	-0.0000001	-3.61741	1.67090071	1.85356634	0.18266563	-1.20786597894744E-07	-2327458834101.72	0.323911498779146	0
-57	-0.000000000394094	-0.0000001	-3.51577	1.6277795	1.80429116	0.17651166	-1.24997748024125E-07	-2348055814934.48	0.332264082998737	0
-57.5	-0.000000000416493	-0.0000001	-3.4157	1.58672101	1.75713517	0.17041416	-1.29470227121972E-07	-2368652795767.24	0.341160018766724	0
-58	-0.000000000373006	-0.0000001	-3.32429	1.5479337	1.71264861	0.16471491	-1.3394998667698E-07	-2389249776600	0.349921595289917	0
-58.5	-0.00000000041219	-0.0000001	-3.23579	1.51109926	1.67022546	0.1591262	-1.38654476761212E-07	-2409846757432.76	0.359115453926993	0
-59	-0.000000000386179	-0.0000001	-3.15181	1.47562419	1.62934157	0.15371738	-1.4353328166275E-07	-2430443738265.51	0.368601134213534	0
-59.5	-0.000000000405431	-0.0000001	-3.07094	1.4412401	1.59009169	0.14885159	-1.48225222182712E-07	-2451040719098.27	0.377451546174465	0
-60	-0.000000000383639	-0.0000001	-2.99457	1.40808701	1.55243077	0.14434376	-1.52854269557617E-07	-2471637699931.03	0.385995630196003	0
