-50	-0.0000000256941	0	0	-5.55714209	0.716707674	6.273849764	0	-2059698083275.86	0	0
-50.5	0.000000000301385	0	0	-0.321116819	0.76012578	1.081242599	0	-2080295064108.62	0	0
-51	0.000000000309145	0	0	2.5340644	1.53116938	-1.00289502	0	-2100892044941.38	0	0
-51.5	-0.00000000039202	0	0	2.63730648	2.45741166	-0.17989482	0	-2121489025774.13	0	0
-52	-0.000000000406742	0	0	2.84834592	3.41534887	0.56700295	0	-2142086006606.89	0	0
-52.5	-0.00000000038358	0	0	3.07298508	3.92229386	0.84930878	0	-2162682987439.65	0	0
-53	-0.000000000378215	0	0	3.16475233	4.02723501	0.86248268	0	-2183279968272.41	0	0
-53.5	-0.000000000335431	0	0	3.24734558	4.12675317	0.87940759	0	-2203876949105.17	0	0
-54	-0.000000000356257	0	0	3.3305634	4.22866399	0.89810059	0	-2224473929937.93	0	0
-54.5	-0.000000000336289	0	0	3.417097	4.33267741	0.91558041	0	-2245070910770.69	0	0
-55	-0.000000000358653	0	0	3.50593993	4.43918027	0.93324034	0	-2265667891603.45	0	0
-55.5	-0.000000000326872	0	0	3.59621288	4.54779955	0.95158667	0	-2286264872436.2	0	0
-56	-0.000000000319541	0	0	3.68947569	4.65821507	0.96873938	0	-2306861853268.96	0	0
-56.5	-0.000000000326288	0	0	3.78451942	4.77092647	0.98640705	0	-2327458834101.72	0	0
-57	-0.000000000337625	0	0	3.88185824	4.88612512	1.00426688	0	-2348055814934.48	0	0
-57.5	-0.00000000105296	-0.00000005	-96.1246	3.98862682	4.99786699	1.00924017	-1.09307777553087E-08	-2368652795767.24	2.88031034395487E-02	0
-58	-0.00000000240663	-0.00000005	-77.4698	4.00823233	4.98682307	0.97859074	-1.12731293574268E-08	-2389249776600	2.94491362524211E-02	0
-58.5	-0.0000000038619	-0.00000005	-38.1619	3.89587629	4.87631277	0.98043648	-1.12519069057895E-08	-2409846757432.76	0.029142468028463	0
-59	-0.00000000334033	-0.00000005	-11.4634	3.71811666	4.60693541	0.88881875	-1.24117318632173E-08	-2430443738265.51	3.18739904037425E-02	0
-59.5	-0.00000000149693	-0.00000005	-10.1754	3.49125105	4.25553294	0.76428189	-1.44341768977412E-08	-2451040719098.27	3.67562436917271E-02	0
-60	-0.00000000137219	-0.00000005	-9.33484	3.26481216	3.91064763	0.64583547	-1.70814092945375E-08	-2471637699931.03	4.31348719559028E-02	0
-60.5	-0.00000000128735	-0.00000005	-8.66674	3.10190914	3.70712292	0.60521378	-1.82279061788712E-08	-2492234680763.79	4.56496523387709E-02	0
-61	-0.00000000119462	-0.00000005	-8.10316	2.96725931	3.53011614	0.56285683	-1.95996200312609E-08	-2512831661596.55	4.86826130930474E-02	0
-61.5	-0.00000000117739	-0.00000005	-7.61895	2.84372755	3.37006344	0.52633589	-2.09595815326217E-08	-2533428642429.31	0.051637303603404	0
-62	-0.00000000108092	-0.00000005	-7.2034	2.73091493	3.22565353	0.4947386	-2.22981994936316E-08	-2554025623262.07	5.44921786256881E-02	0
-62.5	-0.00000000105418	-0.00000005	-6.83012	2.62750768	3.09377082	0.46626314	-2.36599873625009E-08	-2574622604094.82	5.73575451212143E-02	0
-63	-0.00000000103674	-0.00000005	-6.49797	2.53049341	2.97005803	0.43956462	-2.50970608144031E-08	-2595219584927.58	6.03584916171311E-02	0
-63.5	-0.00000000101408	-0.00000005	-6.19976	2.43899638	2.85572282	0.41672644	-2.64724743647175E-08	-2615816565760.34	6.31650545567109E-02	0
-64	-0.000000000962782	-0.00000005	-5.93114	2.35440411	2.75059502	0.39619091	-2.78446065307253E-08	-2636413546593.1	6.59199965216034E-02	0
-64.5	-0.000000000945711	-0.00000005	-5.68612	2.27571507	2.65254185	0.37682678	-2.92754670992332E-08	-2657010527425.86	6.87701834607311E-02	0
-65	-0.0000000008883	-0.00000005	-5.45598	2.20099297	2.56018946	0.35919649	-3.07123825179918E-08	-2677607508258.62	0.071590635240074	0
-65.5	-0.000000000845098	-0.00000005	-5.24698	2.12958399	2.47268867	0.34310468	-3.21528112061893E-08	-2698204489091.38	7.43761536113562E-02	0
-66	-0.000000000851393	-0.00000005	-5.05311	2.06235684	2.39090928	0.32855244	-3.35769230628755E-08	-2718801469924.13	7.70820088679419E-02	0
-66.5	-0.000000000823355	-0.00000005	-4.87735	2.00007082	2.31517035	0.31509953	-3.50104616150967E-08	-2739398450756.89	7.97686525748386E-02	0
-67	-0.000000000772917	-0.00000005	-4.71019	1.94209195	2.24410555	0.3020136	-3.6527427903909E-08	-2759995431589.65	8.26038622883513E-02	0
-67.5	-0.000000000787151	-0.00000005	-4.55374	1.88666264	2.17682094	0.2901583	-3.80198670863456E-08	-2780592412422.41	8.53420136618308E-02	0
-68	-0.000000000796163	-0.00000005	-4.40942	1.83402536	2.11344464	0.27941928	-3.94810980831387E-08	-2801189393255.17	8.79703611478135E-02	0
-68.5	-0.000000000745177	-0.00000005	-4.27301	1.78411971	2.05332196	0.26920225	-4.09795237595525E-08	-2821786374087.93	9.06426095101803E-02	0
-69	-0.000000000743902	-0.00000005	-4.14239	1.73681257	1.99641867	0.2596061	-4.24943019443688E-08	-2842383354920.69	9.33120376468354E-02	0
-69.5	-0.000000000743175	-0.00000005	-4.02456	1.69155671	1.94198177	0.25042506	-4.4052220652358E-08	-2862980335753.44	9.60371062837542E-02	0
-70	-0.000000000725806	-0.00000005	-3.90495	1.64824858	1.89020133	0.24195275	-4.55947700532439E-08	-2883577316586.2	9.86899784702248E-02	0
-70.5	-0.000000000719309	-0.00000005	-3.79457	1.60703043	1.84057939	0.23354896	-4.72354062291692E-08	-2904174297418.96	0.101516024563011	0
-71	-0.000000000758481	-0.00000005	-3.69106	1.56750746	1.7932654	0.22575794	-4.88655238438126E-08	-2924771278251.72	0.104279820409331	0
-71.5	-0.000000000729454	-0.00000005	-3.59104	1.52932932	1.74823975	0.21891043	-5.039403558798E-08	-2945368259084.48	0.106789649476542	0
-72	-0.000000000768542	-0.00000005	-3.49631	1.4933182	1.70519722	0.21187902	-5.20664103505859E-08	-2965965239917.24	0.109567361848876	0
-72.5	-0.00000000078932	-0.00000005	-3.40596	1.4592711	1.66441826	0.20514716	-5.37749584249668E-08	-2986562220750	0.112382358254894	0
-73	-0.000000000756454	-0.00000005	-3.31795	1.42590129	1.62491065	0.19900936	-5.54334730788542E-08	-3007159201582.75	0.115054946199365	0
-73.5	-0.000000000760806	-0.00000005	-3.23304	1.39326554	1.58598141	0.19271587	-5.72437547566788E-08	-3027756182415.51	0.118004029595298	0
-74	-0.000000000831175	-0.00000005	-3.15624	1.36194769	1.54917018	0.18722249	-5.89233697297798E-08	-3048353163248.27	0.120645720167444	0
-74.5	-0.000000000863397	-0.00000005	-3.07911	1.33229264	1.51425272	0.18196008	-6.06274738942739E-08	-3068950144081.03	0.123301756953984	0
-75	-0.000000000897551	-0.00000005	-3.00714	1.3043945	1.48120206	0.17680756	-6.23942777107494E-08	-3089547124913.79	0.126049045880302	0
