-30	-0.0000000184638	0	0	0.31709166	0.411289093	0.0941974344	0	-1235818807541.96	0	0
-30.5	0.000000000334823	0	0	0.52018911	0.864015591	0.3438264764	0	-1256415787667.65	0	0
-31	-0.000000000361264	0	0	0.94814736	1.420121994	0.4719746324	0	-1277012767793.35	0	0
-31.5	-0.000000000356507	0	0	1.39817071	2.001590792	0.603420083	0	-1297609747919.05	0	0
-32	-0.000000000348985	0	0	1.77070284	2.326690968	0.555988126	0	-1318206728044.75	0	0
-32.5	-0.000000000333452	0	0	1.84620665	2.413041511	0.5668348564	0	-1338803708170.45	0	0
-33	-0.000000000345743	0	0	1.91659311	2.497820827	0.5812277178	0	-1359400688296.15	0	0
-33.5	-0.000000000319695	0	0	1.98967397	2.585481804	0.5958078344	0	-1379997668421.85	0	0
-34	-0.000000000322628	0	0	2.06567885	2.675850314	0.6101714628	0	-1400594648547.55	0	0
-34.5	-0.000000000330865	0	0	2.14390674	2.768697028	0.6247902916	0	-1421191628673.25	0	0
-35	-0.000000000302613	0	0	2.22420433	2.862867861	0.6386635272	0	-1441788608798.95	0	0
-35.5	-0.000000000288534	0	0	2.30572657	2.958022211	0.6522956418	0	-1462385588924.65	0	0
-36	-0.000000000295055	0	0	2.38799155	3.053985704	0.6659941518	0	-1482982569050.35	0	0
-36.5	-0.000000000285852	0	0	2.47138711	3.151039551	0.6796524408	0	-1503579549176.05	0	0
-37	-0.000000000270116	0	0	2.55562126	3.249430835	0.6938095768	0	-1524176529301.74	0	0
-37.5	-0.000000000266635	0	0	2.64172605	3.349506242	0.7077801874	0	-1544773509427.44	0	0
-38	-0.000000000279033	0	0	2.7289861	3.450602025	0.7216159244	0	-1565370489553.14	0	0
-38.5	-0.00000000026406	0	0	2.81655608	3.552319032	0.7357629498	0	-1585967469678.84	0	0
-39	-0.000000000265396	0	0	2.90519646	3.654891503	0.749695045	0	-1606564449804.54	0	0
-39.5	-0.000000000222731	0	0	2.99454361	3.758308394	0.7637647854	0	-1627161429930.24	0	0
-40	-0.000000000243652	0	0	3.0851669	3.863167387	0.7780004856	0	-1647758410055.94	0	0
-40.5	-0.000000000251353	0	0	3.176513	3.968424547	0.7919115478	0	-1668355390181.64	0	0
-41	-0.00000000150162	-0.0000001	-72.0312	3.27606446	4.072953063	0.7968886034	-2.76871320798527E-08	-1688952370307.34	0.1023175612707	0
-41.5	-0.0000000042698	-0.0000001	-35.8585	3.29748266	4.070975149	0.7734924864	-2.85245951359576E-08	-1709549350433.04	0.10414236997429	0
-42	-0.00000000233194	-0.0000001	-12.0452	3.18510062	3.879856437	0.6947558158	-3.17572872561841E-08	-1730146330558.74	0.11456452834121	0
-42.5	-0.00000000154539	-0.0000001	-10.705	3.00349666	3.613724117	0.6102274524	-3.61562888206521E-08	-1750743310684.44	0.12889942538557	0
-43	-0.00000000132256	-0.0000001	-9.73464	2.82588124	3.366889102	0.5410078658	-4.07823275963637E-08	-1771340290810.14	0.14370094290473	0
-43.5	-0.00000000115476	-0.0000001	-8.95659	2.6895049	3.189434378	0.4999294738	-4.4133345144783E-08	-1791937270935.83	0.1537211603789	0
-44	-0.000000000992823	-0.0000001	-8.32041	2.5663713	3.030034546	0.4636632436	-4.75853117964625E-08	-1812534251061.53	0.16386126651674	0
-44.5	-0.000000000883996	-0.0000001	-7.78325	2.45308519	2.885660385	0.4325751986	-5.10051433523521E-08	-1833131231187.23	0.17366409040637	0
-45	-0.000000000811338	-0.0000001	-7.32488	2.3501288	2.75504233	0.4049135318	-5.44895595787672E-08	-1853728211312.93	0.18346653056824	0
-45.5	-0.000000000750828	-0.0000001	-6.92599	2.25537094	2.635640187	0.3802692518	-5.80208889118107E-08	-1874325191438.63	0.19320975328608	0
-46	-0.000000000668669	-0.0000001	-6.56564	2.16734164	2.525687814	0.3583461746	-6.15705191771431E-08	-1894922171564.33	0.20280144656503	0
-46.5	-0.000000000693226	-0.0000001	-6.24229	2.08561765	2.42433378	0.338716129	-6.51387935980609E-08	-1915519151690.03	0.21224761680698	0
-47	-0.000000000617158	-0.0000001	-5.95256	2.00917797	2.329765476	0.3205875034	-6.88222709284343E-08	-1936116131815.73	0.22186418739018	0
-47.5	-0.000000000578165	-0.0000001	-5.69126	1.93729047	2.241668555	0.3043780878	-7.24873468216366E-08	-1956713111941.43	0.23121960708656	0
-48	-0.000000000535595	-0.0000001	-5.45066	1.87030719	2.159953497	0.289646304	-7.61741465731431E-08	-1977310092067.13	0.24044869499098	0
-48.5	-0.000000000557268	-0.0000001	-5.23165	1.80794523	2.083887894	0.2759426608	-7.99570459721579E-08	-1997907072192.83	0.24978771000362	0
-49	-0.000000000489318	-0.0000001	-5.02708	1.74910699	2.012591362	0.263484368	-8.37376432717449E-08	-2018504052318.53	0.25892901444572	0
-49.5	-0.00000000049634	-0.0000001	-4.83834	1.69336271	1.945196784	0.2518340704	-8.76114974444108E-08	-2039101032444.23	0.26817109716685	0
-50	-0.000000000473619	-0.0000001	-4.66509	1.64084075	1.881792596	0.2409518422	-9.15683391909969E-08	-2059698012569.93	0.27747981573029	0
-50.5	-0.000000000466013	-0.0000001	-4.50053	1.59117783	1.822274938	0.2310971068	-9.54731122374448E-08	-2080294992695.62	0.28644798151049	0
-51	-0.000000000424039	-0.0000001	-4.34971	1.54444697	1.76635854	0.2219115734	-9.94250082463935E-08	-2100891972821.32	0.29538029782054	0
-51.5	-0.000000000419641	-0.0000001	-4.20495	1.50024661	1.713389065	0.2131424524	-1.03515558570467E-07	-2121488952947.02	0.3045470978831	0
-52	-0.000000000416243	-0.0000001	-4.0685	1.45796571	1.66307662	0.2051109132	-1.07568922935619E-07	-2142085933072.72	0.31342926263292	0
-52.5	-0.000000000411117	-0.0000001	-3.94276	1.41778814	1.615113123	0.1973249804	-1.11813314110255E-07	-2162682913198.42	0.32269354721574	0
-53	-0.000000000406682	-0.0000001	-3.82092	1.3796707	1.569713118	0.1900424128	-1.16098084054978E-07	-2183279893324.12	0.33189846785299	0
-53.5	-0.000000000400901	-0.0000001	-3.70762	1.34318247	1.526447491	0.1832650226	-1.20391549365215E-07	-2203876873449.82	0.34095595968625	0
-54	-0.000000000383973	-0.0000001	-3.60016	1.30856609	1.485633171	0.1770670854	-1.24605654209662E-07	-2224473853575.52	0.34962304772633	0
-54.5	-0.000000000414479	-0.0000001	-3.49888	1.27584863	1.446783293	0.1709346662	-1.29075982688321E-07	-2245070833701.22	0.35884343255024	0
-55	-0.000000000368917	-0.0000001	-3.40377	1.24440576	1.409656219	0.165250459	-1.33515877346308E-07	-2265667813826.92	0.36781233428735	0
-55.5	-0.00000000038451	-0.0000001	-3.31139	1.21438393	1.374055238	0.1596713102	-1.38181117118842E-07	-2286264793952.62	0.37723482696927	0
-56	-0.000000000387824	-0.0000001	-3.22411	1.18582904	1.340464471	0.154635436	-1.42681138204733E-07	-2306861774078.32	0.38604204059722	0
-56.5	-0.000000000367141	-0.0000001	-3.14305	1.15821032	1.308044787	0.1498344672	-1.47252901335542E-07	-2327458754204.02	0.39488576383894	0
-57	-0.00000000035671	-0.0000001	-3.06412	1.13182575	1.276910019	0.1450842728	-1.52074098656303E-07	-2348055734329.71	0.40423737016561	0
-57.5	-0.000000000371122	-0.0000001	-2.98702	1.10622002	1.246912328	0.1406923036	-1.56821371537094E-07	-2368652714455.41	0.41323154555229	0
-58	-0.000000000369728	-0.0000001	-2.9148	1.08181764	1.218250007	0.1364323626	-1.61717935501508E-07	-2389249694581.11	0.42246064655566	0
-58.5	-0.000000000355446	-0.0000001	-2.84545	1.05821519	1.190753627	0.1325384368	-1.66469143200768E-07	-2409846674706.81	0.4311555120455	0
-59	-0.000000000405729	-0.0000001	-2.77926	1.0356018	1.164296393	0.1286945966	-1.7144123062013E-07	-2430443654832.51	0.44027023785344	0
