1.000000000000000056e-01 1.000000000000000056e-01 1.000000000000000056e-01 1.000000000000000056e-01 7.923661114494091598e+05 8.367334795833041426e+05 7.725683512672628276e+05 6.797718773614770034e+05 5.965818522906734142e+05 5.266669687237960752e+05 4.683648739094313933e+05 4.194483424423220567e+05 3.779831157046941807e+05 3.424410333445754950e+05 3.116478939744525123e+05 2.847055195125455502e+05 2.609232481420787808e+05 2.397649338034320390e+05 2.208097071631602594e+05 2.037233226641834772e+05 1.882372481184620119e+05 1.741333190541488875e+05 1.612323808347691374e+05 1.493858000418840384e+05 1.384690558307790197e+05 1.283768528568385809e+05 1.190193581495816034e+05 1.103192763917799457e+05 1.022095566154608678e+05 9.463157880700942769e+04 8.753370844548994501e+04 8.087013543064340774e+04 7.459993450116954045e+04 6.868629937426741526e+04 6.309591402800122887e+04 5.779843289786692912e+04 5.276604804097454326e+04 4.797312608514906606e+04 4.339590141944011702e+04 3.901221488158174179e+04 3.480128936423156847e+04 3.074353544746409170e+04 2.682038148309843382e+04 2.301412359068789010e+04 1.930779183866560561e+04 1.568502952487828770e+04 1.212998297423944678e+04 1.000000000000000056e-01 1.000000000000000056e-01 1.000000000000000056e-01 1.000000000000000056e-01
1.000000000000000056e-01 1.000000000000000056e-01 1.000000000000000056e-01 1.000000000000000056e-01 7.932080683426735923e+05 8.382828116607355187e+05 7.742802118830357213e+05 6.812857482424000045e+05 5.978024408276251052e+05 5.276242227681996301e+05 4.691160479617465171e+05 4.200449606695048860e+05 3.784646468349145143e+05 3.428362338238913217e+05 3.119774739475754905e+05 2.849844585517071537e+05 2.611625023709764064e+05 2.399726290952816198e+05 2.209919603843195364e+05 2.038848072837892105e+05 1.883815869066707673e+05 1.742633598805455840e+05 1.613503928996195027e+05 1.494936153995474160e+05 1.385681728638251661e+05 1.284685129775732494e+05 1.191046034569435869e+05 1.103989936534924054e+05 1.022845113654740708e+05 9.470244228296396614e+04 8.760107937171317462e+04 8.093455817199326702e+04 7.466191480536005110e+04 6.874631874706264352e+04 6.315444373127148720e+04 5.785594863133242325e+04 5.282304659865571739e+04 4.803014574503106269e+04 4.345354868714576878e+04 3.907120178178031347e+04 3.486248841047944006e+04 3.080806514462546693e+04 2.688974703482523182e+04 2.309046374851156725e+04 1.939434687689206476e+04 1.578712141616421104e+04 1.225736766495168376e+04 1.000000000000000056e-01 1.000000000000000056e-01 1.000000000000000056e-01 1.000000000000000056e-01
1.000000000000000056e-01 1.000000000000000056e-01 1.000000000000000056e-01 1.000000000000000056e-01 8.714366157320324564e+05 8.783701443890626542e+05 7.852666640107054263e+05 6.806545366997066885e+05 5.939658601407732349e+05 5.235533501814971678e+05 4.656473603613650193e+05 4.172936176979492302e+05 3.763390755171352066e+05 3.412087157072657719e+05 3.107338396507654106e+05 2.840340157330000075e+05 2.604361995477836463e+05 2.394186560807443748e+05 2.205715484321204713e+05 2.035688703863025876e+05 1.881481991015001549e+05 1.740959057429982640e+05 1.612362218909088406e+05 1.494230626302601013e+05 1.385338437601449259e+05 1.284647580111532297e+05 1.191271305113691342e+05 1.104445809905995557e+05 1.023507950649941777e+05 9.478775976287527010e+04 8.770435613949962135e+04 8.105522902610161691e+04 7.479987382700591115e+04 6.890189500052652147e+04 6.332840197639198595e+04 5.804951690749965201e+04 5.303797572830889112e+04 4.826881033049047983e+04 4.371910624448579620e+04 3.936783851142798085e+04 3.519580117402938049e+04 3.118566876785703062e+04 2.732227470255692606e+04 2.359329511349951645e+04 1.999078017585304042e+04 1.651465925987013907e+04 1.318141766551070214e+04 1.000000000000000056e-01 1.000000000000000056e-01 1.000000000000000056e-01 1.000000000000000056e-01
1.000000000000000056e-01 1.000000000000000056e-01 1.000000000000000056e-01 1.000000000000000056e-01 1.146861874627664685e+06 9.538664428159905365e+05 7.923763543530198513e+05 6.719698098185042618e+05 5.835149219235755736e+05 5.145456254775712150e+05 4.585182089323916007e+05 4.118077960993106244e+05 3.721540879243289237e+05 3.380197450221526087e+05 3.083002712590197916e+05 2.821737513302165316e+05 2.590134115024147031e+05 2.383322943832746532e+05 2.197462211288481485e+05 2.029480327391349711e+05 1.876891869520856708e+05 1.737663417304986506e+05 1.610114147716083971e+05 1.492841176570832322e+05 1.384662817211005313e+05 1.284574997353012150e+05 1.191717460017001868e+05 1.105347321663118928e+05 1.024818220284877461e+05 9.495637527544199838e+04 8.790842354746589263e+04 8.129360660915961489e+04 7.507231443683941325e+04 6.920899467099513276e+04 6.367159554295847192e+04 5.843112318856516504e+04 5.346130022957178153e+04 4.873832078003088827e+04 4.424070722609443328e+04 3.994928892941856611e+04 3.584734749378544075e+04 3.192101772452528166e+04 2.816012004745649028e+04 2.455977876707315590e+04 2.112356737311981851e+04 1.786979108912102311e+04 1.484446658305827077e+04 1.000000000000000056e-01 1.000000000000000056e-01 1.000000000000000056e-01 1.000000000000000056e-01
8.231693610380737809e+05 8.239429369562868960e+05 8.992029702003855491e+05 1.163998800852996763e+06 1.036269106436687638e+06 8.782041767358443467e+05 7.445852916211832780e+05 6.424614592829360627e+05 5.633695370590081438e+05 5.000171276996619999e+05 4.477813940937725129e+05 4.037723085482311435e+05 3.660900485185013968e+05 3.334144712146130623e+05 3.047860547807018738e+05 2.794837269224762567e+05 2.569520994189656631e+05 2.367552681538075267e+05 2.185458850637946744e+05 2.020435964492384810e+05 1.870195496494101244e+05 1.732850046194637252e+05 1.606828147628539009e+05 1.490809638414655346e+05 1.383676049502305395e+05 1.284472139618809015e+05 1.192375806583818339e+05 1.106674366809581843e+05 1.026745726359975524e+05 9.520433470017145737e+04 8.820841869088876410e+04 8.164390000514537678e+04 7.547245327961322619e+04 6.965972766526503256e+04 6.417485345301710186e+04 5.899006447213859792e+04 5.408042926549733238e+04 4.942369382834646967e+04 4.500025159441633150e+04 4.079327552410198405e+04 3.678907817508572771e+04 3.297781872626870609e+04 2.935476991889462442e+04 2.592252651417177549e+04 2.269483350621520367e+04 1.970318427160333158e+04 1.700782852282131353e+04 1.471406361916784226e+04 1.298759509267942667e+04 1.204025545969879386e+04 1.192331966980506877e+04
8.741786475809538970e+05 8.755665953429603251e+05 9.123941604397770716e+05 9.798689375935458811e+05 8.906188716334995115e+05 7.807119713925874094e+05 6.840816118876518449e+05 6.036820740752639249e+05 5.371021029498643475e+05 4.814129314601885271e+05 4.342040466462132754e+05 3.936686304090067279e+05 3.584729072518648463e+05 3.276204383847407880e+05 3.003521673098481260e+05 2.760786253366744495e+05 2.543343137370013283e+05 2.347464088421264023e+05 2.170127029840733157e+05 2.008856422071791021e+05 1.861605153891905793e+05 1.726665565519707452e+05 1.602601449029901414e+05 1.488195473535278579e+05 1.382408143555384595e+05 1.284345498392856098e+05 1.193233511896796699e+05 1.108397679879863426e+05 1.029246661673647031e+05 9.552591200590801600e+04 8.859731110090723087e+04 8.209775323933310574e+04 7.599052640150493244e+04 7.024277313707338180e+04 6.482507116180282901e+04 5.971112810203999106e+04 5.487758879961681669e+04 5.030396367409708182e+04 4.597270001745069021e+04 4.186943733619106206e+04 3.798351689927530970e+04 3.430886028904124396e+04 3.084539923521148376e+04 2.760133351217705058e+04 2.459659680513830244e+04 2.186791559857331595e+04 1.947537867311535956e+04 1.750852599249464402e+04 1.608521270728225136e+04 1.533066798941788693e+04 1.524217079994855339e+04
8.154578189934334951e+05 8.169365133070641896e+05 8.247760920017728349e+05 8.250716148563884199e+05 7.666680744258245686e+05 6.949341778369327076e+05 6.256630759239989566e+05 5.633054665833134204e+05 5.085141567247473868e+05 4.606812278163546580e+05 4.188679439402840217e+05 3.821500280693650711e+05 3.497240076137318974e+05 3.209218060893808724e+05 2.951957701284551877e+05 2.720976972863062401e+05 2.512594806830627203e+05 2.323771266192086914e+05 2.151980331322645361e+05 1.995109661306864291e+05 1.851381607886002748e+05 1.719290747799105884e+05 1.597554247944903036e+05 1.485072241422141669e+05 1.380896055578592932e+05 1.284202633351810073e+05 1.194273866851207858e+05 1.110479849486916937e+05 1.032265273734549992e+05 9.591383731440953852e+04 8.906619422396544542e+04 8.264460762305650860e+04 7.661423616573162144e+04 7.094393256889164331e+04 6.560590216907714785e+04 6.057546979041930172e+04 5.583095714392424998e+04 5.135368196769988572e+04 4.712810163132350863e+04 4.314213928244358249e+04 3.938775115296310832e+04 3.586181978572396474e+04 3.256748621785310388e+04 2.951604914549621026e+04 2.672951415912435186e+04 2.424365533125709044e+04 2.211082449245105818e+04 2.040043175159556995e+04 1.919325826868147487e+04 1.856568557049631636e+04 1.849584898431785405e+04
7.279592744018270168e+05 7.292068179859521333e+05 7.256860376385854324e+05 7.111208402162031271e+05 6.729921946236629738e+05 6.242720022018953459e+05 5.735608819463815307e+05 5.249584318166598678e+05 4.800979418001133599e+05 4.394106757403667434e+05 4.027801916809406830e+05 3.698699412322973367e+05 3.402803877983021084e+05 3.136190271645518951e+05 2.895278975287821959e+05 2.676914661721976590e+05 2.478360527309503814e+05 2.297259890948032262e+05 2.131588417069095594e+05 1.979606857803970925e+05 1.839818148457920470e+05 1.710929998711853113e+05 1.591822964608530165e+05 1.481523524813825497e+05 1.379181537464325957e+05 1.284051446540581237e+05 1.195476658337556582e+05 1.112876581571781135e+05 1.035735901613722235e+05 9.635957327119236288e+04 8.960463592025813705e+04 8.327213373796535598e+04 7.732927850663402933e+04 7.174677379051348544e+04 6.649855024762982794e+04 6.156159895912691718e+04 5.691590700280370947e+04 5.254450634085883212e+04 4.843365521906880167e+04 4.457318073192321026e+04 4.095702115246030007e+04 3.758401392971266614e+04 3.445897152839050977e+04 3.159405320088818189e+04 2.901033747290284373e+04 2.673926328505251877e+04 2.482317011899227873e+04 2.331357434895513870e+04 2.226549814017806420e+04 2.172712726195288633e+04 2.167062077284877887e+04
6.505697421672630589e+05 6.515194543905532919e+05 6.450750901828599162e+05 6.294662638599488419e+05 6.019197457694472978e+05 5.667597631094821263e+05 5.284878045861587161e+05 4.900888638532288605e+05 4.532177333356430172e+05 4.186643457786847139e+05 3.867143779808274121e+05 3.573796741581362439e+05 3.305347774078514776e+05 3.059939299669989268e+05 2.835526112855598330e+05 2.630088360382596729e+05 2.441732677580421441e+05 2.268733172551446478e+05 2.109540990837883728e+05 1.962778175219898694e+05 1.827224320842454326e+05 1.701800566726461693e+05 1.585553296125676716e+05 1.477638729407189239e+05 1.377308942760668579e+05 1.283899494180659822e+05 1.196818653401458723e+05 1.115538141895338049e+05 1.039585251688997087e+05 9.685362043666742102e+04 9.020106210303393891e+04 8.396669928294082638e+04 7.811990660768863745e+04 7.263330841648507339e+04 6.748258599922359281e+04 6.264636876455267338e+04 5.810621410083418596e+04 5.384668494932822068e+04 4.985553845747264859e+04 4.612404272039961506e+04 4.264743959564576653e+04 3.942556570169432234e+04 3.646362285251116555e+04 3.377303923917785869e+04 3.137226328070292584e+04 2.928716437128081452e+04 2.755049042891672070e+04 2.619965603075509716e+04 2.527227036281138862e+04 2.479960178854162950e+04 2.475318530014434509e+04
5.868515668366298778e+05 5.875476448335052701e+05 5.811252882494862424e+05 5.675163735108583933e+05 5.464099486435469007e+05 5.197319525731739704e+05 4.899487093866327778e+05 4.590844994389736094e+05 4.285153278397530667e+05 3.990719334852558677e+05 3.712001892498683301e+05 3.450969522320150281e+05 3.208072983286638628e+05 2.982888853286222438e+05 2.774525892647946021e+05 2.581872811924488633e+05 2.403744633258375979e+05 2.238966025311525154e+05 2.086416237059067935e+05 1.945051023777511728e+05 1.813911046008553240e+05 1.692122530823058332e+05 1.578893708388207015e+05 1.473509139766900335e+05 1.375323195329523878e+05 1.283753418338958872e+05 1.198274187710389378e+05 1.118410899868704728e+05 1.043734774362158205e+05 9.738583220664413238e+04 9.084314802318753209e+04 8.471384040115257085e+04 7.896949024854798336e+04 7.358465142685196770e+04 6.853672308412397979e+04 6.380588928142924124e+04 5.937513033926675416e+04 5.523031211770297523e+04 5.136036051762260468e+04 4.775752771612007928e+04 4.441775194815541181e+04 4.134110046466140193e+04 3.853226013415952912e+04 3.600099486764281755e+04 3.376241767313794844e+04 3.183683138290156421e+04 3.024880622226144988e+04 2.902516138430361752e+04 2.819172046394708741e+04 2.776919577007034241e+04 2.773073820657166289e+04
5.350070924891226459e+05 5.355123321027640486e+05 5.299102285652236314e+05 5.186176559766852297e+05 5.019146755897022667e+05 4.809165613210143056e+05 4.571005756490032654e+05 4.318418752419228549e+05 4.062124908715533675e+05 3.809612998477403307e+05 3.565683228076833766e+05 3.333140998046871973e+05 3.113407981418688432e+05 2.906991278972484288e+05 2.713818956766481278e+05 2.533469810747315641e+05 2.365325983106562635e+05 2.208671858386970416e+05 2.062756616317837907e+05 1.926832669932267745e+05 1.800178336887847690e+05 1.682110340752441844e+05 1.571989853354633669e+05 1.469224520971109159e+05 1.373268072814374173e+05 1.283618551507920638e+05 1.199815836927727651e+05 1.121438893111843645e+05 1.048103010473315371e+05 9.794572142161994998e+04 9.151819460742968658e+04 8.549870879543936462e+04 7.986103745503594109e+04 7.458162319096928695e+04 6.963950762516020040e+04 6.501631087324304826e+04 6.069626438990938914e+04 5.666630077399875881e+04 5.291620287103765440e+04 4.943881111311172572e+04 4.623028085435467074e+04 4.329036819234568975e+04 4.062270067491741065e+04 3.823495629172190820e+04 3.613883158438052487e+04 3.434963753790564078e+04 3.288534522478395229e+04 3.176495390003499051e+04 3.100621518339349132e+04 3.062301744895901720e+04 3.059102906815566166e+04
4.927238091837897664e+05 4.930910463625059347e+05 4.883881016144517343e+05 4.790913050155870733e+05 4.655725462344137486e+05 4.485833535083239549e+05 4.290900600537981372e+05 4.080554329940557946e+05 3.863022942106450791e+05 3.644664848517754581e+05 3.430040277136407676e+05 3.222211063760974794e+05 3.023087086559018935e+05 2.833737895996322040e+05 2.654643566010827199e+05 2.485884462707285420e+05 2.327279265434787376e+05 2.178482634589607478e+05 2.039052875343713968e+05 1.908497951496392780e+05 1.786306190681398730e+05 1.671966324431292014e+05 1.564980188904475945e+05 1.464870434811664745e+05 1.371184889469392074e+05 1.283498712819813663e+05 1.201415137253783760e+05 1.124565335761175375e+05 1.052607793175896368e+05 9.852274387284900877e+04 9.221347189030775917e+04 8.630647365020278085e+04 8.077765468723687809e+04 7.560526796341888257e+04 7.076989394914389413e+04 6.625445289390254766e+04 6.204425250032913755e+04 5.812707269139456184e+04 5.449328657059241959e+04 5.113601219780754036e+04 4.805128239431389375e+04 4.523820830365581787e+04 4.269909606371740665e+04 4.043945521817127155e+04 3.846781603839982563e+04 3.679525972179180826e+04 3.543457607358135283e+04 3.439901681675150758e+04 3.370071997912895313e+04 3.334902532025678374e+04 3.332241194853776688e+04
4.580205107690701843e+05 4.582887022859955905e+05 4.543626137350162608e+05 4.466554994804774760e+05 4.355024089876952930e+05 4.214472328259719652e+05 4.051668168792679207e+05 3.873603707163724466e+05 3.686635387199487304e+05 3.496043836799259880e+05 3.305930134971083025e+05 3.119307395598279545e+05 2.938275865787127987e+05 2.764214285307834507e+05 2.597954426065192092e+05 2.439926481542480760e+05 2.290273811387477908e+05 2.148940355698273343e+05 2.015735594046598126e+05 1.890381921539907635e+05 1.772548675478258810e+05 1.661876238298589888e+05 1.557992875724718033e+05 1.460526320637112367e+05 1.369111597159107041e+05 1.283396183343045559e+05 1.203043313697529811e+05 1.127734003364833625e+05 1.057168215557575022e+05 9.910654779579499154e+04 9.291651705590244092e+04 8.712266480248168227e+04 8.170293173168052454e+04 7.663727608498356130e+04 7.190769725524241221e+04 6.749827551702717028e+04 6.339523082762270496e+04 5.958700137019086105e+04 5.606433938233918161e+04 5.282041729997532093e+04 4.985093081269694812e+04 4.715417671701958170e+04 4.473107267598658655e+04 4.258507456971009378e+04 4.072193852618968231e+04 3.914927510153932963e+04 3.787586067706934409e+04 3.691071316028858564e+04 3.626200533734207420e+04 3.593596494864722627e+04 3.591388889292962995e+04
4.293460127906401758e+05 4.295427242350187735e+05 4.262404213708110037e+05 4.197687135811044718e+05 4.104019405957395793e+05 3.985481707901542541e+05 3.847051744381645112e+05 3.693983985198859591e+05 3.531263374702075380e+05 3.363257028737796936e+05 3.193563721798049519e+05 3.025005562026637490e+05 2.859700846755331149e+05 2.699171909746915335e+05 2.544459226054225292e+05 2.396226626668939716e+05 2.254851277244955127e+05 2.120497093639950326e+05 1.993172776680665556e+05 1.872776667899399763e+05 1.759130842750990414e+05 1.652006685745207942e+05 1.551143868244941987e+05 1.456264296499899938e+05 1.367082271576396597e+05 1.283311825568132772e+05 1.204671973390608910e+05 1.130890442118380888e+05 1.061706302871107473e+05 9.968718259518779814e+04 9.361538012375707331e+04 8.793345066937088268e+04 8.262124633269080368e+04 7.766030807327918592e+04 7.303392700839597092e+04 6.872720777307089884e+04 6.472713694752590527e+04 6.102265699295068771e+04 5.760474300248627696e+04 5.446647557942455023e+04 5.160309810868059139e+04 4.901204065822422854e+04 4.669288631504459772e+04 4.464725035067443969e+04 4.287854077769858122e+04 4.139157421846658690e+04 4.019203737089198694e+04 3.928581365996041859e+04 3.867823398689201713e+04 3.837334977498184890e+04 3.835514638675330207e+04
4.055180482962860842e+05 4.056626323248679982e+05 4.028489752137199976e+05 3.973321546500188415e+05 3.893307160768373287e+05 3.791581904362225905e+05 3.671938806153854821e+05 3.538444947792702587e+05 3.395080306040477008e+05 3.245473898993540788e+05 3.092755420417152345e+05 2.939504185169968987e+05 2.787764680302651832e+05 2.639099929670823622e+05 2.494661238907641382e+05 2.355260593553330691e+05 2.221438059641221189e+05 2.093520667576825654e+05 1.971671779712173447e+05 1.855931321184360131e+05 1.746247902974536119e+05 1.642504085607473389e+05 1.544536019566155155e+05 1.452148575994050188e+05 1.365126918500279426e+05 1.283245301110337168e+05 1.206273726391637174e+05 1.133982968314658065e+05 1.066148357460853731e+05 1.002552639924300165e+05 9.429881527010251011e+04 8.872585042597293796e+04 8.351799061922324472e+04 7.865822674532509700e+04 7.413101340711020748e+04 6.992235318964390899e+04 6.601987456510351331e+04 6.241290420874968549e+04 5.909253165875456034e+04 5.605166097404906759e+04 5.328504033606378653e+04 5.078925663605474256e+04 4.856267859458611929e+04 4.660532997770381917e+04 4.491867563114586665e+04 4.350530925096535793e+04 4.236854453890652076e+04 4.151193059205033933e+04 4.093873517830356286e+04 4.065145977993103588e+04 4.063658499266820581e+04
3.856403075272646383e+05 3.857464357430999517e+05 3.833131412419221597e+05 3.785359062672054861e+05 3.715884949340372114e+05 3.627167683354380424e+05 3.522179735458296491e+05 3.404150832066072617e+05 3.276317895155031583e+05 3.141725422857501544e+05 3.003094454889729968e+05 2.862756873447163380e+05 2.722640702061186312e+05 2.584289511249767093e+05 2.448901195858971914e+05 2.317375195652801776e+05 2.190360973468118755e+05 2.068303551927792432e+05 1.951484019133848487e+05 1.840054271360398270e+05 1.734066059217834554e+05 1.633494822619010229e+05 1.538258979144147888e+05 1.448235368891787075e+05 1.363271521678668796e+05 1.283195339921473933e+05 1.207822706364447076e+05 1.136963442904905241e+05 1.070425971390894701e+05 1.008020961810152221e+05 9.495641979875990364e+04 8.948788448523612169e+04 8.437972630938662041e+04 7.961624849540040304e+04 7.518294373190215265e+04 7.106659735359992192e+04 6.725537519510097627e+04 6.373889757068849576e+04 6.050829838836348790e+04 5.755626583065994055e+04 5.487705841205526667e+04 5.246648780866992456e+04 5.032185813858726760e+04 4.844185109490898321e+04 4.682634843285164970e+04 4.547618867846438661e+04 4.439286397554459109e+04 4.357817508762155194e+04 4.303387558017216361e+04 4.276134652228477353e+04 4.274934255209106777e+04
3.690312021928039612e+05 3.691086545239023399e+05 3.669716377386447275e+05 3.627697844438296161e+05 3.566426228380851098e+05 3.487868579591853195e+05 3.394411597634479403e+05 3.288679835250678007e+05 3.173354882019102224e+05 3.051022057601828710e+05 2.924058967353217886e+05 2.794568025660846615e+05 2.664346960683340440e+05 2.534887844150473538e+05 2.407395009287756402e+05 2.282813747821929865e+05 2.161863750773200300e+05 2.045073225127315964e+05 1.932811206945290032e+05 1.825316749569708481e+05 1.722724445275776379e+05 1.625086225411561900e+05 1.532389661949319416e+05 1.444573131737658405e+05 1.361538255313606642e+05 1.283160020981140697e+05 1.209294975859152037e+05 1.139787823781529441e+05 1.074476724263786164e+05 1.013197542216973379e+05 9.557872571394935949e+04 9.020867040483903838e+04 8.519427864047134062e+04 8.052102732120720611e+04 7.617532675274972280e+04 7.214464109258927056e+04 6.841758671406819485e+04 6.498401074635711848e+04 6.183505001563981205e+04 5.896316862931119249e+04 5.636217061342792294e+04 5.402718254871715908e+04 5.195460039537819830e+04 5.014199510757934331e+04 4.858797370384362875e+04 4.729199653629835666e+04 4.625415757070339168e+04 4.547494189298519632e+04 4.495498196544490202e+04 4.469483932227360492e+04 4.468531148565369949e+04
3.551694407833019504e+05 3.552253223675058107e+05 3.533196548361950554e+05 3.495672796148806228e+05 3.440820404064774048e+05 3.370245984396715066e+05 3.285909775194231770e+05 3.189991169990897761e+05 3.084752907293671742e+05 2.972420824949612725e+05 2.855089942125802627e+05 2.734660532680430915e+05 2.612802308052968874e+05 2.490941676652155002e+05 2.370265992126372876e+05 2.251739021657480916e+05 2.136122864646338858e+05 2.024002743682839209e+05 1.915812197799684654e+05 1.811857113769316929e+05 1.712337710349812114e+05 1.617368065910489240e+05 1.526993092229897738e+05 1.441203048361090769e+05 1.359945794487415696e+05 1.283137034988501982e+05 1.210668813298349560e+05 1.142416513088934153e+05 1.078244600565682922e+05 1.018011317436262616e+05 9.615725071901375486e+04 9.087847308338589210e+04 8.595078032144167810e+04 8.136068578960551531e+04 7.709540271846191899e+04 7.314298040602754918e+04 6.949241341655538417e+04 6.613372683689199039e+04 6.305803897792381758e+04 6.025760138069650566e+04 5.772581468750300701e+04 5.545721802532579022e+04 5.344744924207606527e+04 5.169317389225452644e+04 5.019198251779819111e+04 4.894225861322603305e+04 4.794302354697437841e+04 4.719376911357491190e+04 4.669429241420111066e+04 4.644455026618617558e+04 4.643715084693107929e+04
3.436541270604817546e+05 3.436936891094679013e+05 3.419688979464106378e+05 3.385683189890477806e+05 3.335866652241562260e+05 3.271580035771891708e+05 3.194469273757048650e+05 3.106382552496907301e+05 3.009264826014848077e+05 2.905061283493087394e+05 2.795637853185984422e+05 2.682722569601308787e+05 2.567867875643048028e+05 2.452431388383466692e+05 2.337571395190433832e+05 2.224253082937040599e+05 2.113261859844239661e+05 2.005220781702207460e+05 1.900609817376293358e+05 1.799785354441494273e+05 1.702998897334081994e+05 1.610414334683982306e+05 1.522123460050793365e+05 1.438159641373290506e+05 1.358509671081954439e+05 1.283123910916831519e+05 1.211924889340773661e+05 1.144814527564827004e+05 1.081680171794178314e+05 1.022399600830021227e+05 9.668451640203419083e+04 9.148871876065463584e+04 8.663967695431508764e+04 8.212480649024713784e+04 7.793201465527633263e+04 7.404985091577294224e+04 7.046762687870420632e+04 6.717550956464435149e+04 6.416459038380951097e+04 6.142693100764716655e+04 5.895558636411417683e+04 5.674460436062102963e+04 5.478900178527581738e+04 5.308471628789626993e+04 5.162853548958872125e+04 5.041800610813629464e+04 4.945132835020171478e+04 4.872724334686123620e+04 4.824492355167659116e+04 4.800387715432185360e+04 4.799829387206269894e+04
3.341759168933150358e+05 3.342031135710932431e+05 3.326194235626327572e+05 3.294936267880082596e+05 3.249062405642296653e+05 3.189716555958780809e+05 3.118311632047106978e+05 3.036448107031020336e+05 2.945829500323315733e+05 2.848182970450499561e+05 2.745191226862999029e+05 2.638439302746464382e+05 2.529377152970794123e+05 2.419297067108052142e+05 2.309323683678864327e+05 2.200413881776137860e+05 2.093363821794672403e+05 1.988820706474292674e+05 1.887297272331960266e+05 1.789187487304885290e+05 1.694782357724792964e+05 1.604285106329185946e+05 1.517825265192716324e+05 1.435471438146983855e+05 1.357242637138022983e+05 1.283118198312839231e+05 1.213046348029940127e+05 1.146951526370890497e+05 1.084740594049723150e+05 1.026308053973671776e+05 9.715404155997259659e+04 9.203198218758043367e+04 8.725270471686781093e+04 8.280439616536472749e+04 7.867555441323189007e+04 7.485515117698017275e+04 7.133276222063276509e+04 6.809866912165597023e+04 6.514393578914611135e+04 6.246046196123133996e+04 6.004101514216315263e+04 5.787924194417257968e+04 5.596965964838696527e+04 5.430762905499980843e+04 5.288931038253680163e+04 5.171160505969716178e+04 5.077208759724644187e+04 5.006893309522988420e+04 4.960084701313683036e+04 4.936700426878638973e+04 4.936295182342378394e+04
3.264962395447762683e+05 3.265141107192059862e+05 3.250395920553319738e+05 3.221266565473909723e+05 3.178453473837869242e+05 3.122955351317527238e+05 3.056012560036893119e+05 2.979040686800135300e+05 2.893560743009762373e+05 2.801132155072846217e+05 2.703293473406380508e+05 2.601513965778715210e+05 2.497157438725702523e+05 2.391458102442993841e+05 2.285507229861131345e+05 2.180248771825744188e+05 2.076481894593159959e+05 1.974868484955109307e+05 1.875943908450410527e+05 1.780129617298087687e+05 1.687746525299503410e+05 1.599028360536555410e+05 1.514134455676420475e+05 1.433161635077615501e+05 1.356155010072168079e+05 1.283117604858342820e+05 1.214018812756624393e+05 1.148801733437279618e+05 1.087389472599114379e+05 1.029690501858887583e+05 9.756031825944071170e+04 9.250195564616766933e+04 8.778284997223944811e+04 8.339183301449893042e+04 7.931789453297748696e+04 7.555035607339118724e+04 7.207901050538364507e+04 6.889423204289525165e+04 6.598706055560082314e+04 6.334926316276912985e+04 6.097337544396494195e+04 5.885272414595852752e+04 5.698143305167208746e+04 5.535441373000450403e+04 5.396734320549818221e+04 5.281663113150366553e+04 5.189937972671294119e+04 5.121334039655018569e+04 5.075687142786457844e+04 5.052890123711417255e+04 5.052611494764631789e+04
3.204323333365613362e+05 3.204432724760397105e+05 3.190517060684242169e+05 3.163006835596104502e+05 3.122526194167194190e+05 3.069967931933216169e+05 3.006446075672392617e+05 2.933239916784408852e+05 2.851734541649332386e+05 2.763362731950747548e+05 2.669552286754550878e+05 2.571681589495971566e+05 2.471044902462703467e+05 2.368827666164997790e+05 2.266091158757424855e+05 2.163765277960815292e+05 2.062647917775253300e+05 1.963409358853125595e+05 1.866600198415088234e+05 1.772661544015307154e+05 1.681936431645934063e+05 1.594681665796519956e+05 1.511079495039780450e+05 1.431248720593838079e+05 1.355254983870983124e+05 1.283120093718994904e+05 1.214830338845775987e+05 1.150343790737398085e+05 1.089596642267131101e+05 1.032508651734834712e+05 9.789877752109938592e+04 9.289340749885883997e+04 8.822429911966480722e+04 8.388080591250599537e+04 7.985231479880253028e+04 7.612842887639444962e+04 7.269911501569052052e+04 6.955482131973314972e+04 6.668656869696218928e+04 6.408602007810869691e+04 6.174553020785677654e+04 5.965817848432451865e+04 5.781778702519297804e+04 5.621892601784868748e+04 5.485690845375970093e+04 5.372777652219805896e+04 5.282828218629317416e+04 5.215586470066706534e+04 5.170862795712098159e+04 5.148532046979619918e+04 5.148355135803978192e+04
3.158464929603170604e+05 3.158524390832276549e+05 3.145217098193579586e+05 3.118895384211677010e+05 3.080129396320414380e+05 3.029736829048882355e+05 2.968741811424781336e+05 2.898326103292368934e+05 2.819776744137684582e+05 2.734434201076788595e+05 2.643644479146668455e+05 2.548717746498155757e+05 2.450894989776781586e+05 2.351323231858369836e+05 2.251039039109542500e+05 2.150959475778603810e+05 2.051879330511530570e+05 1.954473309842712770e+05 1.859301914941107971e+05 1.766819838316235109e+05 1.677385891085604089e+05 1.591273664023601159e+05 1.508682313272532774e+05 1.429747030169789796e+05 1.354548897301924007e+05 1.283123947868075193e+05 1.215471334105214773e+05 1.151560575992945523e+05 1.091337907503399183e+05 1.034731768145282404e+05 9.816575060078661772e+04 9.320213679940435395e+04 8.857238559577116393e+04 8.426625260273421009e+04 8.027343040475025191e+04 7.658373839636030607e+04 7.318727689744581585e+04 7.007455080077025923e+04 6.723656730014923960e+04 6.466491159396511648e+04 6.235180388441064133e+04 6.029014051615066273e+04 5.847352173013500578e+04 5.689626825232534611e+04 5.555342878471032600e+04 5.444078039700185764e+04 5.355482379747573577e+04 5.289277544621411653e+04 5.245255841332223645e+04 5.223279373322688480e+04 5.223180461084223498e+04
3.126384150760385091e+05 3.126409945486173383e+05 3.113518575482031447e+05 3.088009946012228029e+05 3.050418292731681140e+05 3.001511279546687147e+05 2.942252976513814065e+05 2.873759703437229618e+05 2.797252323441640474e+05 2.714008519412353635e+05 2.625318139590645442e+05 2.532443974033756531e+05 2.436589470298719534e+05 2.338874056376983644e+05 2.240316017729179875e+05 2.141822332381618035e+05 2.044184518823907420e+05 1.948079379124479310e+05 1.854073489236540918e+05 1.762630358659185586e+05 1.674119313373356126e+05 1.588825317006422556e+05 1.506959111646601523e+05 1.428667215900114097e+05 1.354041454721606860e+05 1.283127809412980278e+05 1.215934466619148152e+05 1.152439013918917335e+05 1.092594779581425391e+05 1.036336348497467843e+05 9.835843084036438086e+04 9.342492931931992644e+04 8.882353958247580158e+04 8.454430241200406454e+04 8.057712701855077466e+04 7.691198595222720178e+04 7.353907400269509526e+04 7.044893646950586117e+04 6.763257154033673578e+04 6.508151089994555514e+04 6.278788212935277261e+04 6.074445595741166471e+04 5.894468100288300775e+04 5.738270829604849132e+04 5.605340758937861392e+04 5.495237724608834833e+04 5.407594931623064622e+04 5.342119125139911921e+04 5.298590554814509233e+04 5.276862842618355353e+04 5.276819067626951437e+04
3.107398821793595562e+05 3.107405178518844186e+05 3.094756186881128815e+05 3.069721595111364149e+05 3.032815106766825193e+05 2.984775744872312061e+05 2.926533127116328105e+05 2.859165922451816732e+05 2.783856767508140183e+05 2.701846894262671121e+05 2.614393344910164888e+05 2.522731022775811725e+05 2.428041073499879276e+05 2.331426329883123981e+05 2.233893882266040600e+05 2.136344312605669838e+05 2.039566775998199882e+05 1.944238920413538872e+05 1.850930577416479937e+05 1.760110198941835843e+05 1.672153122717479127e+05 1.587350891226113599e+05 1.505921002554312290e+05 1.428016619691024825e+05 1.353735897779756633e+05 1.283130701526205812e+05 1.216214576051933109e+05 1.152969904943037400e+05 1.093354241373402474e+05 1.037305834871929401e+05 9.847484005376677669e+04 9.355951920699112816e+04 8.897524473048964865e+04 8.471222770661729737e+04 8.076050666620249103e+04 7.711014555634585849e+04 7.375139556145513779e+04 7.067482622571074171e+04 6.787143071780736500e+04 6.533270948497000063e+04 6.305073598369429965e+04 6.101820766273170739e+04 5.922848491546933656e+04 5.767562031556151487e+04 5.635438009912057169e+04 5.526025955377271021e+04 5.438949371197506844e+04 5.373906451444463892e+04 5.330670540002600319e+04 5.309090408219267556e+04 5.309079491251263971e+04
3.101112783750261879e+05 3.101112783750335220e+05 3.088543361216115300e+05 3.063664432000700617e+05 3.026983038221966708e+05 2.979228901166851865e+05 2.921320432580030756e+05 2.854324030432501459e+05 2.779409840995377162e+05 2.697807149241341394e+05 2.610762205663993664e+05 2.519500700603568985e+05 2.425196373579259380e+05 2.328946509865448170e+05 2.231754421585504315e+05 2.134518493895899737e+05 2.038027021546008764e+05 1.942957862047967792e+05 1.849881865133516549e+05 1.759269071545007173e+05 1.671496773826998542e+05 1.586858667856148677e+05 1.505574472903816495e+05 1.427799543483885936e+05 1.353634127743580902e+05 1.283132039370774437e+05 1.216308601225429011e+05 1.153147789874003938e+05 1.093608563020990696e+05 1.037630389252932218e+05 9.851380244435479108e+04 9.360455943569570081e+04 8.902600508473484660e+04 8.476840716157086717e+04 8.082184723734056752e+04 7.717641967553932045e+04 7.382239443707415194e+04 7.075034916801989311e+04 6.795127544370466785e+04 6.541666345528743113e+04 6.313856886644250335e+04 6.110966505062823126e+04 5.932328344951869076e+04 5.777344437214965001e+04 5.645488018105016818e+04 5.536305248251706507e+04 5.449416464928860660e+04 5.384517075004582875e+04 5.341378173623239127e+04 5.319846953751875117e+04 5.319846953751793626e+04
3.107396168241737760e+05 3.107402522331828368e+05 3.094753330037090927e+05 3.069718374685826711e+05 3.032811426708088838e+05 2.984771590627597179e+05 2.926528564044260420e+05 2.859161080467220745e+05 2.783851817153682350e+05 2.701842020222382271e+05 2.614388722126371576e+05 2.522726798519177828e+05 2.428037356727398874e+05 2.331423187558422796e+05 2.233891341261771740e+05 2.136342365365964069e+05 2.039565388170583174e+05 1.944238038976505050e+05 1.850930138260989334e+05 1.760110133291031816e+05 1.672153362121964456e+05 1.587351371125426376e+05 1.505921664553785813e+05 1.428017412779923470e+05 1.353736778739833098e+05 1.283131634765057242e+05 1.216215533061748429e+05 1.152970863544986642e+05 1.093355184867143835e+05 1.037306751174497185e+05 9.847492813662865956e+04 9.355960322007647483e+04 8.897532439235853963e+04 8.471230292139059748e+04 8.076057747744243534e+04 7.711021210943433107e+04 7.375145807353607961e+04 7.067488496208956349e+04 6.787148597385297762e+04 6.533276157251757104e+04 6.305078522114881343e+04 6.101825436812596308e+04 5.922852940185712214e+04 5.767566288824883668e+04 5.635442105431859090e+04 5.526029917833071522e+04 5.438953228392664460e+04 5.373910230414489342e+04 5.330674267175143905e+04 5.309094109600700904e+04 5.309083196381617017e+04
3.126379022732237354e+05 3.126404812752170837e+05 3.113513005415566731e+05 3.088003584561310709e+05 3.050410932842915063e+05 3.001502892094412819e+05 2.942243705089497380e+05 2.873749829109449638e+05 2.797242211565828766e+05 2.713998561990581802e+05 2.625308704368197359e+05 2.532435367232660938e+05 2.436581915385525790e+05 2.338867687712714542e+05 2.240310885825510777e+05 2.141818416713976476e+05 2.044181744367622305e+05 1.948077633553587366e+05 1.854072638690550230e+05 1.762630260895249667e+05 1.674119827851214213e+05 1.588826311962366162e+05 1.506960468516381807e+05 1.428668831591561029e+05 1.354043242265483714e+05 1.283129697479057504e+05 1.215936398307833006e+05 1.152440945150605985e+05 1.092596677321370080e+05 1.036338188980777195e+05 9.835860754653949698e+04 9.342509767640444625e+04 8.882369906194185023e+04 8.454445285242170212e+04 8.057726853322963871e+04 7.691211885418577003e+04 7.353919874483508465e+04 7.044905359786312329e+04 6.763268165828402562e+04 6.508161464144127240e+04 6.278798013953406189e+04 6.074454887903659255e+04 5.894476946743025474e+04 5.738279291843019746e+04 5.605348896546875039e+04 5.495245595236165536e+04 5.407602591101294820e+04 5.342126627729818574e+04 5.298597953531278472e+04 5.276870189618170843e+04 5.276826422032228584e+04
3.158457725415810128e+05 3.158517181213495787e+05 3.145209134486759431e+05 3.118886059113824740e+05 3.080118359865153907e+05 3.029724039192936034e+05 2.968727520012719324e+05 2.898310790262607043e+05 2.819761022967239260e+05 2.734418719774466008e+05 2.643629835787868942e+05 2.548704430004455789e+05 2.450883348624198989e+05 2.351313467540047423e+05 2.251031218030617456e+05 2.150953552450346760e+05 2.051875175666033756e+05 1.954470738625966769e+05 1.859300712050325528e+05 1.766819778458886431e+05 1.677386754285495845e+05 1.591275246056288015e+05 1.508684431932663720e+05 1.429749528240707587e+05 1.354551643097275228e+05 1.283126834119053819e+05 1.215474275828043756e+05 1.151563507823442778e+05 1.091340780849563016e+05 1.034734548394872691e+05 9.816601699376996839e+04 9.320239014603108808e+04 8.857262518999406893e+04 8.426647827865468571e+04 8.027364239795548201e+04 7.658393723192084872e+04 7.318746330109653354e+04 7.007472562986519188e+04 6.723673149108877988e+04 6.466506612313996447e+04 6.235194974005738186e+04 6.029027867889969639e+04 5.847365316041522601e+04 5.689639388307370245e+04 5.555354951820919814e+04 5.444089710478721827e+04 5.355493732259770331e+04 5.289288660720283224e+04 5.245266800936635263e+04 5.223290255019163305e+04 5.223191353657461877e+04
3.204314760533958324e+05 3.204424148408845649e+05 3.190507270779512473e+05 3.162994862586261588e+05 3.122511492161367787e+05 3.069950453761969693e+05 3.006426238760437700e+05 2.933218486118736328e+05 2.851712471716376022e+05 2.763341008754719514e+05 2.669531799441158073e+05 2.571663045945410850e+05 2.471028789989262004e+05 2.368814249800903490e+05 2.266080505724942486e+05 2.163757296732915856e+05 2.062642402085741342e+05 1.963406029830148327e+05 1.866598740784103866e+05 1.772661634580951359e+05 1.681937759859690850e+05 1.594683947190194158e+05 1.511082478779133817e+05 1.431252192535707727e+05 1.355258766421975452e+05 1.283124043601336307e+05 1.214834343644332694e+05 1.150347764878091111e+05 1.089600522879086930e+05 1.032512394691153313e+05 9.789913515206392913e+04 9.289374676248872129e+04 8.822461923877215304e+04 8.388110680932841206e+04 7.985259691027195367e+04 7.612869300607100013e+04 7.269936221726780059e+04 6.955505280714115361e+04 6.668678577646451595e+04 6.408622409827910451e+04 6.174572252393495000e+04 5.965836043393504224e+04 5.781795991295929707e+04 5.621909110690739180e+04 5.485706696251693938e+04 5.372792962509330391e+04 5.282843101749692141e+04 5.215601035995399434e+04 5.170877151728838362e+04 5.148546298510993074e+04 5.148369401404350356e+04
3.264953632722061593e+05 3.265132347786147147e+05 3.250385247700090404e+05 3.221252467753677047e+05 3.178435129011411336e+05 3.122932731017385377e+05 3.055986351873042295e+05 2.979012087657021475e+05 2.893531199316904531e+05 2.801103117925057304e+05 2.703266211954787141e+05 2.601489455296391388e+05 2.497136318949887936e+05 2.391440690106851398e+05 2.285493565689113457e+05 2.180238683971001010e+05 2.076475064797295490e+05 1.974864508576538647e+05 1.875942343761772790e+05 1.780130022616159695e+05 1.687748484543092782e+05 1.599031498901181913e+05 1.514138447527468379e+05 1.433166206145990873e+05 1.356159935783607652e+05 1.283122706278154656e+05 1.214023951272636768e+05 1.148806804979807057e+05 1.087394401930982713e+05 1.029695237261976581e+05 9.756076911287163966e+04 9.250238198677507171e+04 8.778325109699355380e+04 8.339220905882101215e+04 7.931824624085212417e+04 7.555068461494860821e+04 7.207931733477668604e+04 6.889451878972740087e+04 6.598732894375149044e+04 6.334951495134479774e+04 6.097361238581495854e+04 5.885294796005330136e+04 5.698164540616588056e+04 5.535461623358511133e+04 5.396753740496490354e+04 5.281681851406602073e+04 5.189956172573048389e+04 5.121351839980031218e+04 5.075704678758143564e+04 5.052907528123039083e+04 5.052628916063210636e+04
3.341752142739300616e+05 3.342024128778827144e+05 3.326184213422442554e+05 3.294920885527868522e+05 3.249040448849745444e+05 3.189688076929238741e+05 3.118277778158480651e+05 3.036410753472282668e+05 2.945790824398008408e+05 2.848145077723291470e+05 2.745155889045789954e+05 2.638407820255089318e+05 2.529350324035082886e+05 2.419275231518741057e+05 2.309306808251525217e+05 2.200401660660186026e+05 2.093355773200073163e+05 1.988816255359349307e+05 1.887295814778462227e+05 1.789188436426252010e+05 1.694785173280767922e+05 1.604289311226585414e+05 1.517830452201321605e+05 1.435477269834062899e+05 1.357248841488505132e+05 1.283124561922285211e+05 1.213052708227310359e+05 1.146957763185823569e+05 1.084746622597143432e+05 1.026313817575403082e+05 9.715458797888802656e+04 9.203249693131097592e+04 8.725318734299734933e+04 8.280484718077325670e+04 7.867597500113757269e+04 7.485554298302500683e+04 7.133312718823782052e+04 6.809900936779813492e+04 6.514425351276771107e+04 6.246075937768735457e+04 6.004129443813372200e+04 5.787950524854832474e+04 5.596990901540974301e+04 5.430786645673401654e+04 5.288953770837943011e+04 5.171182412106428819e+04 5.077230013608435547e+04 5.006914079524260160e+04 4.960105151291863149e+04 4.936720717622141819e+04 4.936315492319512850e+04
3.436539123187012738e+05 3.436934795720122638e+05 3.419682086933972314e+05 3.385667846861678408e+05 3.335841094961087219e+05 3.271544543435620726e+05 3.194425798866300029e+05 3.106334061292154947e+05 3.009214600162933930e+05 2.905012357383330818e+05 2.795592660523233935e+05 2.682682794225906837e+05 2.567834458880031307e+05 2.452404633342013985e+05 2.337551115277432255e+05 2.224238756460378063e+05 2.113252767788577476e+05 2.005216118056304986e+05 1.900608769795177795e+05 1.799787157905329659e+05 1.703002865707594610e+05 1.610419875608669245e+05 1.522130078170987254e+05 1.438166934033947182e+05 1.358517319670064899e+05 1.283131670125618839e+05 1.211932575893305620e+05 1.144822009361425735e+05 1.081687358029547904e+05 1.022406433337707276e+05 9.668516099128760106e+04 9.148932331647802494e+04 8.664024152443814091e+04 8.212533214476087596e+04 7.793250317455183540e+04 7.405030454945594829e+04 7.046804816296776698e+04 6.717590118645218899e+04 6.416495508262341900e+04 6.142727150659893960e+04 5.895590532410543528e+04 5.674490435203488596e+04 5.478928527312795632e+04 5.308498562704210053e+04 5.162879292741505924e+04 5.041825379272366263e+04 4.945156834240336320e+04 4.872747763513501559e+04 4.824515406881894887e+04 4.800410579540999606e+04 4.799852272324913793e+04
3.551702299040973885e+05 3.552261231152780820e+05 3.533196800329826656e+05 3.495659548039615038e+05 3.440791148772365414e+05 3.370201560413588886e+05 3.285853574703138438e+05 3.189927942665288574e+05 3.084687616563491756e+05 2.972357819195389166e+05 2.855032508362903609e+05 2.734610775974235730e+05 2.612761250492615800e+05 2.490909470829357742e+05 2.370242168895245704e+05 2.251722721799700812e+05 2.136113029351324076e+05 2.023998256381051324e+05 1.915811980268414773e+05 1.811860184336928069e+05 1.712343213391145691e+05 1.617375281224361970e+05 1.527001431413111859e+05 1.441212043599900790e+05 1.359955083625803818e+05 1.283146345450514636e+05 1.210677946462878172e+05 1.142425330014656065e+05 1.078253009487310483e+05 1.018019263148507162e+05 9.615799622524925508e+04 9.087916884302902326e+04 8.595142714593699202e+04 8.136128553680547338e+04 7.709595794789122010e+04 7.314349411726751714e+04 6.949288885442279570e+04 6.613416734959701716e+04 6.305844791677197645e+04 6.025798203198560805e+04 5.772617022916363931e+04 5.545755150227491686e+04 5.344776355563932157e+04 5.169347179998236970e+04 5.019226664084935328e+04 4.894253144917232567e+04 4.794328748637885292e+04 4.719402645912880689e+04 4.669454540155195718e+04 4.644480108579688385e+04 4.643740188767874497e+04
3.690338531115130754e+05 3.691113294557056506e+05 3.669730318236457533e+05 3.627689831719285576e+05 3.566392828920790926e+05 3.487811929854975315e+05 3.394337705638502957e+05 3.288596395024851663e+05 3.173269416711141239e+05 3.050940745382790337e+05 2.923986145556873525e+05 2.794506193532140460e+05 2.664297067445598659e+05 2.534849688362450397e+05 2.407367635965934023e+05 2.282795784110393433e+05 2.161853659480305796e+05 2.045069478268507810e+05 1.932812392321530497e+05 1.825321626667967648e+05 1.722731965871549328e+05 1.625095531540073280e+05 1.532400070776783687e+05 1.444584114008680917e+05 1.361549411743350502e+05 1.283171059243461350e+05 1.209305689618866454e+05 1.139798074423763610e+05 1.074486425478807068e+05 1.013206647313313588e+05 9.557957488120732887e+04 9.020945862683877931e+04 8.519500780922958802e+04 8.052170033751819574e+04 7.617594715853096568e+04 7.214521279762132326e+04 6.841811379702840350e+04 6.498449731370274822e+04 6.183550010506338731e+04 5.896358614716173906e+04 5.636255929783548345e+04 5.402754595183831407e+04 5.195494187972216605e+04 5.014231785256401781e+04 4.858828071958152577e+04 4.729229068236326566e+04 4.625444157821607223e+04 4.547521838878890412e+04 4.495525349749002635e+04 4.469510838567611790e+04 4.468558077345611673e+04
3.856462718894012505e+05 3.857524480578828952e+05 3.833169815957794199e+05 3.785360975651603658e+05 3.715846020280145458e+05 3.627092976662602159e+05 3.522080069574138615e+05 3.404038779656860861e+05 3.276204835501611233e+05 3.141619999064473668e+05 3.003002184224177618e+05 2.862680471221688204e+05 2.722580726031049853e+05 2.584245060292483540e+05 2.448870519663510495e+05 2.317356160824942053e+05 2.190351383898125496e+05 2.068301346192746132e+05 1.951487375342316809e+05 1.840061648313000333e+05 1.734076197401211539e+05 1.633506722402973392e+05 1.538271868063800212e+05 1.448248665576867643e+05 1.363284800865492434e+05 1.283208300862511533e+05 1.207835145599184179e+05 1.136975231548314332e+05 1.070437036654542171e+05 1.008031272262989660e+05 9.495737519956393226e+04 8.948876616472164460e+04 8.438053759705327684e+04 7.961699361662390584e+04 7.518362743103041430e+04 7.106722462090748013e+04 6.725595107368934259e+04 6.373942702442484006e+04 6.050878621592234413e+04 5.755671661406927160e+04 5.487747649078302493e+04 5.246687727243747213e+04 5.032222283357929700e+04 4.844219463944146264e+04 4.682667423946459894e+04 4.547649998015047458e+04 4.439316385443841136e+04 4.357846650493286143e+04 4.303416140656165226e+04 4.276162956822154956e+04 4.274962581681698794e+04
4.055298381423582905e+05 4.056745170624103630e+05 4.028570582047764910e+05 3.973340120714026853e+05 3.893258975328786182e+05 3.791478550186544308e+05 3.671800015608961112e+05 3.538291340344874770e+05 3.394928930840976536e+05 3.245336517104833620e+05 3.092638623864165274e+05 2.939410419586519711e+05 2.787693512518713833e+05 2.639049198573682224e+05 2.494627945088775887e+05 2.355241510410057381e+05 2.221430108067299589e+05 2.093521114445366838e+05 1.971678317290155392e+05 1.855942073232582770e+05 1.746261390501236601e+05 1.642519174152708729e+05 1.544551861444695969e+05 1.452164555019270047e+05 1.365142600863527914e+05 1.283260393743641616e+05 1.206288042816778761e+05 1.133996401310286892e+05 1.066160857604372140e+05 1.002564199014081096e+05 9.429987911299246480e+04 8.872682615271174291e+04 8.351888338715644204e+04 7.865904240582145576e+04 7.413175813751156966e+04 6.992303323537656979e+04 6.602049606466594560e+04 6.241347308049575804e+04 5.909305353335772816e+04 5.605214116042581009e+04 5.328548381146854081e+04 5.078966805343669694e+04 4.856306230195834360e+04 4.660569004555066203e+04 4.491901588496196200e+04 4.350563330661228247e+04 4.236885583911555295e+04 4.151223244288902060e+04 4.093903078484060825e+04 4.065175228078285727e+04 4.063687769666047097e+04
4.293680976742788334e+05 4.295649982647377183e+05 4.262557879500673153e+05 4.197731289548577624e+05 4.103952622863773722e+05 3.985330083200199879e+05 3.846851547537987353e+05 3.693768885517190211e+05 3.531058371083700913e+05 3.363077354451587889e+05 3.193416361405959469e+05 3.024891632134050597e+05 2.859617872640544083e+05 2.699115604065846419e+05 2.544424704447562690e+05 2.396209144037950609e+05 2.254846612034158898e+05 2.120501699955944496e+05 1.993183797936836199e+05 1.872791877412357426e+05 1.759148553102859005e+05 1.652025651432445156e+05 1.551163194552867499e+05 1.456283360345648543e+05 1.367100655913294759e+05 1.283329266764879576e+05 1.204688320014164201e+05 1.130905623241997528e+05 1.061720304074300075e+05 9.968846713870472740e+04 9.361655403979527182e+04 8.793452047763498558e+04 8.262221943147506681e+04 7.766119225146017561e+04 7.303473010902758688e+04 6.872793746875565557e+04 6.472780059766545310e+04 6.102326156049582642e+04 5.760529501350400096e+04 5.446698111314548441e+04 5.160356280896261887e+04 4.901246975974915404e+04 4.669328467928741156e+04 4.464762250796791341e+04 4.287889097257822868e+04 4.139190645608348859e+04 4.019235546277032699e+04 3.928612126783124404e+04 3.867853466383982595e+04 3.837364700372207153e+04 3.835544379168029263e+04
4.580611145515657263e+05 4.583296906051743426e+05 4.543905030238314066e+05 4.466634234255632036e+05 4.354916159958235803e+05 4.214235571409371914e+05 4.051369236543060979e+05 3.873296650763745420e+05 3.686355359725681483e+05 3.495808828608914628e+05 3.305745624972088262e+05 3.119171119794007391e+05 2.938181578436858836e+05 2.764154303166657919e+05 2.597921139421106200e+05 2.439913122552724963e+05 2.290274747600949195e+05 2.148951111602704332e+05 2.015752736892246467e+05 1.890402894612234086e+05 1.772571624903508928e+05 1.661899855856680952e+05 1.558016266292092914e+05 1.460548895441537607e+05 1.369132990491676610e+05 1.283416189047798835e+05 1.203061837588803901e+05 1.127751028087561426e+05 1.057183774961068266e+05 9.910796386302552128e+04 9.291780186865243013e+04 8.712382801743906748e+04 8.170398340842267498e+04 7.663822625867981697e+04 7.190855565910338191e+04 6.749905141181318322e+04 6.339593290702729428e+04 5.958763771959966834e+04 5.606491747465688240e+04 5.282094401684438344e+04 4.985141248277419072e+04 4.715461916537323850e+04 4.473148128030088264e+04 4.258545432008470380e+04 4.072229408601721661e+04 3.914961086728976079e+04 3.787618083512279554e+04 3.691102173922914517e+04 3.626230625472692918e+04 3.593626205206775921e+04 3.591418613284496678e+04
4.927986812019737554e+05 4.931667238086353173e+05 4.884377381129004643e+05 4.791029693446323508e+05 4.655523079152701539e+05 4.485441985239371425e+05 4.290440726586125093e+05 4.080109659682645579e+05 3.862639120651545236e+05 3.644359213987891562e+05 3.429812601290067541e+05 3.222052061970744980e+05 3.022984073229589267e+05 2.833678050126702292e+05 2.654615530082524056e+05 2.485878917375464516e+05 2.327288946454847173e+05 2.178502090800810838e+05 2.039078140233712911e+05 1.908526217366532073e+05 1.786335524379860435e+05 1.671995436260559945e+05 1.565008252916893398e+05 1.464896953229657665e+05 1.371209592607101658e+05 1.283521486432875827e+05 1.201435970511832566e+05 1.124584284433694411e+05 1.052624953885981522e+05 9.852429311733256327e+04 9.221486737606262614e+04 8.630772873659686593e+04 8.077878250217574532e+04 7.560628107832881506e+04 7.077080419119475118e+04 6.625527125250671816e+04 6.204498909751979227e+04 5.812773679502374580e+04 5.449388663560873829e+04 5.113655592551700101e+04 4.805177680275311286e+04 4.523865980439836130e+04 4.269951054190922150e+04 4.043983811333548510e+04 3.846817242397127848e+04 3.679559438125162706e+04 3.543489357090507838e+04 3.439932155887359841e+04 3.370101626860871329e+04 3.334931739764149097e+04 3.332270410827799788e+04
5.351479070084687555e+05 5.356548977016446879e+05 5.299984466153224930e+05 5.186298088264978142e+05 5.018725835317885503e+05 4.808488310822451604e+05 4.570283196197685902e+05 4.317770491715802928e+05 4.061601088576131733e+05 3.809221177204396226e+05 3.565409312137185480e+05 3.332962725224314490e+05 3.113302409032071591e+05 2.906938268600412994e+05 2.713802317294427194e+05 2.533477243187049753e+05 2.365348519533443614e+05 2.208703168712891929e+05 2.062792358892495977e+05 1.926869951618480263e+05 1.800215293097625545e+05 1.682145822249866324e+05 1.572023199268210738e+05 1.469255397638409631e+05 1.373296361152461614e+05 1.283644269313078839e+05 1.199839085902005027e+05 1.121459823182190303e+05 1.048121796091734577e+05 9.794740388964586600e+04 9.151969925513747148e+04 8.550005321539244324e+04 7.986223821184750705e+04 7.458269564462795097e+04 6.964046586606826168e+04 6.501716772932114691e+04 6.069703147887062369e+04 5.666698858299915446e+04 5.291682085201092559e+04 4.943936778631254856e+04 4.623078391547554929e+04 4.329082462048665184e+04 4.062311683974625339e+04 3.823533805863987800e+04 3.613918441632320173e+04 3.434996659178337723e+04 3.288565543944941601e+04 3.176525007196259685e+04 3.100650202624297162e+04 3.062329963516292992e+04 3.059131126595178284e+04
5.871266141103948466e+05 5.878266531701323111e+05 5.812857997315260582e+05 5.675138260080787586e+05 5.463178825615505921e+05 5.196116279438711936e+05 4.898341858310117968e+05 4.589903747374769300e+05 4.284449192102793604e+05 3.990230465568019426e+05 3.711686027018640307e+05 3.450782498133597546e+05 3.207976673167167464e+05 2.982853458125971956e+05 2.774529532879664330e+05 2.581900115510394098e+05 2.403785166204347915e+05 2.239012917419193836e+05 2.086465102779351582e+05 1.945099165785910154e+05 1.813956890132110275e+05 1.692165235697263270e+05 1.578932900965957961e+05 1.473544738762458728e+05 1.375355294862234150e+05 1.283782212202539959e+05 1.198299920769512100e+05 1.118433837415722373e+05 1.043755183274477604e+05 9.738764596562170482e+04 9.084475880634607165e+04 8.471527048884250689e+04 7.897075994253816316e+04 7.358577906949921453e+04 6.853772514914517524e+04 6.380678050429205905e+04 5.937592386696036556e+04 5.523101966552806698e+04 5.136099252586846706e+04 4.775809350288339920e+04 4.441825985676117125e+04 4.134155800557111070e+04 3.853267412191267795e+04 3.600137155346549116e+04 3.376276287310208136e+04 3.183715059997375283e+04 3.024910475804974340e+04 2.902544443375086121e+04 2.819199318488740391e+04 2.776946332173037445e+04 2.773100567945145667e+04
6.511468750230208971e+05 6.521058158330292208e+05 6.453961567549996544e+05 6.294036724600502057e+05 6.017190939297270961e+05 5.665456009038949851e+05 5.283076787764049368e+05 4.899546743356979568e+05 4.531259532067926484e+05 4.186061582385260845e+05 3.866805094553722884e+05 3.573623260480241152e+05 3.305280816869623377e+05 3.059937638660696102e+05 2.835562132906482439e+05 2.630144238246640889e+05 2.441797283872367407e+05 2.268799796577649540e+05 2.109605763208662684e+05 1.962839013623075443e+05 1.827280242815358215e+05 1.701851249746003887e+05 1.585598800126903225e+05 1.477679324147851439e+05 1.377345002036129299e+05 1.283931432255648251e+05 1.196846887874364184e+05 1.115563072961601429e+05 1.039607251462622808e+05 9.685556122743684682e+04 9.020277427867572987e+04 8.396821014461328741e+04 7.812124039539786463e+04 7.263448656888236292e+04 6.748362742983771022e+04 6.264729013512116944e+04 5.810703008140494057e+04 5.384740846046054503e+04 4.985618089345032786e+04 4.612461415445595048e+04 4.264794896957212040e+04 3.942602100293909461e+04 3.646403128226807166e+04 3.377340737467000145e+04 3.137259723381829826e+04 2.928746994308972717e+04 2.755077325504938199e+04 2.619992170633384740e+04 2.527252453021807378e+04 2.479985017198420974e+04 2.475343349040512840e+04
7.293660376990204677e+05 7.306347636003718944e+05 7.265338128842769656e+05 7.109582249812581576e+05 6.725960173261607997e+05 6.239049626399192493e+05 5.732859833484842675e+05 5.247742113304673694e+05 4.799846426653567469e+05 4.393469356209896505e+05 4.027485862469116109e+05 3.698579671265873476e+05 3.402797391801361227e+05 3.136244721786467708e+05 2.895362739980531042e+05 2.677009337968348991e+05 2.478455854595191195e+05 2.297350487373491051e+05 2.131671751976282394e+05 1.979682021822063543e+05 1.839885120596409834e+05 1.710989216622067615e+05 1.591875077054996509e+05 1.481569252438144176e+05 1.379221597256849927e+05 1.284086513360110257e+05 1.195507347641006636e+05 1.112903444004047633e+05 1.035759423977920524e+05 9.636163421421540261e+04 8.960644287263581646e+04 8.327371918617236952e+04 7.733067069975470076e+04 7.174799727743417316e+04 6.649962636180738627e+04 6.156254624909615814e+04 5.691674161114823801e+04 5.254524233661733888e+04 4.843430488983622490e+04 4.457375484221140505e+04 4.095752917514848377e+04 3.758446425749200716e+04 3.445937167217167007e+04 3.159440998206035147e+04 2.901065721532466705e+04 2.673955200977314962e+04 2.482343373775687360e+04 2.331381884018273922e+04 2.226572967521336977e+04 2.172735224146999462e+04 2.167084541368161445e+04
8.195986081338662189e+05 8.211191151865097927e+05 8.279399663081640610e+05 8.255390996173728490e+05 7.661600369090475142e+05 6.943789506737246411e+05 6.252707244501553942e+05 5.630692838592225453e+05 5.083873802312506596e+05 4.606220676423645345e+05 4.188473391613994609e+05 3.821498865489969612e+05 3.497337992301983177e+05 3.209357026693694061e+05 2.952106966552563827e+05 2.721121273447528947e+05 2.512727315097863611e+05 2.323889602978385519e+05 2.152084362853638595e+05 1.995200306785670109e+05 1.851460208731153689e+05 1.719358744702660188e+05 1.597613024412725063e+05 1.485123055864001508e+05 1.380940019314523379e+05 1.284240711415939004e+05 1.194306889213845861e+05 1.110508526201103668e+05 1.032290210718937306e+05 9.591600870431870862e+04 8.906808737192544504e+04 8.264626015391276451e+04 7.661568025136449432e+04 7.094519576585898176e+04 6.560700812472587859e+04 6.057643883710517548e+04 5.583180679957890970e+04 5.135442735891322081e+04 4.712875585328470333e+04 4.314271370838531584e+04 3.938825570457136928e+04 3.586226317541876051e+04 3.256787617371536180e+04 2.951639263014967219e+04 2.672981759424557822e+04 2.424392483805020674e+04 2.211106615133280502e+04 2.040065186460940822e+04 1.919346357081036695e+04 1.856588329622046513e+04 1.849604618248610859e+04
8.804459158924227813e+05 8.818885329750233795e+05 9.179195904523592908e+05 9.812589903959868243e+05 8.910604560460913926e+05 7.801774497696181061e+05 6.836047268588375300e+05 6.034174990009109024e+05 5.369871993545683799e+05 4.813793205285851727e+05 4.342090608834190061e+05 3.936895684253552463e+05 3.584986584722021944e+05 3.276459585132654174e+05 3.003754149760821601e+05 2.760989794020422269e+05 2.543517864553068939e+05 2.347612659763661795e+05 2.170252864888945478e+05 2.008962918369960098e+05 1.861695376539770805e+05 1.726742156603831681e+05 1.602666633694178890e+05 1.488251103826866893e+05 1.382455752767722588e+05 1.284386353983397421e+05 1.193268662395978026e+05 1.108427994604496489e+05 1.029272863533884083e+05 9.552818123027734691e+04 8.859927988770915545e+04 8.209946406073121761e+04 7.599201508984885004e+04 7.024407002709657536e+04 6.482620201727538370e+04 5.971211487065672554e+04 5.487845023104249412e+04 5.030471582921251684e+04 4.597335669146221335e+04 4.187001041425012954e+04 3.798401666054629459e+04 3.430929567365138064e+04 3.084577808837279008e+04 2.760166282119372408e+04 2.459688294804636098e+04 2.186816462690264234e+04 1.947559665105161184e+04 1.750871939565155481e+04 1.608538881665317422e+04 1.533083508593780061e+04 1.524233711331139784e+04
8.204073070883611217e+05 8.212010280598603422e+05 8.930698622134833131e+05 1.141446118782326579e+06 1.036078445845561102e+06 8.788060626990942983e+05 7.442876570794431027e+05 6.422605891447779723e+05 5.633253851704952540e+05 5.000462642901253421e+05 4.478332651944444515e+05 4.038256408614636166e+05 3.661375169882301707e+05 3.334544321147538722e+05 3.048189360174783505e+05 2.795105662884312915e+05 2.569739904897687666e+05 2.367731752861130517e+05 2.185606023913396930e+05 2.020557586329167534e+05 1.870296575790109637e+05 1.732934521785638935e+05 1.606899120762314124e+05 1.490869560617576644e+05 1.383726869400180003e+05 1.284515415889466967e+05 1.192412794298446242e+05 1.106706083357205644e+05 1.026773001885169506e+05 9.520668631462879421e+04 8.821045067222898069e+04 8.164565912192426913e+04 7.547397857926487632e+04 6.966105190203784150e+04 6.417600421873271989e+04 5.899106509782771900e+04 5.408129954542818450e+04 4.942445060580987774e+04 4.500090923983659013e+04 4.079384632950221567e+04 3.678957268461355852e+04 3.297824601987216738e+04 2.935513786563046597e+04 2.592284201364719775e+04 2.269510274251757073e+04 1.970341301575527541e+04 1.700802253787320660e+04 1.471422923372624973e+04 1.298773994679808675e+04 1.204038912312798493e+04 1.192345217750239499e+04
1.000000000000000056e-01 1.000000000000000056e-01 1.000000000000000056e-01 1.000000000000000056e-01 1.125589102543039480e+06 9.557940274619727861e+05 7.932179633521287469e+05 6.721062365048290230e+05 5.836636118077477440e+05 5.146940249127151910e+05 4.586416421803115518e+05 4.119037288621783955e+05 3.722271803024876281e+05 3.380754124715875369e+05 3.083429948672698811e+05 2.822068995656747720e+05 2.590394362985628541e+05 2.383529666706385615e+05 2.197628239538302587e+05 2.029615034115024609e+05 1.877002175971413672e+05 1.737754494662635261e+05 1.610189906231129135e+05 1.492904608156879840e+05 1.384716237333540339e+05 1.284620217476845137e+05 1.191755911838241300e+05 1.105380147569328692e+05 1.024846339930236427e+05 9.495879125718217983e+04 8.791050458734873973e+04 8.129540296795054746e+04 7.507386775656440295e+04 6.921033964535812265e+04 6.367276121951092500e+04 5.843213399234024837e+04 5.346217677429193282e+04 4.873908051606072695e+04 4.424136496237488609e+04 3.994985725775852916e+04 3.584783713794019422e+04 3.192143783258804979e+04 2.816047844436457672e+04 2.456008218531225793e+04 2.112382168591651862e+04 1.787000158701347391e+04 1.484463837376380434e+04 1.000000000000000056e-01 1.000000000000000056e-01 1.000000000000000056e-01 1.000000000000000056e-01
1.000000000000000056e-01 1.000000000000000056e-01 1.000000000000000056e-01 1.000000000000000056e-01 8.664544012971695047e+05 8.843734744615480304e+05 7.887722838875538437e+05 6.818131386794272112e+05 5.945163440636638552e+05 5.238789896656105993e+05 4.658566159847447998e+05 4.174340599477211363e+05 3.764365297120024916e+05 3.412783328121146769e+05 3.107848696727770148e+05 2.840722833783067181e+05 2.604654770988079836e+05 2.394414515842583205e+05 2.205895706906609994e+05 2.035833103128925432e+05 1.881599041538446036e+05 1.741054906165915600e+05 1.612441403291866591e+05 1.494296549849080329e+05 1.385393691057393153e+05 1.284694162243769242e+05 1.191310777071385237e+05 1.104479404833427252e+05 1.023536652660592954e+05 9.479021994797620573e+04 8.770647071420816064e+04 8.105705071806354681e+04 7.480144610153629037e+04 6.890325390760062146e+04 6.332957757668960403e+04 5.805053438355784601e+04 5.303885625779222028e+04 4.826957177798025077e+04 4.371976371378845943e+04 3.936840478985782829e+04 3.519628709265930229e+04 3.118608349669158270e+04 2.732262599623257120e+04 2.359358952224746827e+04 1.999102323908745529e+04 1.651485571073580650e+04 1.318157170961408156e+04 1.000000000000000056e-01 1.000000000000000056e-01 1.000000000000000056e-01 1.000000000000000056e-01
1.000000000000000056e-01 1.000000000000000056e-01 1.000000000000000056e-01 1.000000000000000056e-01 7.914950173260903684e+05 8.449968722899372224e+05 7.787545572655610740e+05 6.830102194855738198e+05 5.986183555831632111e+05 5.280720026073589688e+05 4.693832587945805863e+05 4.202142432767185965e+05 3.785772199191392865e+05 3.429141864492853056e+05 3.120333159179712529e+05 2.850256195262724068e+05 2.611935826506213634e+05 2.399965831389676896e+05 2.210107475343059632e+05 2.038997642298966530e+05 1.883936487035110185e+05 1.742731953938532388e+05 1.613584902419729624e+05 1.495003372350931168e+05 1.385737930541949754e+05 1.284732413829559373e+05 1.191086030466924130e+05 1.104023925200957892e+05 1.022874112969934940e+05 9.470492497124861984e+04 8.760321097046515206e+04 8.093639268612157321e+04 7.466349664124372066e+04 6.874768465261899109e+04 6.315562428701819590e+04 5.785696940727971378e+04 5.282392905982245429e+04 4.803090796590992977e+04 4.345420591953200346e+04 3.907176690897831577e+04 3.486297231266957533e+04 3.080847699415794705e+04 2.689009453583693175e+04 2.309075333227222654e+04 1.939458386246132068e+04 1.578731014603519725e+04 1.225751163031951546e+04 1.000000000000000056e-01 1.000000000000000056e-01 1.000000000000000056e-01 1.000000000000000056e-01
1.000000000000000056e-01 1.000000000000000056e-01 1.000000000000000056e-01 1.000000000000000056e-01 7.906309580316224601e+05 8.433867553292470984e+05 7.769939176327747991e+05 6.814698661761679687e+05 5.973851354327040026e+05 5.271086929851914756e+05 4.686290375779030146e+05 4.196159994776330423e+05 3.780947707650861703e+05 3.425184399554023985e+05 3.117033959464025102e+05 2.847464600818590843e+05 2.609541804184118519e+05 2.397887853385740600e+05 2.208284213510869886e+05 2.037382264085054339e+05 1.882492702795734222e+05 1.741431244664476253e+05 1.612404549204985087e+05 1.493925036285502429e+05 1.384746615000237362e+05 1.283815695598206657e+05 1.190233481988065032e+05 1.103226673974753357e+05 1.022124500063325540e+05 9.463405600341215904e+04 8.753583539333369117e+04 8.087196597383035987e+04 7.460151291983599367e+04 6.868766231618596066e+04 6.309709199330419506e+04 5.779945139123070112e+04 5.276692847357279243e+04 4.797388648635569552e+04 4.339655700243992760e+04 3.901277849569108366e+04 3.480177185851684044e+04 3.074394596419526715e+04 2.682072769509008504e+04 2.301441189331251735e+04 1.930802750477779045e+04 1.568521682899298503e+04 1.213012529080258537e+04 1.000000000000000056e-01 1.000000000000000056e-01 1.000000000000000056e-01 1.000000000000000056e-01
