1.000000000000000036e-10 1.000000000000000036e-10 1.000000000000000036e-10 1.000000000000000036e-10 1.666045613027223614e+22 6.974986645772977570e+21 4.336880618796821250e+21 3.195017867735291396e+21 2.572633051750713000e+21 2.184751143439830090e+21 1.921436125018511901e+21 1.731993256027560870e+21 1.589966651658613031e+21 1.480238880926888624e+21 1.393550981292339757e+21 1.323911954522787545e+21 1.267267693439267111e+21 1.220769807528455569e+21 1.182351472036244881e+21 1.150470032783437464e+21 1.123944838785582105e+21 1.101851837546408182e+21 1.083453274568440676e+21 1.068149795283144802e+21 1.055447221484225954e+21 1.044933140646321062e+21 1.036260156695665312e+21 1.029133706602655908e+21 1.023303021669387862e+21 1.018554257973349843e+21 1.014705123829069906e+21 1.011600543605483241e+21 1.009109046600182137e+21 1.007119675254274654e+21 1.005539280699885093e+21 1.004290123750677021e+21 1.003307732132523672e+21 1.002538984801164329e+21 1.001940405406056186e+21 1.001476652315316716e+21 1.001119194392804852e+21 1.000845161574183076e+21 1.000636358364859859e+21 1.000478427405643153e+21 1.000360149627484504e+21 1.000272867429075386e+21 1.000210017798885605e+21 1.000000000000000036e-10 1.000000000000000036e-10 1.000000000000000036e-10 1.000000000000000036e-10
1.000000000000000036e-10 1.000000000000000036e-10 1.000000000000000036e-10 1.000000000000000036e-10 1.666045613027223614e+22 6.974986645772977570e+21 4.336880618796821250e+21 3.195017867735291396e+21 2.572633051750713000e+21 2.184751143439830090e+21 1.921436125018511901e+21 1.731993256027560870e+21 1.589966651658613031e+21 1.480238880926888624e+21 1.393550981292339757e+21 1.323911954522787545e+21 1.267267693439267111e+21 1.220769807528455569e+21 1.182351472036244881e+21 1.150470032783437464e+21 1.123944838785582105e+21 1.101851837546408182e+21 1.083453274568440676e+21 1.068149795283144802e+21 1.055447221484225954e+21 1.044933140646321062e+21 1.036260156695665312e+21 1.029133706602655908e+21 1.023303021669387862e+21 1.018554257973349843e+21 1.014705123829069906e+21 1.011600543605483241e+21 1.009109046600182137e+21 1.007119675254274654e+21 1.005539280699885093e+21 1.004290123750677021e+21 1.003307732132523672e+21 1.002538984801164329e+21 1.001940405406056186e+21 1.001476652315316716e+21 1.001119194392804852e+21 1.000845161574183076e+21 1.000636358364859859e+21 1.000478427405643153e+21 1.000360149627484504e+21 1.000272867429075386e+21 1.000210017798885605e+21 1.000000000000000036e-10 1.000000000000000036e-10 1.000000000000000036e-10 1.000000000000000036e-10
1.000000000000000036e-10 1.000000000000000036e-10 1.000000000000000036e-10 1.000000000000000036e-10 1.633780709405921326e+22 6.816928428722584814e+21 4.249428485634880700e+21 3.142280895383127196e+21 2.538982767099808580e+21 2.162370172296516338e+21 1.906048457074110628e+21 1.721117464800408109e+21 1.582098524054818652e+21 1.474433554315225858e+21 1.389196328699196604e+21 1.320600297185040663e+21 1.264720631241377055e+21 1.218792843448837210e+21 1.180805878524530917e+21 1.149254975816235483e+21 1.122985760729052348e+21 1.101092749317137367e+21 1.082851543067072791e+21 1.067672555607489511e+21 1.055068866491804680e+21 1.044633536684159533e+21 1.036023356057694503e+21 1.028947004343618634e+21 1.023156254140570927e+21 1.018439273118862541e+21 1.014615375083847811e+21 1.011530773971684295e+21 1.009055039531555881e+21 1.007078055877860786e+21 1.005507355653465178e+21 1.004265751186085118e+21 1.003289215689359098e+21 1.002524986912058507e+21 1.001929876375204135e+21 1.001468772371537461e+21 1.001113326462969840e+21 1.000840812924352594e+21 1.000633149563194966e+21 1.000476067302875988e+21 1.000358415247308358e+21 1.000271587824291021e+21 1.000209061064901394e+21 1.000000000000000036e-10 1.000000000000000036e-10 1.000000000000000036e-10 1.000000000000000036e-10
1.000000000000000036e-10 1.000000000000000036e-10 1.000000000000000036e-10 1.000000000000000036e-10 1.460964436043363883e+22 6.261108510813347381e+21 4.007598712525509100e+21 3.016088243799518085e+21 2.465105487777665384e+21 2.115633420912878158e+21 1.874814939938650849e+21 1.699385548159928238e+21 1.566507540074129785e+21 1.462978605169447535e+21 1.380620226912285360e+21 1.314082448407400284e+21 1.259707412548724720e+21 1.214900197847183393e+21 1.177760931159014638e+21 1.146859764344771183e+21 1.121094010710191112e+21 1.099594611232512410e+21 1.081663332276108788e+21 1.066729716080643277e+21 1.054321057539936092e+21 1.044041144365278167e+21 1.035554976460104794e+21 1.028577599546376847e+21 1.022865779973754323e+21 1.018211642079323488e+21 1.014437660465464476e+21 1.011392590061416219e+21 1.008948052335476867e+21 1.006995592288489177e+21 1.005444088219017544e+21 1.004217442010755498e+21 1.003252507380053836e+21 1.002497231514346193e+21 1.001908995342365622e+21 1.001453142087416021e+21 1.001101684898614346e+21 1.000832183790275396e+21 1.000626780916795572e+21 1.000471382042797670e+21 1.000354971311659287e+21 1.000269046229172486e+21 1.000207160187522908e+21 1.000000000000000036e-10 1.000000000000000036e-10 1.000000000000000036e-10 1.000000000000000036e-10
1.684276870278865014e+22 1.684276870278865014e+22 1.650213358849950011e+22 1.471696201298547311e+22 7.779140232872290419e+21 4.886116523796684866e+21 3.537882795099873083e+21 2.801564279915333812e+21 2.348369903257354764e+21 2.044669879623496237e+21 1.828401216026233274e+21 1.667454941429164671e+21 1.543727281393631756e+21 1.446280875478013444e+21 1.368125841726749540e+21 1.304582685701887492e+21 1.252393940200819261e+21 1.209215001378163261e+21 1.173308460177810653e+21 1.143353251697551606e+21 1.118321484816285827e+21 1.097396724818910904e+21 1.079918527093624144e+21 1.065344075539136250e+21 1.053221229508301554e+21 1.043169317095914996e+21 1.034865252276030145e+21 1.028033335036185149e+21 1.022437603914721657e+21 1.017875954955604066e+21 1.014175480855807001e+21 1.011188654496757318e+21 1.008790103346750554e+21 1.006873808631224599e+21 1.005350624506956218e+21 1.004146054106574094e+21 1.003198246167461757e+21 1.002456192005167776e+21 1.001878111076805771e+21 1.001430016897195835e+21 1.001084455618744549e+21 1.000819408626247270e+21 1.000617349032240611e+21 1.000464440614135267e+21 1.000349866852890968e+21 1.000265277453664387e+21 1.000204340063714935e+21 1.000162385782713614e+21 1.000136138391157735e+21 1.000123518893956268e+21 1.000123518893956268e+21
7.135849972015314239e+21 7.135849972015314239e+21 6.963608178435410625e+21 6.370996921464975786e+21 4.932928001324190007e+21 3.807908580676383801e+21 3.056334012478876287e+21 2.554228727524264772e+21 2.206745449692398092e+21 1.956639307213584990e+21 1.770223122355611501e+21 1.627201665101071385e+21 1.514896314873393709e+21 1.425079362947951886e+21 1.352214815185501422e+21 1.292452160393680781e+21 1.243031497072270377e+21 1.201920069473773814e+21 1.167583194195348161e+21 1.138835755399523467e+21 1.114743501163269325e+21 1.094556017094031180e+21 1.077660380952103223e+21 1.063548629689885917e+21 1.051794624711559479e+21 1.042037400234651419e+21 1.033969021616976298e+21 1.027325590989589185e+21 1.021880446380573458e+21 1.017438883299734979e+21 1.013833928788874625e+21 1.010922843467072143e+21 1.008584133018491814e+21 1.006714926989483573e+21 1.005228636618270179e+21 1.004052839912511767e+21 1.003127365501537223e+21 1.002402560411838317e+21 1.001837733750255518e+21 1.001399770686694359e+21 1.001061910937177686e+21 1.000802684499467698e+21 1.000604995603961479e+21 1.000455344279671144e+21 1.000343173900126126e+21 1.000260332680382513e+21 1.000200637338029916e+21 1.000159527930811515e+21 1.000133804139808424e+21 1.000121434867265438e+21 1.000121434867265438e+21
4.480250624915321913e+21 4.480250624915321913e+21 4.381889711349180137e+21 4.114766858399234654e+21 3.605090146733897810e+21 3.085773499102148428e+21 2.654156990475282153e+21 2.318245195836045132e+21 2.060369784422030639e+21 1.861153599504258695e+21 1.705211794453901607e+21 1.581355565746291212e+21 1.481635199214047461e+21 1.400394570611000607e+21 1.333560880269827244e+21 1.278152316907952013e+21 1.231945182055241875e+21 1.193249469803702518e+21 1.160756514629560041e+21 1.133434411808582533e+21 1.110455342758600770e+21 1.091144468123826782e+21 1.074943601616148496e+21 1.061385146209543651e+21 1.050073231639466476e+21 1.040669940233010938e+21 1.032885136762397917e+21 1.026468845409804616e+21 1.021205415933613310e+21 1.016908936279921525e+21 1.013419507197077488e+21 1.010600112278146122e+21 1.008333904457078669e+21 1.006521794042597868e+21 1.005080268771698541e+21 1.003939407026878153e+21 1.003041064649899246e+21 1.002337226643935199e+21 1.001788520012720112e+21 1.001362885129533260e+21 1.001034401998174028e+21 1.000782265766754386e+21 1.000589903700085178e+21 1.000444224008035762e+21 1.000334985719255269e+21 1.000254278266857718e+21 1.000196099587912892e+21 1.000156022245860311e+21 1.000130938253835764e+21 1.000118874793959096e+21 1.000118874793959096e+21
3.326244700888587829e+21 3.326244700888587829e+21 3.265049590798693695e+21 3.120562349337325076e+21 2.878507103988285440e+21 2.601801505275667546e+21 2.339622407948261655e+21 2.112119223609838797e+21 1.922253920535767417e+21 1.766114038235724513e+21 1.638065851990409740e+21 1.532761098103707402e+21 1.445721296562679972e+21 1.373376637111415603e+21 1.312933528130799796e+21 1.262213369806907245e+21 1.219509551576217289e+21 1.183473278688746013e+21 1.153026420186087162e+21 1.127296317504244154e+21 1.105567443356500754e+21 1.087245667773725540e+21 1.071831855524096508e+21 1.058902338734924759e+21 1.048094439892987150e+21 1.039095689146302333e+21 1.031635725046137487e+21 1.025480124309696152e+21 1.020425599936280658e+21 1.016296155951953084e+21 1.012939902780972335e+21 1.010226327098222182e+21 1.008043878815005671e+21 1.006297789071544943e+21 1.004908069641250406e+21 1.003807668657079976e+21 1.002940772589612827e+21 1.002261252324520231e+21 1.001731254141646668e+21 1.001319936197710709e+21 1.001002349193449701e+21 1.000758457320168882e+21 1.000572293042093294e+21 1.000431237204400931e+21 1.000325414568378761e+21 1.000247194215003980e+21 1.000190784280269816e+21 1.000151911091386450e+21 1.000127573845880996e+21 1.000115867399150502e+21 1.000115867399150502e+21
2.695228927673692062e+21 2.695228927673692062e+21 2.654925225230201258e+21 2.567263881184994132e+21 2.430313285209258721e+21 2.265689170883538584e+21 2.096938200192070189e+21 1.938964042955624022e+21 1.798337823983780233e+21 1.676487034951919469e+21 1.572330594492438807e+21 1.483835018293288632e+21 1.408790088370978292e+21 1.345142348298620502e+21 1.291107444702819123e+21 1.245182306163059589e+21 1.206117550807958684e+21 1.172878234048685015e+21 1.144605002941947970e+21 1.120580143506703647e+21 1.100199613507901194e+21 1.082950750901660942e+21 1.068394856675100197e+21 1.056153754725111431e+21 1.045899492876203327e+21 1.037346463161677906e+21 1.030245342681604948e+21 1.024378372485776802e+21 1.019555595867885666e+21 1.015611767998632952e+21 1.012403725896079114e+21 1.009808071529673392e+21 1.007719071784573207e+21 1.006046717814177137e+21 1.004714914136957125e+21 1.003659786227947274e+21 1.002828106103685513e+21 1.002175840362293101e+21 1.001666826080168706e+21 1.001271578415072412e+21 1.000966230953195602e+21 1.000731606670540145e+21 1.000552414460736963e+21 1.000416563862008889e+21 1.000314589049234260e+21 1.000239172360289124e+21 1.000184757533103751e+21 1.000147243330583396e+21 1.000123749201548673e+21 1.000112445948966470e+21 1.000112445948966470e+21
2.300943174326463234e+21 2.300943174326463234e+21 2.273242476067459695e+21 2.215767784183111352e+21 2.129255318291164955e+21 2.022876179481155600e+21 1.908488593601600160e+21 1.795622799998245667e+21 1.690115805430437380e+21 1.594735988858064732e+21 1.510258275065250185e+21 1.436352392991230394e+21 1.372165763656122106e+21 1.316660338136132092e+21 1.268788722651349123e+21 1.227576053882533970e+21 1.192150582019718906e+21 1.161748276945455940e+21 1.135705524540606644e+21 1.113447358183578796e+21 1.094474953440353714e+21 1.078354097215842812e+21 1.064705281522508104e+21 1.053195534289616241e+21 1.043531843807322178e+21 1.035455927854119256e+21 1.028740072518816760e+21 1.023183781097753543e+21 1.018611009238016066e+21 1.014867806605806010e+21 1.011820230431449416e+21 1.009352437739672437e+21 1.007364898218776199e+21 1.005772697232697459e+21 1.004503918265686688e+21 1.003498106751071945e+21 1.002704823935611175e+21 1.002082301577127789e+21 1.001596207288069915e+21 1.001218527498884219e+21 1.000926571358455857e+21 1.000702095175808451e+21 1.000530543736552423e+21 1.000400402274558149e+21 1.000302651147650859e+21 1.000230314341518279e+21 1.000178092721907565e+21 1.000142073351917011e+21 1.000119507058111152e+21 1.000108647648172835e+21 1.000108647648172835e+21
2.032648376732593422e+21 2.032648376732593422e+21 2.012936329873912758e+21 1.973105037745705452e+21 1.914310661649269785e+21 1.841194088027336999e+21 1.760188251887510487e+21 1.677274864863714738e+21 1.596860967198541218e+21 1.521661512500507574e+21 1.453044356952260608e+21 1.391462467829822128e+21 1.336814290772402635e+21 1.288697505958264308e+21 1.246570686967685579e+21 1.209848756565691859e+21 1.177955264408782897e+21 1.150348280069063311e+21 1.126531025748385202e+21 1.106054198196404748e+21 1.088514135884821299e+21 1.073549215455276827e+21 1.060835774929909973e+21 1.050084212150806118e+21 1.041035529825205748e+21 1.033458388426362847e+21 1.027146620076844909e+21 1.021917110331724268e+21 1.017607945341641949e+21 1.014076733007665037e+21 1.011199027746510078e+21 1.008866812303437332e+21 1.006987012211687686e+21 1.005480036482689663e+21 1.004278350878978736e+21 1.003325097685764407e+21 1.002572778952099365e+21 1.001982019764291502e+21 1.001520425383221789e+21 1.001161542074897531e+21 1.000883927051112415e+21 1.000670328742485295e+21 1.000506975049088762e+21 1.000382964460501860e+21 1.000289753063374848e+21 1.000220729417257976e+21 1.000170868973796721e+21 1.000136460010568679e+21 1.000114893816735334e+21 1.000104512979756909e+21 1.000104512979756909e+21
1.839138514446611907e+21 1.839138514446611907e+21 1.824690611514172244e+21 1.795915759885174702e+21 1.753861312242089984e+21 1.701212783710111269e+21 1.641735886580860584e+21 1.579258938900443300e+21 1.516960794854978224e+21 1.457116391922051580e+21 1.401148451878206177e+21 1.349808032139920015e+21 1.303372677730404925e+21 1.261813308995664871e+21 1.224917720928133841e+21 1.192374865628700606e+21 1.163829002751049466e+21 1.138912677142158377e+21 1.117265685407247761e+21 1.098545204787558875e+21 1.082430597026998780e+21 1.068625165338519405e+21 1.056856281049845465e+21 1.046874719478694937e+21 1.038453670836654572e+21 1.031387658598258180e+21 1.025491459439360475e+21 1.020599043693811073e+21 1.016562520983890690e+21 1.013251066504912175e+21 1.010549808258191720e+21 1.008358666607838757e+21 1.006591149777778115e+21 1.005173119255238410e+21 1.004041546045584048e+21 1.003143281984240353e+21 1.002433870245114282e+21 1.001876416575229657e+21 1.001440538550825255e+21 1.001101405154026324e+21 1.000838873922360443e+21 1.000636728333002867e+21 1.000482014262668820e+21 1.000364471453805445e+21 1.000276053932952257e+21 1.000210532197652496e+21 1.000163169594581320e+21 1.000130465515909022e+21 1.000109958709048115e+21 1.000100085003082531e+21 1.000100085003082531e+21
1.693620418931387007e+21 1.693620418931387007e+21 1.682756655604978418e+21 1.661284670677982642e+21 1.630048737858034860e+21 1.590757849898368106e+21 1.545773414274129986e+21 1.497626619259756741e+21 1.448596382655819022e+21 1.400485027435950899e+21 1.354570906007316988e+21 1.311665458026134897e+21 1.272211189454921794e+21 1.236382096637883843e+21 1.204169045266844615e+21 1.175445333602926068e+21 1.150013820424455062e+21 1.127639209606959464e+21 1.108069330938954646e+21 1.091048707296698040e+21 1.076326941316840292e+21 1.063663745537211105e+21 1.052831864338966643e+21 1.043618703733164868e+21 1.035827177381286117e+21 1.029276068433862984e+21 1.023800072354402140e+21 1.019249605260298027e+21 1.015490418925538378e+21 1.012403044540678406e+21 1.009882082796662292e+21 1.007835360679142883e+21 1.006182980611358065e+21 1.004856292223576048e+21 1.003796819493943247e+21 1.002955175820354126e+21 1.002289996978252284e+21 1.001766917511357268e+21 1.001357610645513175e+21 1.001038906026201317e+21 1.000791994040466276e+21 1.000601720600144249e+21 1.000455972270402961e+21 1.000345148612171530e+21 1.000261716547388572e+21 1.000199840359154057e+21 1.000155080473648169e+21 1.000124154294820143e+21 1.000104752939332534e+21 1.000095408627712524e+21 1.000095408627712524e+21
1.580746859048153907e+21 1.580746859048153907e+21 1.572393969792045810e+21 1.555947276666706854e+21 1.532063459612207350e+21 1.501904060022941549e+21 1.467038783592145879e+21 1.429201993133472088e+21 1.390044381464217518e+21 1.350967147685291229e+21 1.313052688624732602e+21 1.277066936695312089e+21 1.243501023049684353e+21 1.212627165536420626e+21 1.184553761746031477e+21 1.159272659543593714e+21 1.136696555223328096e+21 1.116687042485146878e+21 1.099074879540911800e+21 1.083674252347377582e+21 1.070292635419474526e+21 1.058737538598654706e+21 1.048821103906786902e+21 1.040363235189891400e+21 1.033193721520355279e+21 1.027153652536044290e+21 1.022096311910141264e+21 1.017887663477346796e+21 1.014406502725095260e+21 1.011544325044632682e+21 1.009204953582543700e+21 1.007303967766721462e+21 1.005767974367143789e+21 1.004533763618936717e+21 1.003547392089474466e+21 1.002763231175942734e+21 1.002143015563125850e+21 1.001654920180333281e+21 1.001272687814297125e+21 1.000974823163238416e+21 1.000743863237398364e+21 1.000565728943198044e+21 1.000429158601329213e+21 1.000325221083911684e+21 1.000246904160742801e+21 1.000188772407295738e+21 1.000146688510011638e+21 1.000117591860343341e+21 1.000099328823286170e+21 1.000090529879904223e+21 1.000090529879904223e+21
1.491098634895299445e+21 1.491098634895299445e+21 1.484549582051219079e+21 1.471676242075478655e+21 1.452985060571131675e+21 1.429303131321327682e+21 1.401725027723449467e+21 1.371480816073446523e+21 1.339787067538865652e+21 1.307731047027832521e+21 1.276206232696992825e+21 1.245893644708579115e+21 1.217274046715489419e+21 1.190656211977599713e+21 1.166210429827534815e+21 1.144000797451549802e+21 1.124013208352872595e+21 1.106178094209102381e+21 1.090388142068098400e+21 1.076511721799540539e+21 1.064402891507485770e+21 1.053908787961145852e+21 1.044875069157395530e+21 1.037149920219428159e+21 1.030586993300334051e+21 1.025047539550546952e+21 1.020401908691819037e+21 1.016530536160710885e+21 1.013324503655703904e+21 1.010685740197303157e+21 1.008526921912244634e+21 1.006771125119658885e+21 1.005351285600875446e+21 1.004209515064035377e+21 1.003296322695430013e+21 1.002569785036390793e+21 1.001994701462778151e+21 1.001541765768524202e+21 1.001186777336043405e+21 1.000909908634155090e+21 1.000695039715381215e+21 1.000529165242439565e+21 1.000401875471186788e+21 1.000304909559031792e+21 1.000231777475855385e+21 1.000177445546005889e+21 1.000138080099534897e+21 1.000110843713207271e+21 1.000093738943264719e+21 1.000085495178255532e+21 1.000085495178255532e+21
1.418571833580599902e+21 1.418571833580599902e+21 1.413347879061309096e+21 1.403084735121441161e+21 1.388174218824113455e+21 1.369226080756371292e+21 1.347033923908126376e+21 1.322498105047511466e+21 1.296533316249504449e+21 1.269988740928200507e+21 1.243595292757383709e+21 1.217941246959871328e+21 1.193470159116197691e+21 1.170492929815330423e+21 1.149206897437469442e+21 1.129716930413557318e+21 1.112055519855346450e+21 1.096200411315618185e+21 1.082089310872154014e+21 1.069631760442937967e+21 1.058718536605204611e+21 1.049229003426358100e+21 1.041036827876884742e+21 1.034014401592834392e+21 1.028036237870008500e+21 1.022981545072465019e+21 1.018736124403200033e+21 1.015193702469543789e+21 1.012256785255463911e+21 1.009837106531519431e+21 1.007855736696939086e+21 1.006242914345318482e+21 1.004937660080849027e+21 1.003887228797022765e+21 1.003046452072939782e+21 1.002377016465363567e+21 1.001846716586322035e+21 1.001428714454072164e+21 1.001100829216565232e+21 1.000844874430256775e+21 1.000646053963520279e+21 1.000492422481514594e+21 1.000374412426665263e+21 1.000284426410308927e+21 1.000216491881415311e+21 1.000165973704925774e+21 1.000129339718730252e+21 1.000103974300974580e+21 1.000088035338479993e+21 1.000080350633755017e+21 1.000080350633755017e+21
1.359033295365680923e+21 1.359033295365680923e+21 1.354802138289989485e+21 1.346488978724161061e+21 1.334399662811463287e+21 1.318996289198185775e+21 1.300873045619083313e+21 1.280707818425371066e+21 1.259202509926116098e+21 1.237027545973918532e+21 1.214780711835432649e+21 1.192963409719693410e+21 1.171972399413394014e+21 1.152102826165953233e+21 1.133558122503710704e+21 1.116463186384376431e+21 1.100878344646764921e+21 1.086812610912644104e+21 1.074235495496840774e+21 1.063087114341088362e+21 1.053286624758441443e+21 1.044739150553999213e+21 1.037341403007526240e+21 1.030986198662653411e+21 1.025566047723348296e+21 1.020975954950208356e+21 1.017115547033007292e+21 1.013890619816401699e+21 1.011214185496431297e+21 1.009007092319793840e+21 1.007198285179158790e+21 1.005724772734692884e+21 1.004531363759856943e+21 1.003570231412616200e+21 1.002800358765452329e+21 1.002186912329487745e+21 1.001700582889336603e+21 1.001316925242234241e+21 1.001015720911013020e+21 1.000780380982673801e+21 1.000597400196428333e+21 1.000455868414932287e+21 1.000347041698038153e+21 1.000263972307639468e+21 1.000201194999770776e+21 1.000154465766922125e+21 1.000120548635089699e+21 1.000097046056504001e+21 1.000082268746552967e+21 1.000075141388352225e+21 1.000075141388352225e+21
1.309581008434930647e+21 1.309581008434930647e+21 1.306106738245789549e+21 1.299278345665397916e+21 1.289337458807306715e+21 1.276642547908271931e+21 1.261650743092150796e+21 1.244885437933969998e+21 1.226896061843138150e+21 1.208218763495622312e+21 1.189344753504728646e+21 1.170699374417466229e+21 1.152631769228236685e+21 1.135413154592546882e+21 1.119241081815107240e+21 1.104247241711484404e+21 1.090506902820929274e+21 1.078048672608356532e+21 1.066863787896398676e+21 1.056914522854817268e+21 1.048141554069026243e+21 1.040470269122496168e+21 1.033816079214070989e+21 1.028088825260876366e+21 1.023196371580256518e+21 1.019047475531969593e+21 1.015554013542855999e+21 1.012632637540799611e+21 1.010205931984194372e+21 1.008203139822572929e+21 1.006560524680048017e+21 1.005221435140167434e+21 1.004136134393220825e+21 1.003261454306894414e+21 1.002560327238284870e+21 1.002001241962262299e+21 1.001557662453250523e+21 1.001207440463669232e+21 1.000932245376361431e+21 1.000717028037972066e+21 1.000549529446974882e+21 1.000419840383480365e+21 1.000320014339099197e+21 1.000243733364943749e+21 1.000186024589526172e+21 1.000143024028158263e+21 1.000111783767673799e+21 1.000090118533357502e+21 1.000076487910357205e+21 1.000069911003942486e+21 1.000069911003942486e+21
1.268114446356272120e+21 1.268114446356272120e+21 1.265226119831239786e+21 1.259546827337177498e+21 1.251270126026969317e+21 1.240679938535651279e+21 1.228136368909187285e+21 1.214052774496000279e+21 1.198867472439709008e+21 1.183015170564767613e+21 1.166902562146089435e+21 1.150890616700093989e+21 1.135284127564693111e+21 1.120327695166877991e+21 1.106206657060989305e+21 1.093051360853261943e+21 1.080943380576888947e+21 1.069922607133621617e+21 1.059994476686749336e+21 1.051136877867342234e+21 1.043306482014851301e+21 1.036444376060162343e+21 1.030480960173209551e+21 1.025340118509467992e+21 1.020942695411423904e+21 1.017209321522429297e+21 1.014062640918836019e+21 1.011428994949995037e+21 1.009239622250468344e+21 1.007431437378988671e+21 1.005947452256461128e+21 1.004736904507924808e+21 1.003755154685020340e+21 1.002963410198302425e+21 1.002328327948520391e+21 1.001821540623796011e+21 1.001419144005139431e+21 1.001101174953764717e+21 1.000851102499383673e+21 1.000655347946895966e+21 1.000502844367955165e+21 1.000384641327308866e+21 1.000293557196845482e+21 1.000223878854660719e+21 1.000171106830998438e+21 1.000131742912653951e+21 1.000103116715168891e+21 1.000083247651846095e+21 1.000070738961302159e+21 1.000064700911989031e+21 1.000064700911989031e+21
1.233073349326481129e+21 1.233073349326481129e+21 1.230644771892008845e+21 1.225867341189671813e+21 1.218898450552951931e+21 1.209967353129386377e+21 1.199363812769654899e+21 1.187421092501962359e+21 1.174495225818784203e+21 1.160943659410850841e+21 1.147106214754381332e+21 1.133290324610078081e+21 1.119761295316359184e+21 1.106737369846696772e+21 1.094388784187408253e+21 1.082839789709795394e+21 1.072172643319265493e+21 1.062432726660868211e+21 1.053634156687893987e+21 1.045765439604777026e+21 1.038794874789172871e+21 1.032675529806879523e+21 1.027349686964435026e+21 1.022752714555563835e+21 1.018816350589961896e+21 1.015471410132969587e+21 1.012649943994836320e+21 1.010286888953072321e+21 1.008321259100279013e+21 1.006696934567450903e+21 1.005363107733585920e+21 1.004274448056197710e+21 1.003391044987541520e+21 1.002678184445669933e+21 1.002106008530601247e+21 1.001649101249434092e+21 1.001286035571874333e+21 1.000998909736299790e+21 1.000772893804753191e+21 1.000595801320894366e+21 1.000457695726962606e+21 1.000350536997663146e+21 1.000267870720048759e+21 1.000204559502251786e+21 1.000156555007468372e+21 1.000120707953642177e+21 1.000094612962219524e+21 1.000076485065201156e+21 1.000065064887716151e+21 1.000059549931677155e+21 1.000059549931677155e+21
1.203272684712819687e+21 1.203272684712819687e+21 1.201209102616774836e+21 1.197148083296346309e+21 1.191219649500035154e+21 1.183612346397918495e+21 1.174563962322366759e+21 1.164348383308844892e+21 1.153259810703596454e+21 1.141596313081799377e+21 1.129644715015416709e+21 1.117668302452735476e+21 1.105898082394767098e+21 1.094527657123104162e+21 1.083711304686000144e+21 1.073564618750238130e+21 1.064167004494406484e+21 1.055565384789027455e+21 1.047778582307518939e+21 1.040801966818719171e+21 1.034612069550376616e+21 1.029170958835352207e+21 1.024430242382297039e+21 1.020334614661285282e+21 1.016824907422069555e+21 1.013840631160329601e+21 1.011322018208478790e+21 1.009211595722852270e+21 1.007455330005250867e+21 1.006003392704452231e+21 1.004810604719547744e+21 1.003836615363037233e+21 1.003045872985012699e+21 1.002407439412296942e+21 1.001894694916054319e+21 1.001484973699391291e+21 1.001159162750396924e+21 1.000901289876618215e+21 1.000698120231816528e+21 1.000538774926732952e+21 1.000414380517901861e+21 1.000317754324331397e+21 1.000243127585294516e+21 1.000185906351950135e+21 1.000142468580845683e+21 1.000109995044260807e+21 1.000086331268654039e+21 1.000069877651172622e+21 1.000059505093891326e+21 1.000054493862339805e+21 1.000054493862339805e+21
1.177794879654194315e+21 1.177794879654194315e+21 1.176024034355918406e+21 1.172538041959878754e+21 1.167446087984108667e+21 1.160906039966716920e+21 1.153116696876909330e+21 1.144307257096929149e+21 1.134724858714859504e+21 1.124621524919792173e+21 1.114241921430753640e+21 1.103813048385844937e+21 1.093536522020487954e+21 1.083583629684333347e+21 1.074092976519539196e+21 1.065170320262095045e+21 1.056890098005369946e+21 1.049298148682831364e+21 1.042415188658668700e+21 1.036240674493750444e+21 1.030756766867611058e+21 1.025932182410854138e+21 1.021725781998012465e+21 1.018089794729579643e+21 1.014972617814143140e+21 1.012321165534038327e+21 1.010082766790807126e+21 1.008206631261988979e+21 1.006644919492699357e+21 1.005353462675572261e+21 1.004292183845895012e+21 1.003425274255637742e+21 1.002721177451781423e+21 1.002152429830589252e+21 1.001695400961753350e+21 1.001329970524587164e+21 1.001039171921887494e+21 1.000808826050717680e+21 1.000627182678467805e+21 1.000484581622157672e+21 1.000373141563340882e+21 1.000286480860934570e+21 1.000219472093581148e+21 1.000168030177410286e+21 1.000128932648205287e+21 1.000099669951746408e+21 1.000078323240414347e+21 1.000063467130682343e+21 1.000054095052643500e+21 1.000049565153605452e+21 1.000049565153605452e+21
1.155917411275772920e+21 1.155917411275772920e+21 1.154383407094305128e+21 1.151363056544419545e+21 1.146949606959522251e+21 1.141277599355811660e+21 1.134516246558464279e+21 1.126860708307349930e+21 1.118521911091335004e+21 1.109715872204350030e+21 1.100653558350253130e+21 1.091532144818900959e+21 1.082528235715835199e+21 1.073793270445067862e+21 1.065451058090053730e+21 1.057597186986105897e+21 1.050299953414027608e+21 1.043602422876152660e+21 1.037525255678500798e+21 1.032069973756785197e+21 1.027222401917377970e+21 1.022956074040455332e+21 1.019235448154801963e+21 1.016018821511897940e+21 1.013260877330357289e+21 1.010914828872854798e+21 1.008934154244612948e+21 1.007273937052050784e+21 1.005891844133449892e+21 1.004748782359106552e+21 1.003809282526100849e+21 1.003041660327242498e+21 1.002418003057656332e+21 1.001914026989789381e+21 1.001508845033459941e+21 1.001184678151292715e+21 1.000926537641144746e+21 1.000721899298203369e+21 1.000560384948176814e+21 1.000433462087108919e+21 1.000334168444834284e+21 1.000256865202083463e+21 1.000197020270619263e+21 1.000151021396076921e+21 1.000116017755079967e+21 1.000089788082220433e+21 1.000070633076122059e+21 1.000057289811644252e+21 1.000048866052019454e+21 1.000044792654811890e+21 1.000044792654811890e+21
1.137062920251128414e+21 1.137062920251128414e+21 1.135721942899344146e+21 1.133081460071904838e+21 1.129222497548327191e+21 1.124261758560383664e+21 1.118345826127815770e+21 1.111643700705228358e+21 1.104338204744338899e+21 1.096616991545183961e+21 1.088663949393591140e+21 1.080651686950434111e+21 1.072735574142250254e+21 1.065049565730096546e+21 1.057703811227043889e+21 1.050783887872031982e+21 1.044351391398977470e+21 1.038445574741653979e+21 1.033085722907692368e+21 1.028273977758776689e+21 1.023998366796537397e+21 1.020235836389103239e+21 1.016955136566549414e+21 1.014119448318232887e+21 1.011688683490170110e+21 1.009621421009607721e+21 1.007876470848800424e+21 1.006414078790252233e+21 1.005196800848404152e+21 1.004190086556662890e+21 1.003362615882439590e+21 1.002686436083742015e+21 1.002136943260212658e+21 1.001692749574776029e+21 1.001335471965303341e+21 1.001049472346255655e+21 1.000821573389274448e+21 1.000640768385450508e+21 1.000497938699687166e+21 1.000385588074615276e+21 1.000297599573703393e+21 1.000229018247114392e+21 1.000175860588711379e+21 1.000134950435005792e+21 1.000103780033376682e+21 1.000080394477180944e+21 1.000063297479100596e+21 1.000051376452856578e+21 1.000043845033952936e+21 1.000040201443123528e+21 1.000040201443123528e+21
1.120764070905752977e+21 1.120764070905752977e+21 1.119581346454908436e+21 1.117252625853793829e+21 1.113849573054542643e+21 1.109475228140560712e+21 1.104258795869777953e+21 1.098349061015115137e+21 1.091906897569745994e+21 1.085097476626390057e+21 1.078082811602239750e+21 1.071015201591766548e+21 1.064031975026869142e+21 1.057251744178842370e+21 1.050772199581131866e+21 1.044669329754382926e+21 1.038997856229982994e+21 1.033792624684228805e+21 1.029070681101157007e+21 1.024833776354831761e+21 1.021071073413594612e+21 1.017761870599151944e+21 1.014878196300335809e+21 1.012387171430157124e+21 1.010253073280963576e+21 1.008439066807182688e+21 1.006908595962786480e+21 1.005626448287658148e+21 1.004559520634351256e+21 1.003677323245118685e+21 1.002952264063434359e+21 1.002359756072970617e+21 1.001878188530674434e+21 1.001488799097820545e+21 1.001175478871833182e+21 1.000924536846044234e+21 1.000724444879408464e+21 1.000565579197401268e+21 1.000439969986400223e+21 1.000341066891428626e+21 1.000263525201837294e+21 1.000203015173932450e+21 1.000156055218789548e+21 1.000119868488310063e+21 1.000092261625643663e+21 1.000071524018082808e+21 1.000056345720926503e+21 1.000045752240605889e+21 1.000039054521365561e+21 1.000035812728169824e+21 1.000035812728169824e+21
1.106638302224924148e+21 1.106638302224924148e+21 1.105585901611665981e+21 1.103514223101047865e+21 1.100487807139857957e+21 1.096599268404016579e+21 1.091964478890218750e+21 1.086716576399196946e+21 1.080999233803238769e+21 1.074959717062906479e+21 1.068742274572463768e+21 1.062482331845887525e+21 1.056301834999565386e+21 1.050305928144727704e+21 1.044580996571760820e+21 1.039193982297780781e+21 1.034192791651990897e+21 1.029607566512850338e+21 1.025452575834912063e+21 1.021728493908685750e+21 1.018424857991444038e+21 1.015522533334215426e+21 1.012996052617696379e+21 1.010815735357305258e+21 1.008949528207618998e+21 1.007364537593228952e+21 1.006028250837003534e+21 1.004909460705441087e+21 1.003978921289772958e+21 1.003209770988181783e+21 1.002577761869768425e+21 1.002061334813972496e+21 1.001641577462526771e+21 1.001302098057831252e+21 1.001028843408014705e+21 1.000809884103781646e+21 1.000635185143949296e+21 1.000496375595172233e+21 1.000386526979545104e+21 1.000299946819321987e+21 1.000231991168954008e+21 1.000178897981829022e+21 1.000137641716784955e+21 1.000105808602166460e+21 1.000081491354198868e+21 1.000063201812873478e+21 1.000049799840475644e+21 1.000040436868296868e+21 1.000034512627708068e+21 1.000031643829411906e+21 1.000031643829411906e+21
1.094369356509839753e+21 1.094369356509839753e+21 1.093424585342711235e+21 1.091565475824215523e+21 1.088851233977783157e+21 1.085366615594291036e+21 1.081217343506541445e+21 1.076524488364467683e+21 1.071418240346864878e+21 1.066031559849019048e+21 1.060494190926319583e+21 1.054927451075025961e+21 1.049440092245291172e+21 1.044125387850822844e+21 1.039059465401072746e+21 1.034300793251644965e+21 1.029890652255366414e+21 1.025854379871259722e+21 1.022203161125668127e+21 1.018936150670430306e+21 1.016042735517607789e+21 1.013504782096976445e+21 1.011298748643916382e+21 1.009397580567224648e+21 1.007772339645381870e+21 1.006393546025319399e+21 1.005232234296104976e+21 1.004260741295043903e+21 1.003453254181040685e+21 1.002786153398790783e+21 1.002238187353700696e+21 1.001790514865371480e+21 1.001426648670927061e+21 1.001132329203813974e+21 1.000895353232949248e+21 1.000705377210849952e+21 1.000553710697033105e+21 1.000433111216228401e+21 1.000337588491998593e+21 1.000262223199942345e+21 1.000203003188709949e+21 1.000156678464183730e+21 1.000120635047546585e+21 1.000092787021549011e+21 1.000071485591104520e+21 1.000055443735875944e+21 1.000043674960819519e+21 1.000035444708396630e+21 1.000030233142523855e+21 1.000027708221443015e+21 1.000027708221443015e+21
1.083693541897636282e+21 1.083693541897636282e+21 1.082837740953295389e+21 1.081154638211715564e+21 1.078699573159644234e+21 1.075551529812079935e+21 1.071808647164338242e+21 1.067582791191587193e+21 1.062993627542239576e+21 1.058162669498864370e+21 1.053207751613744415e+21 1.048238299600528212e+21 1.043351648981112455e+21 1.038630532566790046e+21 1.034141732708406264e+21 1.029935794395274936e+21 1.026047627394730426e+21 1.022497790110008214e+21 1.019294240225905476e+21 1.016434350666889036e+21 1.013907016645057446e+21 1.011694714103459611e+21 1.009775406462453678e+21 1.008124231480553505e+21 1.006714930806727901e+21 1.005521010099948356e+21 1.004516636966557712e+21 1.003677297594282017e+21 1.002980241445451203e+21 1.002404747554513093e+21 1.001932246799128986e+21 1.001546332908092522e+21 1.001232691772674015e+21 1.000978974547606503e+21 1.000774635618497855e+21 1.000610752176508633e+21 1.000479838149923045e+21 1.000375661748990640e+21 1.000293072954843595e+21 1.000227844927649219e+21 1.000176531488360890e+21 1.000136341478720274e+21 1.000105029853613654e+21 1.000080804734803247e+21 1.000062249285723226e+21 1.000048257092434919e+21 1.000037979704906613e+21 1.000030785064527200e+21 1.000026225684839530e+21 1.000024015641093472e+21 1.000024015641093472e+21
1.074389358467960930e+21 1.074389358467960930e+21 1.073606995628535710e+21 1.072069481355223630e+21 1.069829533062788547e+21 1.066962113243343356e+21 1.063559901319036142e+21 1.059727898841073975e+21 1.055577637555091538e+21 1.051221472218282459e+21 1.046767392889884508e+21 1.042314694747861025e+21 1.037950717319986676e+21 1.033748732862117839e+21 1.029766945928244494e+21 1.026048476300704088e+21 1.022622140672403440e+21 1.019503823417394070e+21 1.016698227856162554e+21 1.014200819208003650e+21 1.011999801512603812e+21 1.010078006850250867e+21 1.008414611358248600e+21 1.006986625547753226e+21 1.005770134351342600e+21 1.004741284343361700e+21 1.003877031636825670e+21 1.003155674567105053e+21 1.002557201229821379e+21 1.002063484191052792e+21 1.001658354185169011e+21 1.001327582234609320e+21 1.001058796114893341e+21 1.000841353043058885e+21 1.000666186337354121e+21 1.000525639884658967e+21 1.000413300750982578e+21 1.000323837277035037e+21 1.000252847540481688e+21 1.000196721122047427e+21 1.000152515633957831e+21 1.000117848393375547e+21 1.000090802881393852e+21 1.000069849154400158e+21 1.000053777107506037e+21 1.000041641379599483e+21 1.000032716691495846e+21 1.000026462491285651e+21 1.000022495916024922e+21 1.000020572249790087e+21 1.000020572249790087e+21
1.066269551706757399e+21 1.066269551706757399e+21 1.065547522386540888e+21 1.064129962969551995e+21 1.062068067502677164e+21 1.059434300340116914e+21 1.056317697479472972e+21 1.052818357245384983e+21 1.049041640056791761e+21 1.045092584393283076e+21 1.041070970158454145e+21 1.037067339329581220e+21 1.033160142085409604e+21 1.029414039514041942e+21 1.025879280618662658e+21 1.022591992040661713e+21 1.019575175631944417e+21 1.016840197447589429e+21 1.014388564266447143e+21 1.012213811882468704e+21 1.010303365444953965e+21 1.008640270001941381e+21 1.007204724902708118e+21 1.005975386319011709e+21 1.004930426672650912e+21 1.004048358018512060e+21 1.003308638875892187e+21 1.002692091446673932e+21 1.002181159587045835e+21 1.001760038305314505e+21 1.001414703859632964e+21 1.001132870510356595e+21 1.000903896274880037e+21 1.000718656111160066e+21 1.000569397156631544e+21 1.000449587183614689e+21 1.000353764418518385e+21 1.000277394355748602e+21 1.000216737172785070e+21 1.000168727783131316e+21 1.000130869393651007e+21 1.000101140599000531e+21 1.000077915486147576e+21 1.000059895877840142e+21 1.000046054664460173e+21 1.000035589115718664e+21 1.000027883092584956e+21 1.000022477169270981e+21 1.000019045803072029e+21 1.000017380843950703e+21 1.000017380843950703e+21
1.059174942693336023e+21 1.059174942693336023e+21 1.058502019849323807e+21 1.057182500836008133e+21 1.055267074583163830e+21 1.052827093050477642e+21 1.049949560415095751e+21 1.046731361137573888e+21 1.043273319821051429e+21 1.039674641947393917e+21 1.036028170613942125e+21 1.032416739057969529e+21 1.028910734623692292e+21 1.025566844664998920e+21 1.022427846248019788e+21 1.019523235664618586e+21 1.016870467773177790e+21 1.014476580626012570e+21 1.012340007340378554e+21 1.010452414933227143e+21 1.008800451053066650e+21 1.007367318777982747e+21 1.006134133687680631e+21 1.005081044785966350e+21 1.004188121307521483e+21 1.003436021515273634e+21 1.002806468222537564e+21 1.002282560055275946e+21 1.001848948492893028e+21 1.001491909476865802e+21 1.001199335684432069e+21 1.000960672089754042e+21 1.000766813672433517e+21 1.000609980430898168e+21 1.000483581440937689e+21 1.000382076696193532e+21 1.000300842929845043e+21 1.000236047552042500e+21 1.000184533212433351e+21 1.000143714265006998e+21 1.000111485513822634e+21 1.000086142994974114e+21 1.000066316145876533e+21 1.000050910477963624e+21 1.000039059761290019e+21 1.000030086713462751e+21 1.000023471234659647e+21 1.000018825322813456e+21 1.000015873923452633e+21 1.000014441106007654e+21 1.000014441106007654e+21
1.052969575824610165e+21 1.052969575824610165e+21 1.052335966637762544e+21 1.051095438315080253e+21 1.049299171781143167e+21 1.047018732056558698e+21 1.044340583124545176e+21 1.041359894861324485e+21 1.038174336301553156e+21 1.034878462733259375e+21 1.031559137929467658e+21 1.028292231605261304e+21 1.025140639149025133e+21 1.022153516844869878e+21 1.019366525664427639e+21 1.016802829964994413e+21 1.014474594183944995e+21 1.012384746995369378e+21 1.010528824856900927e+21 1.008896754594394276e+21 1.007474480279680188e+21 1.006245378958549058e+21 1.005191441025811743e+21 1.004294214092588188e+21 1.003535524859188609e+21 1.002898003039274533e+21 1.002365436138681926e+21 1.001922985151806177e+21 1.001557290106601341e+21 1.001256491764816806e+21 1.001010192358195331e+21 1.000809374520694276e+21 1.000646293910581019e+21 1.000514357626228572e+21 1.000407997529590727e+21 1.000322545056933085e+21 1.000254112018395562e+21 1.000199480241755652e+21 1.000156001651082002e+21 1.000121509436211331e+21 1.000094240305436557e+21 1.000072767368807186e+21 1.000055942924971278e+21 1.000042850278626820e+21 1.000032763664788226e+21 1.000025115373110952e+21 1.000019469227383194e+21 1.000015499668745486e+21 1.000012975802293158e+21 1.000011749888460718e+21 1.000011749888460718e+21
1.047536855365514691e+21 1.047536855365514691e+21 1.046933832217333858e+21 1.045755404756529840e+21 1.044054280996107059e+21 1.041903576981667578e+21 1.039390661247603704e+21 1.036610361242074350e+21 1.033658363312947724e+21 1.030625488402109563e+21 1.027593285971346981e+21 1.024631126465637646e+21 1.021794745233965187e+21 1.019126031608721310e+21 1.016653773462306947e+21 1.014395049069281935e+21 1.012356984735623152e+21 1.010538647943751401e+21 1.008932905221321654e+21 1.007528130620350398e+21 1.006309698709202272e+21 1.005261233206997811e+21 1.004365609043742949e+21 1.003605723136876216e+21 1.002965059404916457e+21 1.002428078347547312e+21 1.001980462538979541e+21 1.001609247925146878e+21 1.001302867896302436e+21 1.001051133459329319e+21 1.000845168971923587e+21 1.000677319156242842e+21 1.000541039687644742e+21 1.000430780658860163e+21 1.000341869690404471e+21 1.000270399388737208e+21 1.000213122209831584e+21 1.000167354518892577e+21 1.000130890692009787e+21 1.000101927426226782e+21 1.000078997959758840e+21 1.000060915606389260e+21 1.000046725838575763e+21 1.000035666078486495e+21 1.000027132348879077e+21 1.000020651975681901e+21 1.000015861604625809e+21 1.000012489884862382e+21 1.000010344273664016e+21 1.000009301523654640e+21 1.000009301523654640e+21
1.042776432316757967e+21 1.042776432316757967e+21 1.042196012369228857e+21 1.041064352686548451e+21 1.039436826405511102e+21 1.037389526081531019e+21 1.035012190022437700e+21 1.032400596157648208e+21 1.029649439520251445e+21 1.026846465136338010e+21 1.024068283508687766e+21 1.021377953736832844e+21 1.018824155006641897e+21 1.016441612348130460e+21 1.014252390669821936e+21 1.012267694104443355e+21 1.010489872642481324e+21 1.008914417401804095e+21 1.007531801591028384e+21 1.006329087034180502e+21 1.005291263187978420e+21 1.004402317812684816e+21 1.003646058459285029e+21 1.003006714735497183e+21 1.002469355671793304e+21 1.002020156665203786e+21 1.001646548111932916e+21 1.001337274138527531e+21 1.001082385603421143e+21 1.000873187276752159e+21 1.000702155117051249e+21 1.000562836012120539e+21 1.000449739303883244e+21 1.000358226880810844e+21 1.000284406567596196e+21 1.000225031921217700e+21 1.000177410297476284e+21 1.000139320122488652e+21 1.000108937633090896e+21 1.000084772886008562e+21 1.000065614533439390e+21 1.000050482683867431e+21 1.000038589078492545e+21 1.000029303792739680e+21 1.000022127696085254e+21 1.000016669958269043e+21 1.000012629964617155e+21 1.000009783088135143e+21 1.000007969857331134e+21 1.000007088151957471e+21 1.000007088151957471e+21
1.038601666186720444e+21 1.038601666186720444e+21 1.038036317644066390e+21 1.036937108512159695e+21 1.035363395972283892e+21 1.033395846493904962e+21 1.031128120037666456e+21 1.028658192383743230e+21 1.026080579304888205e+21 1.023480334612204093e+21 1.020929197523512197e+21 1.018483820285060841e+21 1.016185710146662302e+21 1.014062390168521015e+21 1.012129286763760714e+21 1.010391934071277224e+21 1.008848197002863313e+21 1.007490323077376639e+21 1.006306721439366906e+21 1.005283431207096549e+21 1.004405282635244241e+21 1.003656778331713962e+21 1.003022733073757110e+21 1.002488713998486340e+21 1.002041321378656682e+21 1.001668346108468527e+21 1.001358834874946028e+21 1.001103088665072370e+21 1.000892615245720977e+21 1.000720051795187597e+21 1.000579070051041542e+21 1.000464273169527210e+21 1.000371090921795617e+21 1.000295677813750890e+21 1.000234817133139460e+21 1.000185832725884043e+21 1.000146509414447972e+21 1.000115022331612103e+21 1.000089875002155205e+21 1.000069845715778011e+21 1.000053941561472844e+21 1.000041359405847675e+21 1.000031453071616901e+21 1.000023705988661248e+21 1.000017708636100493e+21 1.000013140156512469e+21 1.000009753597270032e+21 1.000007364313071878e+21 1.000005841143711138e+21 1.000005100061528424e+21 1.000005100061528424e+21
1.034937530749597385e+21 1.034937530749597385e+21 1.034379885231636873e+21 1.033299311353816285e+21 1.031760750446520173e+21 1.029851314642025578e+21 1.027670292788160233e+21 1.025319077430043214e+21 1.022892610423575806e+21 1.020473318169292833e+21 1.018127788673925644e+21 1.015905872567402103e+21 1.013841580790442885e+21 1.011955086621046735e+21 1.010255234290246222e+21 1.008742118755268166e+21 1.007409465579420516e+21 1.006246673020443820e+21 1.005240471306290332e+21 1.004376210864505750e+21 1.003638820974710751e+21 1.003013492041418932e+21 1.002486135706843087e+21 1.002043672424812773e+21 1.001674189114918961e+21 1.001367001981726360e+21 1.001112652489124610e+21 1.000902858262882025e+21 1.000730435478837527e+21 1.000589205049130484e+21 1.000473891541945156e+21 1.000380021129874375e+21 1.000303822834934743e+21 1.000242135805100687e+21 1.000192324220506341e+21 1.000152200601532367e+21 1.000119957707425710e+21 1.000094108816761946e+21 1.000073435924188365e+21 1.000056945236209435e+21 1.000043829273564545e+21 1.000033434866897650e+21 1.000025236350210408e+21 1.000018813297605345e+21 1.000013832207298855e+21 1.000010031602515968e+21 1.000007210089363014e+21 1.000005216982553461e+21 1.000003945179735917e+21 1.000003326033245110e+21 1.000003326033245110e+21
1.031718864331018600e+21 1.031718864331018600e+21 1.031161413892317643e+21 1.030085640107997135e+21 1.028564085562082853e+21 1.026692586216948761e+21 1.024577996470794453e+21 1.022326309070695563e+21 1.020033221530733904e+21 1.017778189093733925e+21 1.015621958369871266e+21 1.013606865697547747e+21 1.011758914876712944e+21 1.010090717672092467e+21 1.008604615818421993e+21 1.007295565782278996e+21 1.006153582530776007e+21 1.005165684367648752e+21 1.004317364891893367e+21 1.003593657600038404e+21 1.002979870465336279e+21 1.002462064692573241e+21 1.002027342004974125e+21 1.001663993025298170e+21 1.001361547991820403e+21 1.001110761236959855e+21 1.000903552828532851e+21 1.000732924442911965e+21 1.000592861667719774e+21 1.000478231251234193e+21 1.000384679072757318e+21 1.000308532590894121e+21 1.000246710061333479e+21 1.000196637767523631e+21 1.000156175771196850e+21 1.000123552187029651e+21 1.000097305653279982e+21 1.000076235465221865e+21 1.000059358723150316e+21 1.000045873796736090e+21 1.000035129403557937e+21 1.000026598624040845e+21 1.000019857221496078e+21 1.000014565691741700e+21 1.000010454530156790e+21 1.000007312268596347e+21 1.000004975899077116e+21 1.000003323363691594e+21 1.000002267849613378e+21 1.000001753684955890e+21 1.000001753684955890e+21
1.028888887255056384e+21 1.028888887255056384e+21 1.028323641433558614e+21 1.027238244910253998e+21 1.025715466206453957e+21 1.023862728676768350e+21 1.021796699461836997e+21 1.019629072159225545e+21 1.017456221278241686e+21 1.015353740820897726e+21 1.013375352073903669e+21 1.011554836809611215e+21 1.009909541045858992e+21 1.008444310829830504e+21 1.007155157316724195e+21 1.006032319865334268e+21 1.005062643272412561e+21 1.004231319699692192e+21 1.003523101897093415e+21 1.002923105047881712e+21 1.002417303396328538e+21 1.001992808757611069e+21 1.001637998276502094e+21 1.001342541519525511e+21 1.001097363076784062e+21 1.000894566206357373e+21 1.000727335170407137e+21 1.000589828202895770e+21 1.000477068979697353e+21 1.000384841600274268e+21 1.000309592099405824e+21 1.000248338139907228e+21 1.000198587611338244e+21 1.000158266244681171e+21 1.000125653958650364e+21 1.000099329410227896e+21 1.000078122087712555e+21 1.000061071222183166e+21 1.000047390781420601e+21 1.000036439831588110e+21 1.000027697593948176e+21 1.000020742577651581e+21 1.000015235231308841e+21 1.000010903618602795e+21 1.000007531685864276e+21 1.000004949750191489e+21 1.000003026893652099e+21 1.000001665003098735e+21 1.000000794244750115e+21 1.000000369809674600e+21 1.000000369809674600e+21
1.026397924283807695e+21 1.026397924283807695e+21 1.025815997273815908e+21 1.024705307881421537e+21 1.023162356936839791e+21 1.021309858385864163e+21 1.019276937278815338e+21 1.017181885527641948e+21 1.015121034199333339e+21 1.013164472967883129e+21 1.011357126173847585e+21 1.009722875316044431e+21 1.008269709519845720e+21 1.006994619324439069e+21 1.005887636495222833e+21 1.004934879334651920e+21 1.004120697557735309e+21 1.003429096352006406e+21 1.002844625252131537e+21 1.002352890056266744e+21 1.001940810123982537e+21 1.001596710209446085e+21 1.001310309229052822e+21 1.001072648332137464e+21 1.000875986312276345e+21 1.000713680454500876e+21 1.000580064167847920e+21 1.000470328254903484e+21 1.000380409716822639e+21 1.000306890082002797e+21 1.000246904033751728e+21 1.000198058359094247e+21 1.000158360791195582e+21 1.000126158064443851e+21 1.000100082376174076e+21 1.000079005404053111e+21 1.000061999036025930e+21 1.000048302007281385e+21 1.000037291694876525e+21 1.000028460386426552e+21 1.000021395408072212e+21 1.000015762565925700e+21 1.000011292422454247e+21 1.000007768991714116e+21 1.000005020496410051e+21 1.000002911883664294e+21 1.000001338845683384e+21 1.000000223136674611e+21 9.999995090181482086e+20 9.999991607029643346e+20 9.999991607029643346e+20
1.024202280166209356e+21 1.024202280166209356e+21 1.023593371905746534e+21 1.022439661861328257e+21 1.020856172353893827e+21 1.018985832614400098e+21 1.016973355895831265e+21 1.014944066265671008e+21 1.012992490843412103e+21 1.011180531299972415e+21 1.009541882457482330e+21 1.008088970074068484e+21 1.006819842033075356e+21 1.005723807849858990e+21 1.004785550151436075e+21 1.003987884193732755e+21 1.003313482925166559e+21 1.002745875591895712e+21 1.002269965684418937e+21 1.001872245974998843e+21 1.001540831676895592e+21 1.001265390740071383e+21 1.001037021149768712e+21 1.000848105703182696e+21 1.000692162220128207e+21 1.000563699252984676e+21 1.000458082497295155e+21 1.000371414177571930e+21 1.000300425972493713e+21 1.000242385086869144e+21 1.000195012577902723e+21 1.000156412816828793e+21 1.000125012900384080e+21 1.000099510847592333e+21 1.000078831487534629e+21 1.000062089034857972e+21 1.000048555449867829e+21 1.000037633779999834e+21 1.000028835773896720e+21 1.000021763148586156e+21 1.000016091970533196e+21 1.000011559685121507e+21 1.000007954393975620e+21 1.000005106039312351e+21 1.000002879205704073e+21 1.000001167296607945e+21 9.999998878845881549e+20 9.999989790703230648e+20 9.999983967194358743e+20 9.999981124755048366e+20 9.999981124755048366e+20
1.022263225240689705e+21 1.022263225240689705e+21 1.021614957376270893e+21 1.020397401367309976e+21 1.018750769143540351e+21 1.016844967643542585e+21 1.014843971513711722e+21 1.012879567881607184e+21 1.011041015795151274e+21 1.009377947163978367e+21 1.007909757620520354e+21 1.006635889490081087e+21 1.005544243397836538e+21 1.004617075361919664e+21 1.003834723248901325e+21 1.003177762789877613e+21 1.002628134672042164e+21 1.002169642046048829e+21 1.001788084875507794e+21 1.001471198318651638e+21 1.001208495450121437e+21 1.000991072103088128e+21 1.000811405597823730e+21 1.000663163691414979e+21 1.000541031196177859e+21 1.000440556769450656e+21 1.000358019757727285e+21 1.000290315697355751e+21 1.000234858542907654e+21 1.000189497569744912e+21 1.000152446976755892e+21 1.000122226389255586e+21 1.000097610668327436e+21 1.000077587639258710e+21 1.000061322544336863e+21 1.000048128196979196e+21 1.000037439964597977e+21 1.000028794837096071e+21 1.000021813949455794e+21 1.000016188022074638e+21 1.000011665263858811e+21 1.000008041353241297e+21 1.000005151171635708e+21 1.000002862016400065e+21 1.000001068063585468e+21 9.999996858906096435e+20 9.999986509016200643e+20 9.999979145286839173e+20 9.999974421071090156e+20 9.999972113474475786e+20 9.999972113474475786e+20
1.020546075761825546e+21 1.020546075761825546e+21 1.019843152390182535e+21 1.018536445057490747e+21 1.016800849810837340e+21 1.014842885859143582e+21 1.012849882562240446e+21 1.010957454262912156e+21 1.009243381790904418e+21 1.007739212212524417e+21 1.006446612589383778e+21 1.005351011337053798e+21 1.004430706326865183e+21 1.003662176380891824e+21 1.003022848006934888e+21 1.002492342681872368e+21 1.002052886084744643e+21 1.001689288978553897e+21 1.001388731332624253e+21 1.001140474190801273e+21 1.000935562550391734e+21 1.000766548759002087e+21 1.000627247980281725e+21 1.000512528158691557e+21 1.000418132608486081e+21 1.000340531599187247e+21 1.000276798856736539e+21 1.000224509063430930e+21 1.000181652863054512e+21 1.000146566373797396e+21 1.000117872694528967e+21 1.000094433321357279e+21 1.000075307759690056e+21 1.000059719924752056e+21 1.000047030175453544e+21 1.000036712032396640e+21 1.000028332797987914e+21 1.000021537432502141e+21 1.000016035150788297e+21 1.000011588295105970e+21 1.000008003114036101e+21 1.000005122139376452e+21 1.000002817904257794e+21 1.000000987788944343e+21 9.999995498173064806e+20 9.999984392576312279e+20 9.999976059080972698e+20 9.999970119705488261e+20 9.999966304358157517e+20 9.999964439217450516e+20 9.999964439217450516e+20
1.019019704824485642e+21 1.019019704824485642e+21 1.018242754295449125e+21 1.016814867778015330e+21 1.014960839042060255e+21 1.012936681430730801e+21 1.010956422528258540e+21 1.009153623508627096e+21 1.007584270761318154e+21 1.006254158642515673e+21 1.005144179681651065e+21 1.004225966486136685e+21 1.003469927430109659e+21 1.002848811767396303e+21 1.002338958375148716e+21 1.001920446865378378e+21 1.001576783461205148e+21 1.001294431087593914e+21 1.001062325686387737e+21 1.000871437330580374e+21 1.000714394771562168e+21 1.000585174030317912e+21 1.000478844386919318e+21 1.000391362967067558e+21 1.000319409243205140e+21 1.000260251776462750e+21 1.000211640775377551e+21 1.000171721249803600e+21 1.000138962587513389e+21 1.000112101247749325e+21 1.000090093964576555e+21 1.000072079405299270e+21 1.000057346661149442e+21 1.000045309284972626e+21 1.000035483853614350e+21 1.000027472236841927e+21 1.000020946915250405e+21 1.000015638814705320e+21 1.000011327225408782e+21 1.000007831451550876e+21 1.000005003902169776e+21 1.000002724384386974e+21 1.000000895402481418e+21 9.999994383007411077e+20 9.999982901164044452e+20 9.999974010334110024e+20 9.999967323472864215e+20 9.999962548698749338e+20 9.999959477167954330e+20 9.999957974343016776e+20 9.999957974343016776e+20
1.017669968488983822e+21 1.017669968488983822e+21 1.016786795721330917e+21 1.015176538202002424e+21 1.013192310200236638e+21 1.011098520571875033e+21 1.009140703732874609e+21 1.007455264257604977e+21 1.006058860190773805e+21 1.004920913174058369e+21 1.003999883284665467e+21 1.003255915347722240e+21 1.002654667151261434e+21 1.002167894753184842e+21 1.001772877341758980e+21 1.001451518336623706e+21 1.001189452392817492e+21 1.000975271469428507e+21 1.000799893097320284e+21 1.000656059714491122e+21 1.000537947612442001e+21 1.000440863406458798e+21 1.000361008750647968e+21 1.000295297628480733e+21 1.000241213936958570e+21 1.000196699923198509e+21 1.000160068288298090e+21 1.000129932516336730e+21 1.000105151309599605e+21 1.000084784007630815e+21 1.000068054615717446e+21 1.000054322627726672e+21 1.000043059249165369e+21 1.000033827940607590e+21 1.000026268441586565e+21 1.000020083614594367e+21 1.000015028587624792e+21 1.000010901779669713e+21 1.000007537475634070e+21 1.000004799681634894e+21 1.000002577042179359e+21 1.000000778640972448e+21 9.999993305397717893e+20 9.999981729356391383e+20 9.999972578388301578e+20 9.999965471914742252e+20 9.999960113618649088e+20 9.999956279624801976e+20 9.999953809505264599e+20 9.999952599795876495e+20 9.999952599795876495e+20
1.015157101456801792e+21 1.015157101456801792e+21 1.012581925967540126e+21 1.011896844509808558e+21 1.011668374933296382e+21 1.009488609192924414e+21 1.007430975266299314e+21 1.005870688551278215e+21 1.004676038634994532e+21 1.003746237845286027e+21 1.003015893242090095e+21 1.002438295442728813e+21 1.001978661348659823e+21 1.001610766446318060e+21 1.001314718872009310e+21 1.001075338630963659e+21 1.000880960281703743e+21 1.000722550401291387e+21 1.000593058281556410e+21 1.000486937649972511e+21 1.000399792991493292e+21 1.000328116472529945e+21 1.000269090845920723e+21 1.000220440596062667e+21 1.000180318553346933e+21 1.000147218765465911e+21 1.000119908954606666e+21 1.000097377704562131e+21 1.000078792820979401e+21 1.000063468241657922e+21 1.000050837548291326e+21 1.000040432620088590e+21 1.000031866327674257e+21 1.000024818428413608e+21 1.000019024018536137e+21 1.000014264042867393e+21 1.000010357471869010e+21 1.000007154837971272e+21 1.000004532886929801e+21 1.000002390148084007e+21 1.000000643265650622e+21 9.999992239630427095e+20 9.999980765359328461e+20 9.999971557890827223e+20 9.999964253471992709e+20 9.999958562834081382e+20 9.999954260192421478e+20 9.999951174592296387e+20 9.999949183313250877e+20 9.999948207106365850e+20 9.999948207106365850e+20
1.400015792024602280e+21 1.400015792024602280e+21 1.293182496948251525e+21 1.130283429684562625e+21 1.030376412169870246e+21 1.010719044612437836e+21 1.006056374267513668e+21 1.004440207956603175e+21 1.003459412875132797e+21 1.002743954022846431e+21 1.002196990851895919e+21 1.001771059119783018e+21 1.001435448163768730e+21 1.001168527364959240e+21 1.000954568030136173e+21 1.000781918329188123e+21 1.000641818744945508e+21 1.000527597575190348e+21 1.000434112204946276e+21 1.000357354985076425e+21 1.000294171461249139e+21 1.000242056353475592e+21 1.000199003999077794e+21 1.000163397391164375e+21 1.000133924879101854e+21 1.000109516918093119e+21 1.000089297512131854e+21 1.000072546543808807e+21 1.000058670259029017e+21 1.000047177925340037e+21 1.000037663214239351e+21 1.000029789234760909e+21 1.000023276417865089e+21 1.000017892648100561e+21 1.000013445182770119e+21 1.000009774005000995e+21 1.000006746336425148e+21 1.000004252094398726e+21 1.000002200123248083e+21 1.000000515064403984e+21 9.999991347561115156e+20 9.999980080745370092e+20 9.999970931447812588e+20 9.999963558633959588e+20 9.999957686844817408e+20 9.999953096307707740e+20 9.999949614979084452e+20 9.999947112267099668e+20 9.999945494234692321e+20 9.999944700129509376e+20 9.999944700129509376e+20
6.359327437052521218e+21 6.359327437052521218e+21 5.442742812058554728e+21 3.487098151972978033e+21 1.337573845294233682e+21 1.030736860583744504e+21 1.005260540506664862e+21 1.003202349694222205e+21 1.002440822570472571e+21 1.001930435797534507e+21 1.001547381456811196e+21 1.001250813415133676e+21 1.001017471853848166e+21 1.000831723888492544e+21 1.000682473803968414e+21 1.000561625446694781e+21 1.000463152695410164e+21 1.000382494757693030e+21 1.000316148761918964e+21 1.000261388913334288e+21 1.000216069271004905e+21 1.000178482927686124e+21 1.000147259893483438e+21 1.000121291953316430e+21 1.000099676598228746e+21 1.000081674631524123e+21 1.000066677710452294e+21 1.000054183198946755e+21 1.000043774467803972e+21 1.000035105302812688e+21 1.000027887447040197e+21 1.000021880561665180e+21 1.000016884073661465e+21 1.000012730510881325e+21 1.000009280021507998e+21 1.000006415845166940e+21 1.000004040555715625e+21 1.000002072934362907e+21 1.000000445361757094e+21 9.999991016399448310e+20 9.999979951728758620e+20 9.999970874472877261e+20 9.999963467669100298e+20 9.999957472014730527e+20 9.999952677188909138e+20 9.999948914747407073e+20 9.999946052381831332e+20 9.999943989372362424e+20 9.999942653101488210e+20 9.999941996524423086e+20 9.999941996524423086e+20
1.000000000000000036e-10 1.000000000000000036e-10 1.000000000000000036e-10 1.000000000000000036e-10 3.561335927932776874e+21 1.145247440317589488e+21 1.004435388384070861e+21 1.002184116288582189e+21 1.001653675375825912e+21 1.001318784110715470e+21 1.001067685183786713e+21 1.000871694787549463e+21 1.000715925804035080e+21 1.000590608602612892e+21 1.000488839837607133e+21 1.000405572215443948e+21 1.000337029659144880e+21 1.000280334086875120e+21 1.000233256470214607e+21 1.000194046170054656e+21 1.000161311390842356e+21 1.000133933842056086e+21 1.000111006749886251e+21 1.000091789092134978e+21 1.000075671290646233e+21 1.000062149120591790e+21 1.000050803599623193e+21 1.000041285289742434e+21 1.000033301899559830e+21 1.000026608387161326e+21 1.000020998981077041e+21 1.000016300690729992e+21 1.000012367986708709e+21 1.000009078410128392e+21 1.000006328927496045e+21 1.000004032889998017e+21 1.000002117486878523e+21 1.000000521606418792e+21 9.999991940356956488e+20 9.999980919437738639e+20 9.999971796036170547e+20 9.999964273163654922e+20 9.999958105078849864e+20 9.999953089730137293e+20 9.999949062473568748e+20 9.999945890895932948e+20 9.999943470608508518e+20 1.000000000000000036e-10 1.000000000000000036e-10 1.000000000000000036e-10 1.000000000000000036e-10
1.000000000000000036e-10 1.000000000000000036e-10 1.000000000000000036e-10 1.000000000000000036e-10 5.650208564890286686e+21 1.330697656804423238e+21 1.006971329975690068e+21 1.001520677733089280e+21 1.001126532165823627e+21 1.000914287227724366e+21 1.000753901707122704e+21 1.000625801190217482e+21 1.000521625752032641e+21 1.000436031340485280e+21 1.000365183309818495e+21 1.000306208543206801e+21 1.000256900566217785e+21 1.000215533629863625e+21 1.000180737634967618e+21 1.000151411011216736e+21 1.000126658527409471e+21 1.000105745987315958e+21 1.000088066624395543e+21 1.000073115758763442e+21 1.000060471390777901e+21 1.000049779128407818e+21 1.000040740325475484e+21 1.000033102633190294e+21 1.000026652389578375e+21 1.000021208426772038e+21 1.000016616986096042e+21 1.000012747508678132e+21 1.000009489126184190e+21 1.000006747717543002e+21 1.000004443427815948e+21 1.000002508568090771e+21 1.000000885832517550e+21 9.999995267810134589e+20 9.999983905466039665e+20 9.999974427337688351e+20 9.999966544800428851e+20 9.999960016582364365e+20 9.999954642001868882e+20 9.999950255260948234e+20 9.999946720665399460e+20 9.999943928657748951e+20 9.999941792572913746e+20 1.000000000000000036e-10 1.000000000000000036e-10 1.000000000000000036e-10 1.000000000000000036e-10
1.000000000000000036e-10 1.000000000000000036e-10 1.000000000000000036e-10 1.000000000000000036e-10 6.642381941254269174e+21 1.453621677038561395e+21 1.011825312542193353e+21 1.001207103176809382e+21 1.000864761667590816e+21 1.000714173521734009e+21 1.000599464716147884e+21 1.000505306751940690e+21 1.000426745764155490e+21 1.000360754042113884e+21 1.000305089648678011e+21 1.000257996391573094e+21 1.000218066133296742e+21 1.000184153957359026e+21 1.000155319296450888e+21 1.000130782966887743e+21 1.000109894956766724e+21 1.000092109827283091e+21 1.000076967646878237e+21 1.000064079019673387e+21 1.000053113188766974e+21 1.000043788478286135e+21 1.000035864535803888e+21 1.000029135976359526e+21 1.000023427129516622e+21 1.000018587663604384e+21 1.000014488914879709e+21 1.000011020788910129e+21 1.000008089130768794e+21 1.000005613483139924e+21 1.000003525168204218e+21 1.000001765641798156e+21 1.000000285078661890e+21 9.999990411547520532e+20 9.999979979989314437e+20 9.999971252910129152e+20 9.999963974867568558e+20 9.999957931538378916e+20 9.999952944047428731e+20 9.999948864152848302e+20 9.999945570186855711e+20 9.999942963671847404e+20 9.999940966539602166e+20 1.000000000000000036e-10 1.000000000000000036e-10 1.000000000000000036e-10 1.000000000000000036e-10
1.000000000000000036e-10 1.000000000000000036e-10 1.000000000000000036e-10 1.000000000000000036e-10 6.642381941254269174e+21 1.453621677038561395e+21 1.011825312542193353e+21 1.001207103176809382e+21 1.000864761667590816e+21 1.000714173521734009e+21 1.000599464716147884e+21 1.000505306751940690e+21 1.000426745764155490e+21 1.000360754042113884e+21 1.000305089648678011e+21 1.000257996391573094e+21 1.000218066133296742e+21 1.000184153957359026e+21 1.000155319296450888e+21 1.000130782966887743e+21 1.000109894956766724e+21 1.000092109827283091e+21 1.000076967646878237e+21 1.000064079019673387e+21 1.000053113188766974e+21 1.000043788478286135e+21 1.000035864535803888e+21 1.000029135976359526e+21 1.000023427129516622e+21 1.000018587663604384e+21 1.000014488914879709e+21 1.000011020788910129e+21 1.000008089130768794e+21 1.000005613483139924e+21 1.000003525168204218e+21 1.000001765641798156e+21 1.000000285078661890e+21 9.999990411547520532e+20 9.999979979989314437e+20 9.999971252910129152e+20 9.999963974867568558e+20 9.999957931538378916e+20 9.999952944047428731e+20 9.999948864152848302e+20 9.999945570186855711e+20 9.999942963671847404e+20 9.999940966539602166e+20 1.000000000000000036e-10 1.000000000000000036e-10 1.000000000000000036e-10 1.000000000000000036e-10
