1.088457183971491965e-01 1.088457183971491965e-01 1.088457183971491965e-01 1.088457183971491965e-01 1.100417413884811485e-01 1.134458936583426503e-01 1.191590173696711330e-01 1.266039962866007673e-01 1.351400561482808127e-01 1.442630860935162074e-01 1.536171676975886247e-01 1.629609264331105256e-01 1.721336769654215615e-01 1.810301898282990207e-01 1.895833632154754755e-01 1.977525470255976081e-01 2.055156267645988910e-01 2.128635649443741951e-01 2.197965585818495715e-01 2.263212791189593009e-01 2.324488556413196461e-01 2.381933829260951541e-01 2.435708103501012523e-01 2.485981138971707083e-01 2.532926825252983516e-01 2.576718687930786844e-01 2.617526660257582516e-01 2.655514828928813298e-01 2.690839925274344235e-01 2.723650380843737895e-01 2.754085803978119085e-01 2.782276764285154247e-01 2.808344796613894134e-01 2.832402556215328771e-01 2.854554073023574112e-01 2.874895066000187072e-01 2.893513288763955305e-01 2.910488885737183007e-01 2.925894744182923057e-01 2.939796832143121708e-01 2.952254515723110040e-01 2.963320851663287514e-01 2.973042852909204004e-01 2.981461726110644639e-01 2.988613080787489995e-01 2.994527110403204517e-01 2.999228745869258472e-01 3.002737782128442334e-01 3.005068978479007447e-01 3.006232133239314930e-01 3.006232133239314930e-01
1.088457183971491965e-01 1.088457183971491965e-01 1.088457183971491965e-01 1.088457183971491965e-01 1.100417413884811485e-01 1.134458936583426503e-01 1.191590173696711330e-01 1.266039962866007673e-01 1.351400561482808127e-01 1.442630860935162074e-01 1.536171676975886247e-01 1.629609264331105256e-01 1.721336769654215615e-01 1.810301898282990207e-01 1.895833632154754755e-01 1.977525470255976081e-01 2.055156267645988910e-01 2.128635649443741951e-01 2.197965585818495715e-01 2.263212791189593009e-01 2.324488556413196461e-01 2.381933829260951541e-01 2.435708103501012523e-01 2.485981138971707083e-01 2.532926825252983516e-01 2.576718687930786844e-01 2.617526660257582516e-01 2.655514828928813298e-01 2.690839925274344235e-01 2.723650380843737895e-01 2.754085803978119085e-01 2.782276764285154247e-01 2.808344796613894134e-01 2.832402556215328771e-01 2.854554073023574112e-01 2.874895066000187072e-01 2.893513288763955305e-01 2.910488885737183007e-01 2.925894744182923057e-01 2.939796832143121708e-01 2.952254515723110040e-01 2.963320851663287514e-01 2.973042852909204004e-01 2.981461726110644639e-01 2.988613080787489995e-01 2.994527110403204517e-01 2.999228745869258472e-01 3.002737782128442334e-01 3.005068978479007447e-01 3.006232133239314930e-01 3.006232133239314930e-01
1.088457183971491965e-01 1.088457183971491965e-01 1.088457183971491965e-01 1.088457183971491965e-01 1.102703468287583727e-01 1.140377035675236711e-01 1.200579754951550254e-01 1.276734153259635463e-01 1.362642018206159655e-01 1.453700297432628519e-01 1.546694151837571252e-01 1.639422330277991724e-01 1.730395364333639219e-01 1.818621186903187636e-01 1.903457202652719393e-01 1.984508332199228509e-01 2.061556038124476020e-01 2.134508162933019537e-01 2.203362867908734701e-01 2.268182282910078396e-01 2.329072988762193042e-01 2.386171423600758623e-01 2.439632922475880039e-01 2.489623493573180635e-01 2.536313687999896538e-01 2.579874086583721082e-01 2.620472040026569083e-01 2.658269378618360324e-01 2.693420866900270161e-01 2.726073224423408159e-01 2.756364570264350777e-01 2.784424178653317483e-01 2.810372457392396606e-01 2.834321080630543555e-01 2.856373223705783171e-01 2.876623860723881987e-01 2.895160095807926548e-01 2.912061506967287272e-01 2.927400487694739595e-01 2.941242576058940017e-01 2.953646764520350687e-01 2.964665786220033183e-01 2.974346375286118782e-01 2.982729499945587781e-01 2.989850568057695890e-01 2.995739605207904388e-01 3.000421405801085850e-01 3.003915657733083888e-01 3.006237041247660779e-01 3.007395302536273740e-01 3.007395302536273740e-01
1.088457183971491965e-01 1.088457183971491965e-01 1.088457183971491965e-01 1.088457183971491965e-01 1.109976908932130968e-01 1.155846401261196033e-01 1.221325467459408870e-01 1.299705335755708679e-01 1.385866387256540488e-01 1.476107050373172136e-01 1.567772912510213557e-01 1.658979027998726541e-01 1.748405218696826580e-01 1.835145145927547516e-01 1.918595741540219946e-01 1.998376452276387216e-01 2.074270103990386305e-01 2.146179290299612130e-01 2.214093906295386827e-01 2.278066746798535214e-01 2.338195020954821901e-01 2.394606281191798136e-01 2.447447702847665441e-01 2.496877945037423718e-01 2.543061021301884495e-01 2.586161743932368640e-01 2.626342401188940801e-01 2.663760396506322237e-01 2.698566632240545493e-01 2.730904462955592304e-01 2.760909077837438441e-01 2.788707200392508967e-01 2.814417017256585218e-01 2.838148267459277840e-01 2.860002439433628196e-01 2.880073035924472502e-01 2.898445877183492003e-01 2.915199420860565827e-01 2.930405083191444104e-01 2.944127550782369984e-01 2.956425075800874214e-01 2.967349749952294946e-01 2.976947754464597251e-01 2.985259584591839488e-01 2.992320248016651640e-01 2.998159437092182689e-01 3.002801675197668829e-01 3.006266437652413970e-01 3.008568247688143682e-01 3.009716747954703786e-01 3.009716747954703786e-01
1.101520437053670198e-01 1.101520437053670198e-01 1.103734463281716288e-01 1.110798355997452830e-01 1.140533006604509680e-01 1.191689980045427116e-01 1.259034286503954714e-01 1.337180834442101007e-01 1.421886069201242220e-01 1.510018993100365747e-01 1.599295664970160069e-01 1.688058391371877187e-01 1.775116578781459342e-01 1.859631064120886856e-01 1.941028141737245472e-01 2.018934743721711167e-01 2.093129152337261656e-01 2.163503281997338490e-01 2.230033649501330650e-01 2.292758922854837289e-01 2.351762502994334814e-01 2.407159001367765450e-01 2.459083767660562303e-01 2.507684827430184948e-01 2.553116734446547187e-01 2.595535946508009117e-01 2.635097410267045470e-01 2.671952099475971565e-01 2.706245297974140818e-01 2.738115457264191366e-01 2.767693490754677410e-01 2.795102393894982606e-01 2.820457102247233561e-01 2.843864518560801358e-01 2.865423655581729734e-01 2.885225854054562222e-01 2.903355045557065028e-01 2.919888037833160421e-01 2.934894806515850885e-01 2.948438781887049442e-01 2.960577122893580104e-01 2.971360973275524175e-01 2.980835696571937921e-01 2.989041088119221978e-01 2.996011563085457241e-01 3.001776320197115377e-01 3.006359481196209105e-01 3.009780206279722981e-01 3.012052785867322391e-01 3.013186709053522483e-01 3.013186709053522483e-01
1.138955556072603348e-01 1.138955556072603348e-01 1.144683705571387378e-01 1.159693615372125453e-01 1.194469990634216827e-01 1.247022209521533587e-01 1.313204385896957205e-01 1.388804469296695265e-01 1.470303993101894913e-01 1.554979844244105958e-01 1.640783908359595977e-01 1.726195888018108304e-01 1.810101054962053035e-01 1.891696498509550239e-01 1.970419735197145028e-01 2.045893796677129561e-01 2.117884529733288501e-01 2.186267116654466991e-01 2.250999677751040762e-01 2.312102391810295088e-01 2.369640968919232149e-01 2.423713592821966634e-01 2.474440652209525526e-01 2.521956725799543997e-01 2.566404391983385103e-01 2.607929512824324614e-01 2.646677703210223997e-01 2.682791744964019842e-01 2.716409746433762762e-01 2.747663882717628625e-01 2.776679581455764878e-01 2.803575044723521370e-01 2.828461019412574773e-01 2.851440746914961077e-01 2.872610038244131081e-01 2.892057433265843303e-01 2.909864412814032741e-01 2.926105640479562120e-01 2.940849217117394998e-01 2.954156935929855288e-01 2.966084529626836219e-01 2.976681903877578805e-01 2.985993353254874916e-01 2.994057757297628464e-01 3.000908755315897514e-01 3.006574899240475607e-01 3.011079784259640957e-01 3.014442157253049981e-01 3.016676003175275955e-01 3.017790609595799589e-01 3.017790609595799589e-01
1.202378562946706669e-01 1.202378562946706669e-01 1.211033789494906365e-01 1.231022778156941749e-01 1.267244135422365692e-01 1.318395511517209406e-01 1.381361635163146639e-01 1.452814338283963391e-01 1.529811888320889435e-01 1.609961103624723278e-01 1.691393026441599390e-01 1.772681032427997350e-01 1.852754861805082365e-01 1.930826732952266866e-01 2.006331555843203496e-01 2.078879280398866491e-01 2.148216907043034585e-01 2.214198074091570934e-01 2.276758620185218851e-01 2.335896913581055889e-01 2.391658029807902097e-01 2.444121066727517055e-01 2.493389034374341173e-01 2.539580864123918702e-01 2.582825161046916063e-01 2.623255384175596783e-01 2.661006188242975856e-01 2.696210701329143089e-01 2.728998548163228954e-01 2.759494459866394522e-01 2.787817338301649128e-01 2.814079667206304536e-01 2.838387183084905563e-01 2.860838736590353149e-01 2.881526290017218384e-01 2.900535008823929561e-01 2.917943415078552150e-01 2.933823578693807721e-01 2.948241328587337673e-01 2.961256470762513304e-01 2.972923004015788351e-01 2.983289326768158167e-01 2.992398430585967439e-01 3.000288077461966685e-01 3.006990959002788233e-01 3.012534836418928608e-01 3.016942660720274838e-01 3.020232672848147115e-01 3.022418483672720257e-01 3.023509133889605849e-01 3.023509133889605849e-01
1.286090576096127758e-01 1.286090576096127758e-01 1.296291043787109742e-01 1.318179608501673095e-01 1.353705013534675927e-01 1.401938746870338703e-01 1.460573881307097865e-01 1.526977943444711161e-01 1.598690654542181122e-01 1.673612456333697929e-01 1.750038358773536584e-01 1.826625543105429295e-01 1.902340115027183753e-01 1.976402886327889297e-01 2.048241189248294625e-01 2.117448200012408688e-01 2.183749265461057132e-01 2.246974214029653083e-01 2.307034640802723968e-01 2.363905306933429540e-01 2.417608953889194834e-01 2.468203965796554045e-01 2.515774414808089054e-01 2.560422100773865894e-01 2.602260254858959065e-01 2.641408623198489014e-01 2.677989685533416764e-01 2.712125797709079578e-01 2.743937077394210666e-01 2.773539880027463544e-01 2.801045737003154401e-01 2.826560650456007018e-01 2.850184658654705272e-01 2.872011602979547273e-01 2.892129041837850911e-01 2.910618268838481848e-01 2.927554402338470863e-01 2.943006521357146577e-01 2.957037829102636128e-01 2.969705830239104949e-01 2.981062511786336522e-01 2.991154520403941919e-01 3.000023330957279355e-01 3.007705402847237752e-01 3.014232321739344078e-01 3.019630925151907674e-01 3.023923410939375334e-01 3.027127428099372630e-01 3.029256149588921976e-01 3.030318326994924649e-01 3.030318326994924649e-01
1.383646355283631724e-01 1.383646355283631724e-01 1.394232147319983406e-01 1.416049981241361555e-01 1.449671679568735327e-01 1.494278370929456035e-01 1.548115640689237960e-01 1.609093204660387022e-01 1.675160410759144458e-01 1.744489094146897123e-01 1.815537749523945255e-01 1.887053016727517074e-01 1.958043055346036510e-01 2.027741517253142112e-01 2.095571041249194855e-01 2.161109914524481923e-01 2.224063004981696734e-01 2.284236980625235780e-01 2.341519436454073400e-01 2.395861451110500862e-01 2.447263109653362856e-01 2.495761575933386489e-01 2.541421348128372615e-01 2.584326375185661551e-01 2.624573749462895123e-01 2.662268723400539328e-01 2.697520827369986329e-01 2.730440893091447552e-01 2.761138812723364366e-01 2.789721887934506483e-01 2.816293645777696586e-01 2.840953018720344114e-01 2.863793804532102638e-01 2.884904337769947924e-01 2.904367318339112769e-01 2.922259754149488242e-01 2.938652984410810021e-01 2.953612757840337055e-01 2.967199346237000546e-01 2.979467678747710346e-01 2.990467485941403214e-01 3.000243445717820090e-01 3.008835325287461115e-01 3.016278115115513248e-01 3.022602151948941551e-01 3.027833228941830268e-01 3.031992691539029394e-01 3.035097518234775027e-01 3.037160385640000904e-01 3.038189717507523424e-01 3.038189717507523424e-01
1.489976420453815176e-01 1.489976420453815176e-01 1.500234279164781581e-01 1.520929049681292167e-01 1.552026281566079857e-01 1.592747494106749317e-01 1.641703047563227436e-01 1.697214359946789264e-01 1.757574286634749627e-01 1.821203240203846108e-01 1.886723048068971176e-01 1.952978598636458674e-01 2.019030713509553099e-01 2.084135414526691321e-01 2.147718314758252645e-01 2.209348676655040755e-01 2.268715251544669020e-01 2.325604722967801463e-01 2.379882940783887291e-01 2.431478844981051768e-01 2.480370861401004490e-01 2.526575513671581175e-01 2.570137991579644066e-01 2.611124425764710932e-01 2.649615633771364442e-01 2.685702120186345132e-01 2.719480132766941560e-01 2.751048596619094511e-01 2.780506769095578701e-01 2.807952478568860877e-01 2.833480829987519711e-01 2.857183278619752631e-01 2.879146990225508462e-01 2.899454420839499003e-01 2.918183062298991270e-01 2.935405310644585986e-01 2.951188423680509154e-01 2.965594541482045043e-01 2.978680749688088492e-01 2.990499170230110915e-01 3.001097067929698881e-01 3.010516964332258238e-01 3.018796752398756333e-01 3.025969807390525013e-01 3.032065090571138266e-01 3.037107243309541960e-01 3.041116669876965384e-01 3.044109607747548796e-01 3.046098184587498481e-01 3.047090461387437221e-01 3.047090461387437221e-01
1.601513031157708045e-01 1.601513031157708045e-01 1.611077892002628908e-01 1.630162395552903487e-01 1.658486044325804265e-01 1.695317066929656058e-01 1.739518077113567929e-01 1.789721602716582149e-01 1.844503626025660592e-01 1.902506852576662244e-01 1.962511570384053994e-01 2.023466873012769174e-01 2.084496275591802839e-01 2.144888691762577015e-01 2.204082151116032451e-01 2.261644762337516323e-01 2.317255462721170001e-01 2.370685874271132032e-01 2.421783877411339547e-01 2.470459121282849169e-01 2.516670481111443203e-01 2.560415365863175086e-01 2.601720726475211243e-01 2.640635591203370214e-01 2.677224947149063894e-01 2.711564789261723396e-01 2.743738166561842662e-01 2.773832067863646889e-01 2.801935004359077941e-01 2.828135162820338833e-01 2.852519019871694317e-01 2.875170323972820463e-01 2.896169366865209427e-01 2.915592479887367250e-01 2.933511702573469715e-01 2.949994581268136074e-01 2.965104064177471743e-01 2.978898466462664429e-01 2.991431484834638499e-01 3.002752245808862352e-01 3.012905375508685424e-01 3.021931081831841226e-01 3.029865242068123243e-01 3.036739490806395492e-01 3.042581304305578271e-01 3.047414078517114433e-01 3.051257198709334539e-01 3.054126099215726531e-01 3.056032312256630745e-01 3.056983505104274301e-01 3.056983505104274301e-01
1.715845441841159225e-01 1.715845441841159225e-01 1.724565321108591787e-01 1.741867400079436801e-01 1.767391464406423141e-01 1.800469925446909758e-01 1.840153649508224076e-01 1.885314135670725644e-01 1.934759068117830327e-01 1.987325882346766825e-01 2.041943788631237211e-01 2.097667559784093250e-01 2.153690413099947354e-01 2.209343179706309557e-01 2.264085397577270398e-01 2.317492255867660000e-01 2.369239920887743212e-01 2.419090773846581111e-01 2.466879428422491805e-01 2.512499979251687221e-01 2.555894677923354341e-01 2.597044080660925736e-01 2.635958621939286095e-01 2.672671516539250613e-01 2.707232864632092562e-01 2.739704821998169004e-01 2.770157695292473909e-01 2.798666827022486259e-01 2.825310144208165730e-01 2.850166256738030923e-01 2.873313004818965344e-01 2.894826368581432385e-01 2.914779666084069132e-01 2.933242978157935554e-01 2.950282749450067743e-01 2.965961524543702099e-01 2.980337786145347279e-01 2.993465869114223521e-01 3.005395929693151502e-01 3.016173953830519339e-01 3.025841792114357665e-01 3.034437211719436811e-01 3.041993958031081191e-01 3.048541820372969724e-01 3.054106697631349121e-01 3.058710660618857435e-01 3.062372008826745873e-01 3.065105319830713770e-01 3.066921490088057589e-01 3.067827766228640174e-01 3.067827766228640174e-01
1.831373782363981961e-01 1.831373782363981961e-01 1.839212927403346409e-01 1.854726037468027444e-01 1.877548291767343891e-01 1.907086527529158193e-01 1.942541484087748072e-01 1.982973004533357952e-01 2.027378887324285950e-01 2.074765031512349756e-01 2.124197171845867704e-01 2.174833268804871877e-01 2.225939740180591653e-01 2.276895846628993747e-01 2.327190212041164719e-01 2.376412617908928715e-01 2.424243330506994920e-01 2.470441485328290221e-01 2.514833503920074209e-01 2.557302132398512895e-01 2.597776429871524462e-01 2.636222862390533717e-01 2.672637545773913770e-01 2.707039609032838579e-01 2.739465606098520634e-01 2.769964878504044270e-01 2.798595759856896126e-01 2.825422510324632763e-01 2.850512872995192293e-01 2.873936151631436009e-01 2.895761719312086591e-01 2.916057878460130981e-01 2.934891003882575400e-01 2.952324911056515844e-01 2.968420401609488946e-01 2.983234946555356482e-01 2.996822475294058097e-01 3.009233244689845099e-01 3.020513767791110360e-01 3.030706786059604307e-01 3.039851272463964804e-01 3.047982455587605610e-01 3.055131857121655692e-01 3.061327336864875792e-01 3.066593140725174527e-01 3.070949948288877462e-01 3.074414917358082588e-01 3.077001723506094244e-01 3.078720593208866818e-01 3.079578329511485912e-01 3.079578329511485912e-01
1.947052307599448639e-01 1.947052307599448639e-01 1.954033274809296727e-01 1.967832180569442646e-01 1.988111443922311594e-01 2.014354157540836632e-01 2.045885198649451120e-01 2.081916637717280139e-01 2.121603536509488463e-01 2.164096758447613678e-01 2.208585120771713317e-01 2.254324543870261099e-01 2.300655118300357349e-01 2.347008441759361741e-01 2.392907862143673625e-01 2.437963980903433969e-01 2.481867290408855675e-01 2.524379331150360950e-01 2.565323338739328163e-01 2.604575026308227903e-01 2.642053907606762841e-01 2.677715393738175909e-01 2.711543775740668516e-01 2.743546122580524105e-01 2.773747069339002058e-01 2.802184435920396233e-01 2.828905596953051882e-01 2.853964514554879761e-01 2.877419344118879452e-01 2.899330526787947671e-01 2.919759288939728914e-01 2.938766477361720586e-01 2.956411667820911804e-01 2.972752493696282361e-01 2.987844149778287606e-01 3.001739033976220661e-01 3.014486496386651893e-01 3.026132670940002711e-01 3.036720369698875377e-01 3.046289023910799254e-01 3.054874659217717836e-01 3.062509895098060042e-01 3.069223960764570491e-01 3.075042721453449257e-01 3.079988710398762763e-01 3.084081162859620973e-01 3.087336049415059236e-01 3.089766106411319102e-01 3.091380861978521577e-01 3.092186656461681782e-01 3.092186656461681782e-01
2.062214266742784796e-01 2.062214266742784796e-01 2.068385869579781322e-01 2.080580393497363234e-01 2.098498873369618878e-01 2.121696941824121885e-01 2.149604351109497269e-01 2.181558718189963997e-01 2.216846498243354446e-01 2.254743244178326611e-01 2.294547634393022395e-01 2.335606794909131367e-01 2.377332744725779434e-01 2.419211095992511995e-01 2.460803657073548367e-01 2.501746619793555615e-01 2.541745805588410678e-01 2.580570154683917150e-01 2.618044351939485259e-01 2.654041229895130471e-01 2.688474384776600723e-01 2.721291282999437344e-01 2.752467017488937628e-01 2.781998787375788429e-01 2.809901114461400562e-01 2.836201769489518631e-01 2.860938355989821047e-01 2.884155485450331513e-01 2.905902471739930659e-01 2.926231472564913005e-01 2.945196009352852862e-01 2.962849802812876909e-01 2.979245868410281273e-01 2.994435823323979284e-01 3.008469363597860435e-01 3.021393876824787772e-01 3.033254161639015734e-01 3.044092230470752392e-01 3.053947176438439604e-01 3.062855088967275097e-01 3.070849005797730569e-01 3.077958891566735522e-01 3.084211635189024192e-01 3.089631059914518252e-01 3.094237941259638247e-01 3.098050029067420108e-01 3.101082070795699863e-01 3.103345833808693333e-01 3.104850124991976879e-01 3.105600806455046103e-01 3.105600806455046103e-01
2.176455074625145703e-01 2.176455074625145703e-01 2.181875369959331568e-01 2.192585577191387414e-01 2.208327271490872767e-01 2.228722145419208822e-01 2.253289349429377642e-01 2.281471602637152873e-01 2.312666231127691596e-01 2.346256314992017089e-01 2.381638109177136586e-01 2.418242596356772744e-01 2.455550561284927380e-01 2.493101613657164317e-01 2.530498131809556517e-01 2.567405282092948826e-01 2.603548230568405453e-01 2.638707515169284035e-01 2.672713359331747029e-01 2.705439522651806872e-01 2.736797119680650092e-01 2.766728701390911427e-01 2.795202785480258023e-01 2.822208938888827179e-01 2.847753454978275145e-01 2.871855624878763003e-01 2.894544573925321163e-01 2.915856616644010857e-01 2.935833074626174044e-01 2.954518498514416280e-01 2.971959236322010423e-01 2.988202293927513797e-01 3.003294438698909663e-01 3.017281502985614261e-01 3.030207850105652856e-01 3.042115971083093062e-01 3.053046185542992452e-01 3.063036424742546782e-01 3.072122078677836932e-01 3.080335892573684009e-01 3.087707900886226264e-01 3.094265389284581724e-01 3.100032876994887610e-01 3.105032113451261511e-01 3.109282084463341200e-01 3.112799024132217873e-01 3.115596429571949599e-01 3.117685076162100000e-01 3.119073031601401480e-01 3.119765667482011229e-01 3.119765667482011229e-01
2.289554280321706159e-01 2.289554280321706159e-01 2.294281822502334534e-01 2.303625076166577468e-01 2.317363991870400874e-01 2.335178942802471624e-01 2.356665640875379997e-01 2.381355790687699758e-01 2.408741146061985916e-01 2.438297928574369167e-01 2.469508953212074254e-01 2.501881746125624861e-01 2.534961931172155514e-01 2.568341935645449547e-01 2.601665550396979887e-01 2.634629112307951271e-01 2.666980130685450145e-01 2.698514124221846333e-01 2.729070325653923934e-01 2.758526783005996186e-01 2.786795260455752210e-01 2.813816229387629542e-01 2.839554145651875250e-01 2.863993133259833956e-01 2.887133136547576084e-01 2.908986560093276275e-01 2.929575385874608751e-01 2.948928737773170439e-01 2.967080852218831888e-01 2.984069408441681892e-01 2.999934170713688952e-01 3.014715896703047959e-01 3.028455469535134559e-01 3.041193215540361483e-01 3.052968374393860707e-01 3.063818693027880458e-01 3.073780119085419149e-01 3.082886573650632789e-01 3.091169786481797188e-01 3.098659179979778577e-01 3.105381790674348608e-01 3.111362219144358510e-01 3.116622601055963337e-01 3.121182593457325627e-01 3.125059371657921137e-01 3.128267632990966440e-01 3.130819604548602531e-01 3.132725052626185169e-01 3.133991292144318597e-01 3.134623194760717824e-01 3.134623194760717824e-01
2.401422910288881774e-01 2.401422910288881774e-01 2.405512431935061257e-01 2.413596942292282055e-01 2.425491106638154037e-01 2.440926762472372946e-01 2.459565455904235143e-01 2.481014949697402105e-01 2.504848148142702624e-01 2.530622429419153718e-01 2.557897525035827679e-01 2.586250617293727738e-01 2.615287964655648723e-01 2.644652923362070807e-01 2.674030630972224487e-01 2.703149848261258148e-01 2.731782551316498386e-01 2.759741866968901669e-01 2.786878889223593503e-01 2.813078830643740424e-01 2.838256870149009625e-01 2.862353969436168266e-01 2.885332850825700346e-01 2.907174262742346915e-01 2.927873605883324348e-01 2.947437952662363969e-01 2.965883463236084761e-01 2.983233181489232666e-01 2.999515181892962179e-01 3.014761031391815504e-01 3.029004527873152552e-01 3.042280677040088976e-01 3.054624871622622084e-01 3.066072240044416808e-01 3.076657135350779892e-01 3.086412739007690642e-01 3.095370757850974264e-01 3.103561195849906529e-01 3.111012185375771066e-01 3.117749865308321322e-01 3.123798295579283679e-01 3.129179399668624018e-01 3.133912928172938317e-01 3.138016437896246069e-01 3.141505282011856082e-01 3.144392607747489299e-01 3.146689358788657409e-01 3.148404280207519612e-01 3.149543924232541814e-01 3.150112655600913469e-01 3.150112655600913469e-01
2.512067490658816404e-01 2.512067490658816404e-01 2.515567912356108105e-01 2.522489785298067111e-01 2.532678560039575699e-01 2.545911014202124623e-01 2.561905608418861280e-01 2.580335720566930835e-01 2.600844650982661599e-01 2.623061010922397851e-01 2.646613165792864319e-01 2.671141715576292874e-01 2.696309410264788320e-01 2.721808295858271776e-01 2.747364198336197383e-01 2.772738858249898519e-01 2.797730135944374585e-01 2.822170738721003214e-01 2.845925900695037147e-01 2.868890394857838699e-01 2.890985191178320757e-01 2.912154005794724276e-01 2.932359921631640942e-01 2.951582204133428866e-01 2.969813388976444424e-01 2.987056681835024152e-01 3.003323682816184115e-01 3.018632428819287838e-01 3.033005734384111585e-01 3.046469804123491110e-01 3.059053086275229649e-01 3.070785336119595255e-01 3.081696859071691996e-01 3.091817905456918369e-01 3.101178191782258398e-01 3.109806526351786005e-01 3.117730520091333002e-01 3.124976366289572982e-01 3.131568675544861846e-01 3.137530354491529505e-01 3.142882518860281582e-01 3.147644433119272667e-01 3.151833470370669632e-01 3.155465087372590349e-01 3.158552810550312451e-01 3.161108229684257420e-01 3.163140996644246972e-01 3.164658827105499839e-01 3.165667503654644444e-01 3.166170879093655466e-01 3.166170879093655466e-01
2.621565208578994222e-01 2.621565208578994222e-01 2.624518846224214164e-01 2.630360966961839964e-01 2.638964161923926244e-01 2.650144534712664535e-01 2.663670131440959987e-01 2.679271523520970200e-01 2.696653721314651864e-01 2.715508425552820015e-01 2.735525650050371071e-01 2.756403939398985870e-01 2.777858680159325244e-01 2.799628286730809767e-01 2.821478282012664374e-01 2.843203464966215233e-01 2.864628460238572982e-01 2.885606989179959059e-01 2.906020201698794603e-01 2.925774379413740300e-01 2.944798275266301557e-01 2.963040302946353122e-01 2.980465737986423003e-01 2.997054045483018014e-01 3.012796409389256747e-01 3.027693506020892045e-01 3.041753539674164619e-01 3.054990540321274040e-01 3.067422911179810141e-01 3.079072206408030588e-01 3.089962115166498546e-01 3.100117626841895624e-01 3.109564352545955979e-01 3.118327979444220355e-01 3.126433836554727286e-01 3.133906553039075282e-01 3.140769792450301412e-01 3.147046048751530045e-01 3.152756492086854490e-01 3.157920854227138641e-01 3.162557345313927182e-01 3.166682594989834176e-01 3.170311612250165667e-01 3.173457759400917788e-01 3.176132736387450861e-01 3.178346572491115296e-01 3.180107623001448003e-01 3.181422568980802335e-01 3.182296418665872539e-01 3.182732509413694344e-01 3.182732509413694344e-01
2.730046677962029711e-01 2.730046677962029711e-01 2.732489038007414606e-01 2.737320863459902776e-01 2.744438752615145916e-01 2.753693484526498203e-01 2.764896774832769077e-01 2.777829667419097204e-01 2.792251939834164420e-01 2.807911795116155851e-01 2.824555127623697981e-01 2.841933772268833147e-01 2.859812332152367742e-01 2.877973381020067500e-01 2.896221017310763313e-01 2.914382885263822609e-01 2.932310869392506514e-01 2.949880715142204624e-01 2.966990839353569331e-01 2.983560579454940243e-01 2.999528099774733114e-01 3.014848135008567076e-01 3.029489710708016537e-01 3.043433942746968102e-01 3.056671984478440129e-01 3.069203162837775833e-01 3.081033323171183391e-01 3.092173386667870227e-01 3.102638113210575699e-01 3.112445055357055401e-01 3.121613685143706518e-01 3.130164673660240648e-01 3.138119303198917964e-01 3.145498992684198636e-01 3.152324918617512295e-01 3.158617715618815547e-01 3.164397242596939108e-01 3.169682402492965401e-01 3.174491005329201920e-01 3.178839665914594548e-01 3.182743728987136866e-01 3.186217215814377002e-01 3.189272787334951342e-01 3.191921719823717640e-01 3.194173889819713064e-01 3.196037765689760946e-01 3.197520403730181315e-01 3.198627447152633807e-01 3.199363126673739344e-01 3.199730261746366877e-01 3.199730261746366877e-01
2.837684034611290262e-01 2.837684034611290262e-01 2.839643866185226906e-01 2.843521606848666838e-01 2.849235313712164541e-01 2.856666731990080144e-01 2.865666595901751323e-01 2.876061171443700659e-01 2.887659569674546067e-01 2.900261293481735669e-01 2.913663491243351777e-01 2.927667471888860673e-01 2.942084163316469603e-01 2.956738339840473406e-01 2.971471578643582467e-01 2.986144013609273729e-01 3.000635030364587341e-01 3.014843089132220877e-01 3.028684876837103301e-01 3.042093983646971256e-01 3.055019278836467178e-01 3.067423132846834322e-01 3.079279601663821864e-01 3.090572659724896698e-01 3.101294540749012230e-01 3.111444223331898407e-01 3.121026080230973054e-01 3.130048696792840923e-01 3.138523854443771577e-01 3.146465668907800772e-01 3.153889869145104496e-01 3.160813201267455019e-01 3.167252941327533544e-01 3.173226501437381164e-01 3.178751114793390564e-01 3.183843586608416376e-01 3.188520099490439463e-01 3.192796063338014245e-01 3.196686001268592148e-01 3.200203464413824417e-01 3.203360969587059626e-01 3.206169954849084625e-01 3.208640748875214443e-01 3.210782550772232069e-01 3.212603417622266200e-01 3.214110257558074890e-01 3.215308826615938531e-01 3.216203727982641647e-01 3.216798412565355370e-01 3.217095180079360683e-01 3.217095180079360683e-01
2.944682881095712634e-01 2.944682881095712634e-01 2.946182302274796827e-01 2.949149197915292842e-01 2.953521129665443445e-01 2.959207993196693032e-01 2.966096037780003858e-01 2.974052808316285934e-01 2.982932659479436976e-01 2.992582450184616549e-01 3.002847034652732505e-01 3.013574221388030105e-01 3.024618959243072780e-01 3.035846611401948891e-01 3.047135276032834628e-01 3.058377194142656852e-01 3.069479344480144367e-01 3.080363361076691175e-01 3.090964923698921729e-01 3.101232769576528492e-01 3.111127461334967093e-01 3.120620025869395575e-01 3.129690555888803849e-01 3.138326842965385999e-01 3.146523090070411088e-01 3.154278733829539716e-01 3.161597392487363045e-01 3.168485944768580365e-01 3.174953737112046759e-01 3.181011911641420387e-01 3.186672844189697984e-01 3.191949680207560314e-01 3.196855956013643918e-01 3.201405293223332227e-01 3.205611155036424131e-01 3.209486654160671470e-01 3.213044403347156686e-01 3.216296400713616888e-01 3.219253943169645971e-01 3.221927562297505765e-01 3.224326977967544305e-01 3.226461065774398063e-01 3.228337835073810669e-01 3.229964414989293098e-01 3.231347046254458566e-01 3.232491077173099137e-01 3.233400962327035444e-01 3.234080262952945817e-01 3.234531648154305716e-01 3.234756896322685815e-01 3.234756896322685815e-01
3.051277112103295552e-01 3.051277112103295552e-01 3.052331705659863670e-01 3.054418219916915089e-01 3.057492349944859744e-01 3.061490175321905371e-01 3.066331020829877185e-01 3.071920965348773902e-01 3.078156751901103272e-01 3.084929825711248963e-01 3.092130233038687948e-01 3.099650150167885809e-01 3.107386870929649825e-01 3.115245150599322277e-01 3.123138872344660699e-01 3.130992060783664432e-01 3.138739310671165850e-01 3.146325725846349508e-01 3.153706475602027770e-01 3.160846075442089176e-01 3.167717490277436876e-01 3.174301143906101963e-01 3.180583902059309631e-01 3.186558079598991178e-01 3.192220507122097151e-01 3.197571679115884802e-01 3.202614995258898367e-01 3.207356098456017879e-01 3.211802307488592634e-01 3.215962138392006731e-01 3.219844906447455468e-01 3.223460399612623206e-01 3.226818613984225315e-01 3.229929542209241666e-01 3.232803006426930303e-01 3.235448528170921101e-01 3.237875228577442588e-01 3.240091753156746357e-01 3.242106216243412220e-01 3.243926161021661314e-01 3.245558531712558481e-01 3.247009655109439619e-01 3.248285229160082777e-01 3.249390316726791794e-01 3.250329343017731021e-01 3.251106095484302405e-01 3.251723725229391793e-01 3.252184749178855805e-01 3.252491052441539576e-01 3.252643890428745244e-01 3.252643890428745244e-01
3.157725986886916192e-01 3.157725986886916192e-01 3.158344800423220633e-01 3.159568621618573658e-01 3.161370483793302655e-01 3.163711508413162288e-01 3.166542675243770866e-01 3.169806991953753594e-01 3.173441910566398572e-01 3.177381822203155237e-01 3.181560464586075665e-01 3.185913098411850553e-01 3.190378344437903024e-01 3.194899616016459443e-01 3.199426124751942879e-01 3.203913474252481075e-01 3.208323885130680564e-01 3.212626112260870692e-01 3.216795123387319877e-01 3.220811608212288957e-01 3.224661381303237095e-01 3.228334732800632323e-01 3.231825769943880156e-01 3.235131781372673765e-01 3.238252646027902082e-01 3.241190299852921841e-01 3.243948266614415932e-01 3.246531254004423883e-01 3.248944812577819752e-01 3.251195052770048943e-01 3.253288413953101532e-01 3.255231478961190805e-01 3.257030827523197947e-01 3.258692922390313829e-01 3.260224022500605723e-01 3.261630118172395565e-01 3.262916883992545980e-01 3.264089645716766741e-01 3.265153358098953906e-01 3.266112591101306140e-01 3.266971522401729833e-01 3.267733934511258265e-01 3.268403215146766239e-01 3.268982359779929459e-01 3.269473975509650243e-01 3.269880285589488733e-01 3.270203134090997610e-01 3.270443990304658377e-01 3.270603952578000073e-01 3.270683751370397907e-01 3.270683751370397907e-01
3.264313044885282511e-01 3.264313044885282511e-01 3.264498448027224331e-01 3.264864211138273631e-01 3.265400496743018910e-01 3.266093156991928259e-01 3.266924423772056829e-01 3.267873760218175661e-01 3.268918814566206255e-01 3.270036408092714120e-01 3.271203487482323702e-01 3.272397979119629485e-01 3.273599497113909296e-01 3.274789875440013986e-01 3.275953514051667681e-01 3.277077546259450913e-01 3.278151848094880139e-01 3.279168918939676658e-01 3.280123666478370614e-01 3.281013128786758881e-01 3.281836163189616462e-01 3.282593126562138308e-01 3.283285566036732717e-01 3.283915933405320842e-01 3.284487331412454525e-01 3.285003295911408383e-01 3.285467614606410458e-01 3.285884180795965448e-01 3.286256879048786161e-01 3.286589498930256870e-01 3.286885672591371987e-01 3.287148832083915950e-01 3.287382182548528875e-01 3.287588687836469070e-01 3.287771065597232534e-01 3.287931789341617672e-01 3.288073095440606219e-01 3.288196993425837600e-01 3.288305278309079371e-01 3.288399543934241165e-01 3.288481196618762148e-01 3.288551468536803912e-01 3.288611430450611994e-01 3.288662003515167020e-01 3.288703969970923069e-01 3.288737982605431376e-01 3.288764572911965778e-01 3.288784157905679240e-01 3.288797045579087142e-01 3.288803438991225181e-01 3.288803438991225181e-01
3.371346626135197644e-01 3.371346626135197644e-01 3.371093981902852366e-01 3.370592632359851182e-01 3.369850283857654949e-01 3.368878085762181951e-01 3.367690186284143516e-01 3.366303209717829148e-01 3.364735697042214868e-01 3.363007546726951569e-01 3.361139483980197795e-01 3.359152577126683914e-01 3.357067811275578628e-01 3.354905722986278871e-01 3.352686095474230465e-01 3.350427711649832663e-01 3.348148161328302064e-01 3.345863698670041853e-01 3.343589145849306665e-01 3.341337838846714647e-01 3.339121611039626569e-01 3.336950809961360398e-01 3.334834342306480237e-01 3.332779742067470963e-01 3.330793256662635260e-01 3.328879946081842456e-01 3.327043790425976977e-01 3.325287801711856450e-01 3.323614136408206132e-01 3.322024205808206676e-01 3.320518781983890499e-01 3.319098097670472036e-01 3.317761938969004398e-01 3.316509730219003305e-01 3.315340610773193641e-01 3.314253503705897330e-01 3.313247176711001662e-01 3.312320295603872200e-01 3.311471470944462592e-01 3.310699298356448161e-01 3.310002393139260812e-01 3.309379419765134944e-01 3.308829116828868599e-01 3.308350317979975030e-01 3.307941969320107312e-01 3.307603143696399295e-01 3.307333052266469009e-01 3.307131053655028019e-01 3.306996660966414203e-01 3.306929546862608649e-01 3.306929546862608649e-01
3.479161887064692871e-01 3.479161887064692871e-01 3.478458989668347101e-01 3.477066699315742859e-01 3.475011379254872579e-01 3.472331019184357048e-01 3.469073525595308682e-01 3.465294679465441563e-01 3.461055921829949700e-01 3.456422123846345507e-01 3.451459477403440168e-01 3.446233610681538884e-01 3.440807996781417022e-01 3.435242688350171325e-01 3.429593381126711527e-01 3.423910786635533943e-01 3.418240279288329853e-01 3.412621775131683410e-01 3.407089797000835141e-01 3.401673682328428261e-01 3.396397893863327688e-01 3.391282398900909989e-01 3.386343088446406857e-01 3.381592213445147599e-01 3.377038820465459446e-01 3.372689173828557485e-01 3.368547155078119859e-01 3.364614633877345828e-01 3.360891806964105832e-01 3.357377503758552928e-01 3.354069458684420524e-01 3.350964551317682227e-01 3.348059016191526349e-01 3.345348624534585369e-01 3.342828840460574935e-01 3.340494954213399370e-01 3.338342195044868288e-01 3.336365826196665552e-01 3.334561224301229587e-01 3.332923945328446491e-01 3.331449779002114142e-01 3.330134793403231597e-01 3.328975371274098261e-01 3.327968239342978807e-01 3.327110491806795634e-01 3.326399608940248109e-01 3.325833471644230599e-01 3.325410372603844200e-01 3.325129024595487870e-01 3.324988566361915532e-01 3.324988566361915532e-01
3.588124313372425545e-01 3.588124313372425545e-01 3.586950531812219123e-01 3.584627052790956281e-01 3.581200832470897710e-01 3.576739386871660153e-01 3.571327588326149161e-01 3.565063848422670434e-01 3.558055997472331922e-01 3.550417163784415631e-01 3.542261915451913601e-01 3.533702863770524227e-01 3.524847854024140692e-01 3.515797798277869313e-01 3.506645144737179920e-01 3.497472933689511621e-01 3.488354361858791997e-01 3.479352763396760251e-01 3.470521913571512074e-01 3.461906567003527613e-01 3.453543152857249110e-01 3.445460562167362295e-01 3.437680975624041735e-01 3.430220692475144939e-01 3.423090932065266934e-01 3.416298588644030021e-01 3.409846927415437490e-01 3.403736215495080097e-01 3.397964285699044407e-01 3.392527034142001074e-01 3.387418854703645454e-01 3.382633014743569588e-01 3.378161977187648102e-01 3.373997674426331694e-01 3.370131739479823585e-01 3.366555699693527526e-01 3.363261137903516551e-01 3.360239825611244791e-01 3.357483832269612112e-01 3.354985614337047672e-01 3.352738087321510130e-01 3.350734683624458365e-01 3.348969398612758885e-01 3.347436826997504666e-01 3.346132191283360258e-01 3.345051363769147024e-01 3.344190883327507469e-01 3.343547967965502243e-01 3.343120523965354418e-01 3.342907152221356593e-01 3.342907152221356593e-01
3.698634839006409991e-01 3.698634839006409991e-01 3.696959884420572551e-01 3.693646186544806698e-01 3.688764245318527091e-01 3.682415188282060492e-01 3.674725715630591250e-01 3.665842109697782236e-01 3.655923818391343949e-01 3.645137105953739076e-01 3.633649190191188261e-01 3.621623173095622206e-01 3.609213945740006313e-01 3.596565129880059941e-01 3.583807022311569224e-01 3.571055440224261690e-01 3.558411326467852964e-01 3.545960958484909442e-01 3.533776607470993092e-01 3.521917508770100458e-01 3.510431025180174025e-01 3.499353907628822147e-01 3.488713579819943122e-01 3.478529393319482188e-01 3.468813816372047221e-01 3.459573533333847872e-01 3.450810442144652823e-01 3.442522545106458387e-01 3.434704733828504719e-01 3.427349472980105172e-01 3.420447389870230892e-01 3.413987778195767819e-01 3.407959024857696861e-01 3.402348968766442661e-01 3.397145200222247974e-01 3.392335308898286605e-01 3.387907087771173664e-01 3.383848699606130106e-01 3.380148811859921554e-01 3.376796705145768684e-01 3.373782359729914360e-01 3.371096523909960507e-01 3.368730767564927508e-01 3.366677523666231076e-01 3.364930120094751231e-01 3.363482803717455227e-01 3.362330758332156000e-01 3.361470117784970402e-01 3.360897975295740747e-01 3.360612389786011289e-01 3.360612389786011289e-01
3.811136795737752880e-01 3.811136795737752880e-01 3.808918998269997247e-01 3.804533975521288691e-01 3.798080022198745409e-01 3.789697741846445589e-01 3.779562604567376360e-01 3.767876188720912234e-01 3.754856894051256666e-01 3.740730876987001241e-01 3.725723827630909035e-01 3.710054019217418064e-01 3.693926857329326574e-01 3.677530973456955565e-01 3.661035767004723329e-01 3.644590208663257558e-01 3.628322672511649083e-01 3.612341554741442806e-01 3.596736452174105758e-01 3.581579703359343281e-01 3.566928130783468820e-01 3.552824858880961889e-01 3.539301115657988994e-01 3.526377954059154440e-01 3.514067852186838481e-01 3.502376169302910958e-01 3.491302447789012553e-01 3.480841560660164480e-01 3.470984710581473398e-01 3.461720290331369299e-01 3.453034616889774644e-01 3.444912552299587705e-01 3.437338024544513426e-01 3.430294461203636791e-01 3.423765147804888609e-01 3.417733521766220806e-01 3.412183411697076729e-01 3.407099230710011195e-01 3.402466131311889797e-01 3.398270128435672000e-01 3.394498196252624944e-01 3.391138343577077552e-01 3.388179671940898530e-01 3.385612419768038728e-01 3.383427995513952347e-01 3.381619002141699193e-01 3.380179254877431205e-01 3.379103793813407752e-01 3.378388892598066517e-01 3.378032064161336501e-01 3.378032064161336501e-01
3.926125053004859145e-01 3.926125053004859145e-01 3.923308987152410165e-01 3.917744931868653024e-01 3.909564944962813371e-01 3.898957304007371061e-01 3.886155886900562462e-01 3.871427775575752017e-01 3.855060271330936206e-01 3.837348433331622122e-01 3.818584022837051006e-01 3.799046423650898618e-01 3.778995789527497817e-01 3.758668398719427484e-01 3.738274003375224308e-01 3.717994850804035578e-01 3.697986012289582458e-01 3.678376663869573071e-01 3.659272002855087358e-01 3.640755537854117874e-01 3.622891547311183347e-01 3.605727555043836130e-01 3.589296717319366836e-01 3.573620053402715713e-01 3.558708480402584251e-01 3.544564634598376673e-01 3.531184476509475201e-01 3.518558687067769863e-01 3.506673868557129703e-01 3.495513567493537255e-01 3.485059138147622027e-01 3.475290465587560496e-01 3.466186566419253157e-01 3.457726084169857605e-01 3.449887694746718303e-01 3.442650435776866691e-01 3.435993972005225161e-01 3.429898807373704117e-01 3.424346452959856069e-01 3.419319558643532098e-01 3.414802015199835394e-01 3.410779032484430595e-01 3.407237198475080442e-01 3.404164523150124411e-01 3.401550470507894719e-01 3.399385981447631266e-01 3.397663489729486064e-01 3.396376932796139059e-01 3.395521758859931793e-01 3.395094931326261833e-01 3.395094931326261833e-01
4.044157874123959218e-01 4.044157874123959218e-01 4.040671104220938670e-01 4.033787522198444275e-01 4.023681240765131784e-01 4.010599547463788994e-01 3.994847948646549352e-01 3.976772864567933996e-01 3.956743761608508825e-01 3.935136354839496864e-01 3.912318113817240817e-01 3.888636789456597631e-01 3.864412183569990722e-01 3.839930993676511362e-01 3.815444317144926489e-01 3.791167281630330455e-01 3.767280252136119278e-01 3.743931112735846001e-01 3.721238201589094352e-01 3.699293568509190999e-01 3.678166310711973863e-01 3.657905817089873168e-01 3.638544811744461871e-01 3.620102133760137453e-01 3.602585223967989525e-01 3.585992312949362049e-01 3.570314320012183407e-01 3.555536482353015559e-01 3.541639738766977352e-01 3.528601894407983330e-01 3.516398593237242132e-01 3.505004123667632698e-01 3.494392081042940190e-01 3.484535908350401279e-01 3.475409334197590572e-01 3.466986724748754023e-01 3.459243364107053575e-01 3.452155675600590556e-01 3.445701394605603096e-01 3.439859701924526947e-01 3.434611325322735609e-01 3.429938615601679230e-01 3.425825602530255254e-01 3.422258035051342628e-01 3.419223409407400882e-01 3.416710988169496810e-01 3.414711812590723872e-01 3.413218710221951335e-01 3.412226299310791577e-01 3.411730991140278779e-01 3.411730991140278779e-01
4.165872222237413380e-01 4.165872222237413380e-01 4.161620844073881109e-01 4.153236004303492157e-01 4.140945363804254820e-01 4.125070863303099133e-01 4.106007722915406832e-01 4.084200360102455685e-01 4.060117934211070478e-01 4.034231928545476964e-01 4.006997471171540592e-01 3.978839239397160554e-01 3.950142028475066014e-01 3.921245523190408089e-01 3.892442515608430242e-01 3.863979720835887810e-01 3.836060388355480577e-01 3.808848026008010423e-01 3.782470699525118940e-01 3.757025512803498501e-01 3.732582997436586503e-01 3.709191238825954584e-01 3.686879640730841845e-01 3.665662283482292172e-01 3.645540867378607719e-01 3.626507256038034033e-01 3.608545648234681158e-01 3.591634413826635397e-01 3.575747631978087315e-01 3.560856369583954573e-01 3.546929735768246661e-01 3.533935745335602396e-01 3.521842020636998249e-01 3.510616357806061738e-01 3.500227179940108568e-01 3.490643896658805478e-01 3.481837186631784875e-01 3.473779217144121745e-01 3.466443812561161297e-01 3.459806581643058432e-01 3.453845012018418870e-01 3.448538538726643177e-01 3.443868592550012320e-01 3.439818632850828450e-01 3.436374168779413041e-01 3.433522772001360024e-01 3.431254083485399398e-01 3.429559816377353854e-01 3.428433756543792787e-01 3.427871761985867294e-01 3.427871761985867294e-01
4.292003496403442586e-01 4.292003496403442586e-01 4.286866018599197470e-01 4.276745377944678461e-01 4.261938744964154369e-01 4.242864373291548863e-01 4.220032017454161122e-01 4.194009282944792250e-01 4.165388103396817643e-01 4.134754954328843102e-01 4.102667121621466073e-01 4.069635902032121000e-01 4.036116446935173463e-01 4.002503240916257532e-01 3.969129907926429168e-01 3.936272040374142467e-01 3.904151919601300258e-01 3.872944236460389988e-01 3.842782162639533095e-01 3.813763333359273533e-01 3.785955468170402183e-01 3.759401479278905445e-01 3.734124002326726921e-01 3.710129340816137877e-01 3.687410849983133732e-01 3.665951805283468867e-01 3.645727809714989776e-01 3.626708796619519393e-01 3.608860682975457701e-01 3.592146724277605063e-01 3.576528617071937366e-01 3.561967389813926466e-01 3.548424117400681421e-01 3.535860489745686341e-01 3.524239260248390737e-01 3.513524596007113754e-01 3.503682348131877400e-01 3.494680257504823584e-01 3.486488108766889749e-01 3.479077843131527237e-01 3.472423638789876033e-01 3.466501966129851842e-01 3.461291623700725739e-01 3.456773759776049504e-01 3.452931883467060814e-01 3.449751868585931303e-01 3.447221952827520530e-01 3.445332734307145484e-01 3.444077167040875964e-01 3.443450556566927667e-01 3.443450556566927667e-01
4.423410924091158436e-01 4.423410924091158436e-01 4.417229861723232509e-01 4.405070160426288739e-01 4.387320737105827595e-01 4.364526352414677679e-01 4.337345624201899286e-01 4.306503535752536638e-01 4.272745171807931786e-01 4.236796204158142509e-01 4.199333213026282818e-01 4.160964475614349345e-01 4.122220110682667804e-01 4.083549596213225108e-01 4.045324494919853020e-01 4.007844452204490371e-01 3.971344936647201451e-01 3.936005621133495391e-01 3.901958675286215650e-01 3.869296529915020599e-01 3.838078882757381405e-01 3.808338855105050103e-01 3.780088297285351118e-01 3.753322292347026079e-01 3.728022933705898989e-01 3.704162462870393968e-01 3.681705853978195497e-01 3.660612926969343817e-01 3.640840063544606986e-01 3.622341591320755727e-01 3.605070892810740002e-01 3.588981287588068891e-01 3.574026728515953821e-01 3.560162346334026506e-01 3.547344871197967708e-01 3.535532954904372360e-01 3.524687413422535331e-01 3.514771405905212087e-01 3.505750563471419223e-01 3.497593078661422328e-01 3.490269764481422898e-01 3.483754090316405483e-01 3.478022200636487482e-01 3.473052921305823104e-01 3.468827757381867660e-01 3.465330885531365257e-01 3.462549143557938636e-01 3.460472019009734890e-01 3.459091638392597368e-01 3.458402758136721600e-01 3.458402758136721600e-01
4.561109909106283999e-01 4.561109909106283999e-01 4.553680281628866289e-01 4.539087683474979928e-01 4.517843792095139754e-01 4.490662349237757867e-01 4.458398878688770162e-01 4.421982556530663633e-01 4.382351628234802954e-01 4.340401039897275326e-01 4.296946161675224141e-01 4.252702275623299055e-01 4.208277018726333529e-01 4.164172127323467199e-01 4.120791041575169178e-01 4.078449624026311837e-01 4.037388039416792140e-01 3.997782538212809045e-01 3.959756417540216122e-01 3.923389802698183382e-01 3.888728130273196304e-01 3.855789355409329211e-01 3.824569981909897720e-01 3.795050048144096855e-01 3.767197210834216659e-01 3.740970063761752118e-01 3.716320816268081084e-01 3.693197441387645052e-01 3.671545387981850483e-01 3.651308936644693248e-01 3.632432266038642665e-01 3.614860284899922283e-01 3.598539275210668187e-01 3.583417383842919524e-01 3.569444993158910617e-01 3.556574995414657492e-01 3.544762991178427303e-01 3.533967428178477199e-01 3.524149693891990842e-01 3.515274172657272267e-01 3.507308276030465244e-01 3.500222453430855696e-01 3.493990188753742787e-01 3.488587987518510514e-01 3.483995358213710647e-01 3.480194790761010348e-01 3.477171734413219140e-01 3.474914576901351748e-01 3.473414626229333613e-01 3.472666096163736227e-01 3.472666096163736227e-01
4.706311943789125429e-01 4.706311943789125429e-01 4.697365824935153533e-01 4.679826119898113368e-01 4.654370264375780608e-01 4.621941380000479382e-01 4.583660243487275854e-01 4.540725114461050538e-01 4.494320121611062313e-01 4.445546102810866707e-01 4.395378009573763789e-01 4.344645877819131585e-01 4.294033221072123818e-01 4.244086456749994740e-01 4.195230156106570241e-01 4.147784456909757722e-01 4.101982357230192777e-01 4.057985640138082606e-01 4.015898867993765720e-01 3.975781304523935411e-01 3.937656854761879544e-01 3.901522224665510130e-01 3.867353542287134682e-01 3.835111682759357321e-01 3.804746519937614591e-01 3.776200299964467821e-01 3.749410302750234569e-01 3.724310929697661754e-01 3.700835331397966388e-01 3.678916667937392471e-01 3.658489076794607109e-01 3.639488408750756188e-01 3.621852780357769364e-01 3.605522981891847722e-01 3.590442771966664837e-01 3.576559083752427481e-01 3.563822162753117473e-01 3.552185652094786428e-01 3.541606638076355562e-01 3.532045666171991782e-01 3.523466735622569068e-01 3.515837279110343716e-01 3.509128132693353219e-01 3.503313500118432899e-01 3.498370914781415153e-01 3.494281201917561752e-01 3.491028443050678276e-01 3.488599944277926967e-01 3.486986209596614206e-01 3.486180920170431352e-01 3.486180920170431352e-01
4.860469300615127275e-01 4.860469300615127275e-01 4.849656205178419777e-01 4.828495424677063941e-01 4.797888355235669366e-01 4.759094501208406269e-01 4.713599358151865926e-01 4.662961641964903925e-01 4.608680685831598178e-01 4.552106205502706726e-01 4.494392208572950964e-01 4.436485477357104967e-01 4.379136253479068985e-01 4.322920553790268738e-01 4.268266747788391213e-01 4.215481972986605541e-01 4.164776116958034957e-01 4.116282462635590389e-01 4.070074869904086179e-01 4.026181755481890168e-01 3.984597291774988337e-01 3.945290278650379068e-01 3.908211113765361344e-01 3.873297233429346398e-01 3.840477336140195597e-01 3.809674644210357952e-01 3.780809409118019992e-01 3.753800824395102098e-01 3.728568475649345348e-01 3.705033429800440592e-01 3.683119043723251940e-01 3.662751555207259258e-01 3.643860505554193385e-01 3.626379032483224019e-01 3.610244063672422010e-01 3.595396434737409552e-01 3.581780950337765113e-01 3.569346403098030973e-01 3.558045561890217368e-01 3.547835138559138346e-01 3.538675740233172551e-01 3.530531812836610328e-01 3.523371580215926002e-01 3.517166982341679016e-01 3.511893615295501592e-01 3.507530675154936217e-01 3.504060907414143222e-01 3.501470563198540442e-01 3.499749363224997634e-01 3.498890470208677050e-01 3.498890470208677050e-01
5.025309150181128670e-01 5.025309150181128670e-01 5.012175282000799204e-01 4.986512442665087530e-01 4.949519293026045097e-01 4.902899158293273496e-01 4.848651696688382473e-01 4.788827241402009438e-01 4.725330670464199523e-01 4.659807624085753330e-01 4.593603875502528799e-01 4.527773337638493767e-01 4.463111473784754923e-01 4.400197870043044412e-01 4.339438615862346582e-01 4.281104055468199499e-01 4.225360414333139691e-01 4.172295330529193769e-01 4.121937987192635378e-01 4.074274745365588646e-01 4.029261157028733442e-01 3.986831128391484791e-01 3.946903869864792913e-01 3.909389141667026224e-01 3.874191194068653532e-01 3.841211711290184461e-01 3.810351996596157975e-01 3.781514580392285052e-01 3.754604390154888671e-01 3.729529588108497218e-01 3.706202157461416791e-01 3.684538298897138131e-01 3.664458684479419692e-01 3.645888605063713483e-01 3.628758038878011627e-01 3.613001662505225808e-01 3.598558820583946938e-01 3.585373466780476526e-01 3.573394085696778855e-01 3.562573603158433744e-01 3.552869290616175180e-01 3.544242668074882863e-01 3.536659408944165528e-01 3.530089249415711006e-01 3.524505904361578401e-01 3.519886991273751264e-01 3.516213963397216702e-01 3.513472052922108069e-01 3.511650224875782489e-01 3.510741142177861707e-01 3.510741142177861707e-01
5.202797610243490301e-01 5.202797610243490301e-01 5.186779600483416575e-01 5.155488404068734321e-01 5.110491872589906226e-01 5.054128555480802421e-01 4.989147058546396507e-01 4.918281853792098590e-01 4.843958604764911913e-01 4.768163146750683534e-01 4.692428844127532472e-01 4.617886453769847188e-01 4.545336315919614734e-01 4.475320665082651028e-01 4.408186460000503293e-01 4.344136155317628867e-01 4.283267082141126170e-01 4.225601262585780837e-01 4.171107652523349252e-01 4.119718582859065448e-01 4.071341837186782664e-01 4.025869481734455357e-01 3.983184292346623190e-01 3.943164409147630334e-01 3.905686686129214436e-01 3.870629080521967857e-01 3.837872336097943315e-01 3.807301147687892628e-01 3.778804945038842233e-01 3.752278398023096706e-01 3.727621718664380635e-01 3.704740815910082530e-01 3.683547344673654411e-01 3.663958680027681325e-01 3.645897839544948171e-01 3.629293370932524798e-01 3.614079217748318307e-01 3.600194572741117760e-01 3.587583725927052658e-01 3.576195912697723300e-01 3.565985165892699427e-01 3.556910174747179854e-01 3.548934152859219981e-01 3.542024716746898783e-01 3.536153776136743976e-01 3.531297436805296841e-01 3.527435916558857021e-01 3.524553474762217031e-01 3.522638355699616586e-01 3.521682745958418237e-01 3.521682745958418237e-01
5.394818246756738489e-01 5.394818246756738489e-01 5.375313011140170349e-01 5.337069170607705582e-01 5.282011781863112931e-01 5.213414204004391816e-01 5.135165572490254515e-01 5.050974740077479597e-01 4.963929920045918043e-01 4.876384236443948028e-01 4.790021221697293718e-01 4.705985209814704251e-01 4.625014900629832448e-01 4.547555884772185308e-01 4.473847293979525408e-01 4.403985497199510712e-01 4.337969779165636863e-01 4.275734667973260517e-01 4.217172648751734143e-01 4.162150050209825203e-01 4.110518112890030329e-01 4.062120664232619083e-01 4.016799404655049255e-01 3.974397510941848344e-01 3.934762054024294464e-01 3.897745581635439494e-01 3.863207113546349714e-01 3.831012724878364306e-01 3.801035842111131213e-01 3.773157340453875963e-01 3.747265505762761850e-01 3.723255906068916876e-01 3.701031204865045110e-01 3.680500939067243293e-01 3.661581277957183245e-01 3.644194774666814629e-01 3.628270118361164309e-01 3.613741892827342927e-01 3.600550345420281406e-01 3.588641169055887814e-01 3.577965299042425995e-01 3.568478725901857995e-01 3.560142324883291964e-01 3.552921702558848871e-01 3.546787060680788861e-01 3.541713077340400972e-01 3.537678805384115721e-01 3.534667587995954929e-01 3.532666991337215512e-01 3.531668754136115251e-01 3.531668754136115251e-01
5.601804172752378186e-01 5.601804172752378186e-01 5.578534602222289251e-01 5.532251411892183945e-01 5.464802191958550992e-01 5.380890455406659445e-01 5.286248137017168780e-01 5.186017171129962966e-01 5.084120655419436252e-01 4.983268355604260624e-01 4.885202788225441739e-01 4.790972905834273710e-01 4.701157626825888114e-01 4.616027318142849056e-01 4.535654010035665151e-01 4.459984698039469175e-01 4.388889577520505569e-01 4.322193657600629235e-01 4.259697435500373053e-01 4.201190367909843904e-01 4.146459584081748639e-01 4.095295444224866244e-01 4.047495001104229329e-01 4.002864067279946481e-01 3.961218357164240089e-01 3.922384018799601746e-01 3.886197767448407725e-01 3.852506764113446946e-01 3.821168335584637088e-01 3.792049601087270072e-01 3.765027049184208607e-01 3.739986093995309457e-01 3.716820629855398517e-01 3.695432596762652788e-01 3.675731564372075044e-01 3.657634339182102567e-01 3.641064597479831133e-01 3.625952545231476698e-01 3.612234605209098670e-01 3.599853131080073543e-01 3.588756147847471101e-01 3.578897117844651032e-01 3.570234731406135564e-01 3.562732721324686214e-01 3.556359700237786692e-01 3.551089020149415520e-01 3.546898653374198074e-01 3.543771094283361678e-01 3.541693281330935417e-01 3.540656538941002740e-01 3.540656538941002740e-01
5.818006955344182662e-01 5.818006955344182662e-01 5.792289830246541982e-01 5.738949180003927175e-01 5.657652682869643845e-01 5.555305190883191857e-01 5.440827438798250260e-01 5.321616550124225187e-01 5.202691254608208249e-01 5.087068605251807707e-01 4.976395106200502405e-01 4.871466036032947589e-01 4.772573257792422918e-01 4.679719227641637169e-01 4.592744472238515230e-01 4.511402897002922963e-01 4.435406299394457630e-01 4.364450681684522992e-01 4.298231698814481971e-01 4.236453546903778955e-01 4.178833858279182856e-01 4.125106157418862440e-01 4.075020833019935562e-01 4.028345219493135176e-01 3.984863158770847180e-01 3.944374274674097292e-01 3.906693104741174594e-01 3.871648179002269430e-01 3.839081099894333104e-01 3.808845655037504940e-01 3.780806980342246160e-01 3.754840781960299689e-01 3.730832620055655746e-01 3.708677254040158022e-01 3.688278047003861748e-01 3.669546426059301369e-01 3.652401394876479412e-01 3.636769094593371165e-01 3.622582409404042636e-01 3.609780613361500690e-01 3.598309055227749687e-01 3.588118878522723043e-01 3.579166774245213789e-01 3.571414764049976043e-01 3.564830011959301825e-01 3.559384662961941892e-01 3.555055707106853369e-01 3.551824867935077790e-01 3.549678514312220590e-01 3.548607594928757658e-01 3.548607594928757658e-01
6.020743829223226262e-01 6.020743829223226262e-01 5.997740540862632752e-01 5.945044329213331480e-01 5.853443765391116438e-01 5.731994196051233281e-01 5.595201043540194430e-01 5.454545984156826677e-01 5.316820886676574265e-01 5.185374098042578872e-01 5.061578073075539974e-01 4.945791872857592253e-01 4.837883965992749724e-01 4.737497648255130089e-01 4.644183621088739389e-01 4.557466251707516514e-01 4.476876519737953419e-01 4.401967886469437818e-01 4.332323234887905938e-01 4.267557095136002565e-01 4.207315401428175505e-01 4.151274005474375195e-01 4.099136623314461603e-01 4.050632589514374104e-01 4.005514621671181774e-01 3.963556700462756432e-01 3.924552114505865386e-01 3.888311687510421222e-01 3.854662187618399516e-01 3.823444909553164739e-01 3.794514415823465048e-01 3.767737421663556741e-01 3.742991808410079946e-01 3.720165750877380550e-01 3.699156945556562048e-01 3.679871927872993553e-01 3.662225468147344842e-01 3.646140037238476683e-01 3.631545334065798269e-01 3.618377868300307054e-01 3.606580592477988678e-01 3.596102578634035596e-01 3.586898735292776697e-01 3.578929561288898276e-01 3.572160933453150666e-01 3.566563925682402769e-01 3.562114657340786361e-01 3.558794169315941391e-01 3.556588326391154631e-01 3.555487744898607749e-01 3.555487744898607749e-01
6.169017823050169103e-01 6.169017823050169103e-01 6.155566932958116411e-01 6.119009066934386620e-01 6.032195459957625516e-01 5.899426448837175041e-01 5.742062288593995367e-01 5.579549916380546204e-01 5.422496511097162353e-01 5.275067607838073158e-01 5.138315639090840214e-01 5.012036016368446312e-01 4.895575065645094148e-01 4.788155026788748492e-01 4.689001092850843544e-01 4.597388720876512958e-01 4.512658400683957627e-01 4.434217021979037776e-01 4.361533873607582601e-01 4.294134757270099967e-01 4.231595747795977025e-01 4.173537260067252674e-01 4.119618680289318102e-01 4.069533631328147161e-01 4.023005855611226922e-01 3.979785662404077828e-01 3.939646873898461910e-01 3.902384203906925086e-01 3.867811007663812806e-01 3.835757348026954672e-01 3.806068330619168383e-01 3.778602667357425227e-01 3.753231434050322002e-01 3.729836993193703654e-01 3.708312057768607950e-01 3.688558875807941839e-01 3.670488518831704350e-01 3.654020260042376012e-01 3.639081030504414671e-01 3.625604943478372699e-01 3.613532878705365547e-01 3.602812119796230395e-01 3.593396039018303956e-01 3.585243824730173223e-01 3.578320247523630315e-01 3.572595461819624840e-01 3.568044840253961070e-01 3.564648838698017963e-01 3.562392890205940410e-01 3.561267326576437187e-01 3.561267326576437187e-01
6.240515992629072084e-01 6.240515992629072084e-01 6.236669127470190199e-01 6.223655880855695210e-01 6.162077433411734528e-01 6.037381795473261148e-01 5.869551802946009200e-01 5.689123514874756538e-01 5.514584532485383717e-01 5.352474892126242167e-01 5.203901554787104811e-01 5.068162126455715288e-01 4.944087628145187874e-01 4.830480445556927238e-01 4.726244278535564614e-01 4.630412281374103878e-01 4.542142348054281631e-01 4.460702961948769252e-01 4.385457642371312081e-01 4.315850633531693736e-01 4.251394544607802195e-01 4.191659956537426290e-01 4.136266782461953673e-01 4.084877115906161982e-01 4.037189312578176592e-01 3.992933084279230438e-01 3.951865419599341900e-01 3.913767179446031030e-01 3.878440244060407660e-01 3.845705111858138125e-01 3.815398869691814521e-01 3.787373469649271684e-01 3.761494259952128383e-01 3.737638727492718083e-01 3.715695417540841872e-01 3.695563002567335831e-01 3.677149477292325219e-01 3.660371461229209311e-01 3.645153593364263145e-01 3.631428006347491855e-01 3.619133869800439940e-01 3.608216994172188108e-01 3.598629488076172112e-01 3.590329463281866640e-01 3.583280782568206146e-01 3.577452846511175455e-01 3.572820416009961364e-01 3.569363467981522819e-01 3.567067082195339300e-01 3.565921357696940630e-01 3.565921357696940630e-01
6.258857141258599155e-01 6.258857141258599155e-01 6.258857141258599155e-01 6.258857141258599155e-01 6.224618057744960575e-01 6.125420554138537588e-01 5.963660858726010927e-01 5.774652368936616931e-01 5.587557240518830071e-01 5.413835019919748248e-01 5.255661610487342150e-01 5.112208903859832843e-01 4.981950361821876339e-01 4.863350509033967373e-01 4.755042581906513410e-01 4.655853318629732396e-01 4.564785069917073335e-01 4.480989055368281848e-01 4.403739858194296586e-01 4.332413706111380436e-01 4.266470707591897837e-01 4.205440534492691507e-01 4.148910925142306749e-01 4.096518439092726727e-01 4.047940993136559529e-01 4.002891804033074097e-01 3.961114444378763810e-01 3.922378782818528586e-01 3.886477630343407319e-01 3.853223953484316566e-01 3.822448545308948509e-01 3.793998068337801621e-01 3.767733401444423036e-01 3.743528236743288717e-01 3.721267883343493121e-01 3.700848243373923152e-01 3.682174932406838685e-01 3.665162521732147627e-01 3.649733884175872523e-01 3.635819628551869576e-01 3.623357610568615494e-01 3.612292510224310860e-01 3.602575467523252417e-01 3.594163769820231114e-01 3.587020585314902310e-01 3.581114738228181604e-01 3.576420522039995831e-01 3.572917547886838574e-01 3.570590625836025378e-01 3.569429677294705949e-01 3.569429677294705949e-01
6.258857141258599155e-01 6.258857141258599155e-01 6.258857141258599155e-01 6.258857141258599155e-01 6.237664640318159037e-01 6.161997309412091672e-01 6.017061597845169141e-01 5.830088765753758118e-01 5.637129261661935065e-01 5.456086426033665004e-01 5.291366288695267261e-01 5.142527514367981611e-01 5.007927267246730096e-01 4.885826610136108639e-01 4.774674105597967455e-01 4.673149638606013956e-01 4.580143401759679267e-01 4.494721856132292692e-01 4.416095451174144038e-01 4.343591576528159637e-01 4.276632830510961880e-01 4.214719803842459367e-01 4.157417473027487653e-01 4.104344415028152726e-01 4.055164211752805836e-01 4.009578554709621323e-01 3.967321674734350379e-01 3.928155810251306446e-01 3.891867494749987055e-01 3.858264494887911344e-01 3.827173268913682813e-01 3.798436844090343212e-01 3.771913033855170405e-01 3.747472932333478779e-01 3.724999636825404581e-01 3.704387158961968685e-01 3.685539493086986140e-01 3.668369816590772436e-01 3.652799801793377155e-01 3.638759022845399205e-01 3.626184444207488089e-01 3.615019979756499136e-01 3.605216113578234571e-01 3.596729575145134472e-01 3.589523062921544105e-01 3.583565011550906010e-01 3.578829398707818465e-01 3.575295588482408915e-01 3.572948208836638218e-01 3.571777061258082919e-01 3.571777061258082919e-01
6.258857141258599155e-01 6.258857141258599155e-01 6.258857141258599155e-01 6.258857141258599155e-01 6.241507694862861166e-01 6.175365118212521320e-01 6.040193183318147696e-01 5.856622962418894796e-01 5.661904186616946166e-01 5.477525667149457655e-01 5.309556982059265851e-01 5.157972751527636346e-01 5.021140920949954678e-01 4.897238415121368260e-01 4.784623708432199640e-01 4.681901550012986801e-01 4.587903779592737985e-01 4.501652529422915938e-01 4.422324693750958047e-01 4.349222153069728369e-01 4.281747963020710590e-01 4.219387605481444981e-01 4.161694264122781095e-01 4.108277223770165354e-01 4.058792677219604239e-01 4.012936388486153527e-01 3.970437793751275812e-01 3.931055222555228101e-01 3.894571997969381583e-01 3.860793231488337529e-01 3.829543171063296003e-01 3.800662992780704519e-01 3.774008950940889728e-01 3.749450819740242635e-01 3.726870573891049587e-01 3.706161266410471500e-01 3.687226070271364398e-01 3.669977457220983119e-01 3.654336492276167858e-01 3.640232226522341352e-01 3.627601174124749916e-01 3.616386862090685272e-01 3.606539443443645410e-01 3.598015366194316500e-01 3.590777091904202023e-01 3.584792858802087756e-01 3.580036485383983891e-01 3.576487211245434339e-01 3.574129572594901272e-01 3.572953310505792568e-01 3.572953310505792568e-01
6.258857141258599155e-01 6.258857141258599155e-01 6.258857141258599155e-01 6.258857141258599155e-01 6.241507694862861166e-01 6.175365118212521320e-01 6.040193183318147696e-01 5.856622962418894796e-01 5.661904186616946166e-01 5.477525667149457655e-01 5.309556982059265851e-01 5.157972751527636346e-01 5.021140920949954678e-01 4.897238415121368260e-01 4.784623708432199640e-01 4.681901550012986801e-01 4.587903779592737985e-01 4.501652529422915938e-01 4.422324693750958047e-01 4.349222153069728369e-01 4.281747963020710590e-01 4.219387605481444981e-01 4.161694264122781095e-01 4.108277223770165354e-01 4.058792677219604239e-01 4.012936388486153527e-01 3.970437793751275812e-01 3.931055222555228101e-01 3.894571997969381583e-01 3.860793231488337529e-01 3.829543171063296003e-01 3.800662992780704519e-01 3.774008950940889728e-01 3.749450819740242635e-01 3.726870573891049587e-01 3.706161266410471500e-01 3.687226070271364398e-01 3.669977457220983119e-01 3.654336492276167858e-01 3.640232226522341352e-01 3.627601174124749916e-01 3.616386862090685272e-01 3.606539443443645410e-01 3.598015366194316500e-01 3.590777091904202023e-01 3.584792858802087756e-01 3.580036485383983891e-01 3.576487211245434339e-01 3.574129572594901272e-01 3.572953310505792568e-01 3.572953310505792568e-01
