0.000000000000000000e+00 0.000000000000000000e+00 0.000000000000000000e+00 0.000000000000000000e+00 6.575673369222126419e-02 6.155803312806779060e-02 5.199299158822363875e-02 4.301619509499311073e-02 3.510018003427757549e-02 2.813000541054484077e-02 2.195221448484391963e-02 1.643687298439293690e-02 1.148026002701267416e-02 7.000133585707712762e-03 2.930864834713560029e-03 -7.804790401296931267e-04 -4.177103498945623251e-03 -7.294698324134908651e-03 -1.016308353923003546e-02 -1.280744148808987334e-02 -1.524924740758502352e-02 -1.750697945722515594e-02 -1.959666617175830419e-02 -2.153231292953700082e-02 -2.332623747798949487e-02 -2.498933640353929314e-02 -2.653129864621905920e-02 -2.796077801925049219e-02 -2.928553370497061908e-02 -3.051254551970092668e-02 -3.164810913639080903e-02 -3.269791526203791321e-02 -3.366711587296567637e-02 -3.456037993461267416e-02 -3.538194051630987047e-02 -3.613563481448291842e-02 -3.682493828999786056e-02 -3.745299388516888650e-02 -3.802263709716190848e-02 -3.853641753518535079e-02 -3.899661746995577993e-02 -3.940526778866539070e-02 -3.976416169186188648e-02 -4.007486640629513014e-02 -4.033873313679066375e-02 -4.055690543817093430e-02 -4.073032615324195110e-02 -4.085974303339832969e-02 -4.094571313322864503e-02 -4.098860604864223989e-02 -4.098860604864223989e-02
0.000000000000000000e+00 0.000000000000000000e+00 0.000000000000000000e+00 0.000000000000000000e+00 6.575673369222126419e-02 6.155803312806779060e-02 5.199299158822363875e-02 4.301619509499311073e-02 3.510018003427757549e-02 2.813000541054484077e-02 2.195221448484391963e-02 1.643687298439293690e-02 1.148026002701267416e-02 7.000133585707712762e-03 2.930864834713560029e-03 -7.804790401296931267e-04 -4.177103498945623251e-03 -7.294698324134908651e-03 -1.016308353923003546e-02 -1.280744148808987334e-02 -1.524924740758502352e-02 -1.750697945722515594e-02 -1.959666617175830419e-02 -2.153231292953700082e-02 -2.332623747798949487e-02 -2.498933640353929314e-02 -2.653129864621905920e-02 -2.796077801925049219e-02 -2.928553370497061908e-02 -3.051254551970092668e-02 -3.164810913639080903e-02 -3.269791526203791321e-02 -3.366711587296567637e-02 -3.456037993461267416e-02 -3.538194051630987047e-02 -3.613563481448291842e-02 -3.682493828999786056e-02 -3.745299388516888650e-02 -3.802263709716190848e-02 -3.853641753518535079e-02 -3.899661746995577993e-02 -3.940526778866539070e-02 -3.976416169186188648e-02 -4.007486640629513014e-02 -4.033873313679066375e-02 -4.055690543817093430e-02 -4.073032615324195110e-02 -4.085974303339832969e-02 -4.094571313322864503e-02 -4.098860604864223989e-02 -4.098860604864223989e-02
0.000000000000000000e+00 0.000000000000000000e+00 0.000000000000000000e+00 0.000000000000000000e+00 6.501739109058989052e-02 6.031538696457421772e-02 5.071201918061314651e-02 4.188336058711617654e-02 3.414697920900764544e-02 2.733688223910464218e-02 2.128969181715243200e-02 1.587813727413173170e-02 1.100377281678042128e-02 6.589275828735880608e-03 2.572939952181380833e-03 -1.095198456794582329e-03 -4.456133132667776213e-03 -7.543907934275155373e-03 -1.038711080550831084e-02 -1.300999351749870456e-02 -1.543332127748562807e-02 -1.767502479237919796e-02 -1.975070612856117888e-02 -2.167403513891298303e-02 -2.345706310094310132e-02 -2.511047308646146073e-02 -2.664378151592072114e-02 -2.806550170661620269e-02 -2.938327757601592871e-02 -3.060399371779768535e-02 -3.173386662749094755e-02 -3.277852077681540216e-02 -3.374305242230544316e-02 -3.463208341462221951e-02 -3.544980679989460232e-02 -3.620002563720221833e-02 -3.688618617040372721e-02 -3.751140626840929887e-02 -3.807849987119448637e-02 -3.858999803850188953e-02 -3.904816708608063736e-02 -3.945502420424288476e-02 -3.981235088069009359e-02 -4.012170439029777436e-02 -4.038442756597138139e-02 -4.060165702454577447e-02 -4.077432998822234922e-02 -4.090318981379028468e-02 -4.098879031771136827e-02 -4.103149896412183056e-02 -4.103149896412183056e-02
0.000000000000000000e+00 0.000000000000000000e+00 0.000000000000000000e+00 0.000000000000000000e+00 6.289377379907166998e-02 5.731986075506603773e-02 4.796423873491435091e-02 3.958707544473939743e-02 3.226031025160220472e-02 2.578013899236683559e-02 1.999146333011531107e-02 1.478220469747273252e-02 1.006741748587177548e-02 5.780256898165390261e-03 1.866817596159267567e-03 -1.717121607152433853e-03 -5.008322640746699569e-03 -8.037689474835338355e-03 -1.083145823107237171e-02 -1.341210049895514601e-02 -1.579901939252526324e-02 -1.800909230629187119e-02 -2.005709841124268811e-02 -2.195605839666050010e-02 -2.371750670045944323e-02 -2.535171132549495290e-02 -2.686785262443952202e-02 -2.827416971533209394e-02 -2.957808117473465642e-02 -3.078628514803928573e-02 -3.190484287901728527e-02 -3.293924879548546653e-02 -3.389448962487751071e-02 -3.477509450173593003e-02 -3.558517763150468444e-02 -3.632847476408888887e-02 -3.700837448606739133e-02 -3.762794514693253156e-02 -3.818995808076787457e-02 -3.869690766161049122e-02 -3.915102863168602038e-02 -3.955431106159988663e-02 -3.990851323642227721e-02 -4.021517270829956525e-02 -4.047561571231676758e-02 -4.069096510588395693e-02 -4.086214696137714653e-02 -4.098989591589494857e-02 -4.107475935977067394e-02 -4.111710052607792792e-02 -4.111710052607792792e-02
6.556070115958466393e-02 6.556070115958466393e-02 6.483939081185091657e-02 6.276318480903222974e-02 5.998085694208208501e-02 5.183882014426810514e-02 4.361316496617144434e-02 3.617849540460586072e-02 2.952098419105557078e-02 2.353131167130736306e-02 1.811376112923737333e-02 1.319179527506033484e-02 8.703435014846310630e-03 4.597516632992171975e-03 8.311951368019240231e-04 -2.631782927697408955e-03 -5.822346348410923321e-03 -8.767069093291933804e-03 -1.148893214503366594e-02 -1.400793085476851989e-02 -1.634156348741414369e-02 -1.850522662906748175e-02 -2.051253681350563920e-02 -2.237559333607671078e-02 -2.410519397879030967e-02 -2.571101289067161122e-02 -2.720174794106367325e-02 -2.858524335559240251e-02 -2.986859225960676947e-02 -3.105822282066393256e-02 -3.215997094511082594e-02 -3.317914190128988527e-02 -3.412056278004223925e-02 -3.498862733599907709e-02 -3.578733446035986532e-02 -3.652032130164254570e-02 -3.719089186290632648e-02 -3.780204175254799071e-02 -3.835647964339702204e-02 -3.885664589554980314e-02 -3.930472871751702207e-02 -3.970267817411283345e-02 -4.005221829516451143e-02 -4.035485749422636909e-02 -4.061189746917759358e-02 -4.082444072536178803e-02 -4.099339683557307046e-02 -4.111948752870762253e-02 -4.120325067946441211e-02 -4.124504325440730285e-02 -4.124504325440730285e-02
6.096638525251200230e-02 6.096638525251200230e-02 5.976483115387720702e-02 5.686151081493907161e-02 5.155001615633994505e-02 4.495462823803322155e-02 3.828723249396486644e-02 3.197153798770807631e-02 2.611148434985170047e-02 2.071011400505737635e-02 1.574044848960489545e-02 1.116777764137454228e-02 6.957010403615811363e-03 3.075179456270702143e-03 -5.077707568069811774e-04 -3.818858892310257429e-03 -6.882210731970656546e-03 -9.719308404931233797e-03 -1.234927040104492196e-02 -1.478912728771552589e-02 -1.705407707334116729e-02 -1.915771390910561700e-02 -2.111222887768423456e-02 -2.292858415540030906e-02 -2.461666298800450903e-02 -2.618539831738989077e-02 -2.764288289360454856e-02 -2.899646350642151593e-02 -3.025282168749159409e-02 -3.141804292995532127e-02 -3.249767617952963733e-02 -3.349678508457926140e-02 -3.441999225806158247e-02 -3.527151760191808011e-02 -3.605521157235371671e-02 -3.677458411927640725e-02 -3.743282991142927313e-02 -3.803285035701861605e-02 -3.857727284478540408e-02 -3.906846755973830687e-02 -3.950856216878351895e-02 -3.989945462223431355e-02 -4.024282427596121564e-02 -4.054014150432898311e-02 -4.079267594487084869e-02 -4.100150349087806900e-02 -4.116751212691151240e-02 -4.129140668396395070e-02 -4.137371257503806576e-02 -4.141477855774557126e-02 -4.141477855774557126e-02
5.090585076397494135e-02 5.090585076397494135e-02 4.968296351915177378e-02 4.705828773027233985e-02 4.290973619574156572e-02 3.788501874171085887e-02 3.257183492882090303e-02 2.730393372438709096e-02 2.224268248498815354e-02 1.745713886093070571e-02 1.297013298101303350e-02 8.781855499501264872e-03 4.881649406118613622e-03 1.253961535228554670e-03 -2.118598729056152003e-03 -5.253671152908311569e-03 -8.168329282280431883e-03 -1.087868339345996437e-02 -1.339971376654237357e-02 -1.574523082175208546e-02 -1.792790360917539960e-02 -1.995932305637702214e-02 -2.185008063277418464e-02 -2.360985141988575231e-02 -2.524747550048874953e-02 -2.677103449733131413e-02 -2.818792180959657848e-02 -2.950490608905203052e-02 -3.072818805403826001e-02 -3.186345103219262453e-02 -3.291590575853058087e-02 -3.389032999949425501e-02 -3.479110356576587543e-02 -3.562223924131772274e-02 -3.638741010792113234e-02 -3.708997369174137776e-02 -3.773299330657766543e-02 -3.831925691937428102e-02 -3.885129381905072510e-02 -3.933138932989804076e-02 -3.976159777570845849e-02 -4.014375387014414848e-02 -4.047948268218171108e-02 -4.077020830232268300e-02 -4.101716131516411346e-02 -4.122138516643377576e-02 -4.138374149729674711e-02 -4.150491450526452852e-02 -4.158541437904435256e-02 -4.162557984385738263e-02 -4.162557984385738263e-02
4.136374367024296672e-02 4.136374367024296672e-02 4.029970842161396255e-02 3.814532930569208835e-02 3.495971273085403397e-02 3.106586950035633912e-02 2.680473667814091410e-02 2.242871987454395089e-02 1.809804127650457492e-02 1.390560900638542451e-02 9.901086994259950327e-03 6.107861724424833508e-03 2.533770158143234912e-03 -8.223839955577149242e-04 -3.966914542111458358e-03 -6.908897708060759112e-03 -9.658751850826612431e-03 -1.222738212012796505e-02 -1.462567044995585069e-02 -1.686417862361983336e-02 -1.895298348527756083e-02 -2.090159407450040141e-02 -2.271891917719865220e-02 -2.441326539092987524e-02 -2.599235309678483291e-02 -2.746334236190248884e-02 -2.883286375845196120e-02 -3.010705098620634207e-02 -3.129157340747239224e-02 -3.239166738630294695e-02 -3.341216582296323290e-02 -3.435752558915967231e-02 -3.523185276424908169e-02 -3.603892568972565102e-02 -3.678221592633244136e-02 -3.746490723325165279e-02 -3.808991270382768718e-02 -3.865989019491265777e-02 -3.917725618220822131e-02 -3.964419816515823286e-02 -4.006268573407221339e-02 -4.043448040051653147e-02 -4.076114428036350934e-02 -4.104404770768095567e-02 -4.128437584709460789e-02 -4.148313436246179459e-02 -4.164115419064289697e-02 -4.175909546081900403e-02 -4.183745059208340833e-02 -4.187654659484826847e-02 -4.187654659484826847e-02
3.281171729428496164e-02 3.281171729428496164e-02 3.193382331568971055e-02 3.020028536464903005e-02 2.769627989813110841e-02 2.460893015604075779e-02 2.115155494377862072e-02 1.750800702356822974e-02 1.381512948647768517e-02 1.016616549371458615e-02 6.620743815130185686e-03 3.214734188890296974e-03 -3.204650936363257597e-05 -3.110353134341440045e-03 -6.017777735901877825e-03 -8.756253286446033859e-03 -1.133039829287898689e-02 -1.374642278631172179e-02 -1.601140728957685389e-02 -1.813282973753888375e-02 -2.011825763386109259e-02 -2.197515057919622108e-02 -2.371073661063920895e-02 -2.533193786990065033e-02 -2.684532913386965258e-02 -2.825711809509438496e-02 -2.957313987615611817e-02 -3.079886068990372525e-02 -3.193938720339779824e-02 -3.299947928264018032e-02 -3.398356455791732428e-02 -3.489575376999051043e-02 -3.573985621240435839e-02 -3.651939482706317852e-02 -3.723762067449203766e-02 -3.789752661116645854e-02 -3.850186008063082033e-02 -3.905313497430293324e-02 -3.955364254977437877e-02 -4.000546141451807869e-02 -4.041046659496969756e-02 -4.077033771755060598e-02 -4.108656633113989820e-02 -4.136046240100809540e-02 -4.159316000313702244e-02 -4.178562224574148415e-02 -4.193864544205983674e-02 -4.205286255535117118e-02 -4.212874593368804571e-02 -4.216660934867008659e-02 -4.216660934867008659e-02
2.512994970889796675e-02 2.512994970889796675e-02 2.441613877722567313e-02 2.301944137059561482e-02 2.101378612178144561e-02 1.852138216362332265e-02 1.568441179886695055e-02 1.263659929701144331e-02 9.488300129211160727e-03 6.323179057327806517e-03 3.200988496991092041e-03 1.623777136462837309e-04 -2.766337251692127432e-03 -5.569204296767027093e-03 -8.237589980769193312e-03 -1.076793940898456911e-02 -1.316016524797290060e-02 -1.541650344270559247e-02 -1.754070618454489985e-02 -1.953747540314318756e-02 -2.141206673347833753e-02 -2.317001399783219159e-02 -2.481693881631061305e-02 -2.635842034421437274e-02 -2.779990747375028076e-02 -2.914666100850208177e-02 -3.040371696122826095e-02 -3.157586469390943201e-02 -3.266763543363073591e-02 -3.368329798299938421e-02 -3.462685935613300792e-02 -3.550206872053918161e-02 -3.631242348837391415e-02 -3.706117673169053578e-02 -3.775134533346678756e-02 -3.838571845635278812e-02 -3.896686603328820137e-02 -3.949714707195651348e-02 -3.997871762813139107e-02 -4.041353834823361441e-02 -4.080338151380195899e-02 -4.114983754364077984e-02 -4.145432092570221216e-02 -4.171807556213964069e-02 -4.194217951876935691e-02 -4.212754917537297333e-02 -4.227494277656954069e-02 -4.238496338490378018e-02 -4.245806123871354032e-02 -4.249453551754001079e-02 -4.249453551754001079e-02
1.816121667019751987e-02 1.816121667019751987e-02 1.758059245868106441e-02 1.644693960655560158e-02 1.481778220157027072e-02 1.277832525270814965e-02 1.042809331694965688e-02 7.865674763256013530e-03 5.178292059491013816e-03 2.437262009035259889e-03 -3.023466134076655855e-04 -2.999874581824212537e-03 -5.626475914618795336e-03 -8.162536820341570465e-03 -1.059543848146671415e-02 -1.291774912079073426e-02 -1.512581984736394679e-02 -1.721871955203570226e-02 -1.919743860279828768e-02 -2.106429895705624541e-02 -2.282251989912386855e-02 -2.447589986239188248e-02 -2.602858431260610117e-02 -2.748489721694652790e-02 -2.884921940846679397e-02 -3.012590150398828173e-02 -3.131920226639934440e-02 -3.243324569092993076e-02 -3.347199185427222196e-02 -3.443921785965035898e-02 -3.533850616313386622e-02 -3.617323826771781659e-02 -3.694659228892090141e-02 -3.766154327791822187e-02 -3.832086547139259419e-02 -3.892713584755118361e-02 -3.948273852427473113e-02 -3.998986965216613093e-02 -4.045054254262415994e-02 -4.086659283654668628e-02 -4.123968356842788036e-02 -4.157131001757281147e-02 -4.186280426595337389e-02 -4.211533940314403368e-02 -4.232993333449325268e-02 -4.250745216047717434e-02 -4.264861310400740874e-02 -4.275398696904681578e-02 -4.282400011878836205e-02 -4.285893596530252619e-02 -4.285893596530252619e-02
1.177302989363442944e-02 1.177302989363442944e-02 1.129800043581407308e-02 1.036988229208009836e-02 9.032050625882926884e-03 7.346034711302531182e-03 5.383959282596247412e-03 3.219713913768229401e-03 9.219312476528411255e-04 -1.450076482737023328e-03 -3.847762380358934683e-03 -6.233053513330291152e-03 -8.577155004708162181e-03 -1.085902858855892009e-02 -1.306387800400540984e-02 -1.518179874538837237e-02 -1.720664546869840952e-02 -1.913511631531827212e-02 -2.096602971760088904e-02 -2.269976192320560804e-02 -2.433781404361631123e-02 -2.588248124005379167e-02 -2.733660135482501169e-02 -2.870336480254969194e-02 -2.998617143923404393e-02 -3.118852333263784707e-02 -3.231394490950492693e-02 -3.336592394919372928e-02 -3.434786843293376885e-02 -3.526307543825297347e-02 -3.611470916909200607e-02 -3.690578589833590911e-02 -3.763916412173299447e-02 -3.831753861972893305e-02 -3.894343742669503783e-02 -3.951922093824605103e-02 -4.004708256415547701e-02 -4.052905046987172882e-02 -4.096699005371567254e-02 -4.136260688696471316e-02 -4.171744990585420088e-02 -4.203291469233379207e-02 -4.231024671745924060e-02 -4.255054445005505837e-02 -4.275476225564787958e-02 -4.292371302810069761e-02 -4.305807051000191954e-02 -4.315837126855370798e-02 -4.322501630215656865e-02 -4.325827225964528483e-02 -4.325827225964528483e-02
5.859864830724352373e-03 5.859864830724352373e-03 5.468489781284746956e-03 4.702532660768192485e-03 3.594500492300999918e-03 2.189802726669005592e-03 5.419949288046626993e-04 -1.292709698193750603e-03 -3.260204512099312661e-03 -5.311736809557694380e-03 -7.405572912379440251e-03 -9.507422086527101204e-03 -1.159006200237095580e-02 -1.363254452522016241e-02 -1.561924620064750364e-02 -1.753892238810002280e-02 -1.938384696676548682e-02 -2.114907052298181309e-02 -2.283180202912638360e-02 -2.443090497459529664e-02 -2.594649311212947687e-02 -2.737960969943069658e-02 -2.873197506414034222e-02 -3.000578919924412960e-02 -3.120357821333387752e-02 -3.232807547787731189e-02 -3.338213008984296931e-02 -3.436863676346137847e-02 -3.529048249007232102e-02 -3.615050629139274219e-02 -3.695146917670311115e-02 -3.769603203485949461e-02 -3.838673968000565900e-02 -3.902600965262987415e-02 -3.961612467747349653e-02 -4.015922791464401898e-02 -4.065732032429151405e-02 -4.111225960951234160e-02 -4.152576031546527380e-02 -4.189939475180603362e-02 -4.223459447575456105e-02 -4.253265212851340543e-02 -4.279472346155962365e-02 -4.302182942403436766e-02 -4.321485821000797811e-02 -4.337456718634156300e-02 -4.350158463941170700e-02 -4.359641129307549601e-02 -4.365942156170501964e-02 -4.369086451154284567e-02 -4.369086451154284567e-02
3.380740545563575353e-04 3.380740545563575353e-04 1.356048304077514813e-05 -6.227424876125609195e-04 -1.546384329563151114e-03 -2.723319329650586429e-03 -4.113072625978935089e-03 -5.672343130664615242e-03 -7.358302789928407132e-03 -9.131093331361582119e-03 -1.095537037316562934e-02 -1.280099991807363488e-02 -1.464312639306760561e-02 -1.646184130934250436e-02 -1.824163988530481603e-02 -1.997079763964025589e-02 -2.164074948732462242e-02 -2.324551678076124464e-02 -2.478120290137299231e-02 -2.624556283396628845e-02 -2.763764373092345364e-02 -2.895748938144821621e-02 -3.020590000311155696e-02 -3.138423871700379147e-02 -3.249427673703240288e-02 -3.353807027574784438e-02 -3.451786320858259149e-02 -3.543601052479179725e-02 -3.629491847255757880e-02 -3.709699806059962163e-02 -3.784462921152613457e-02 -3.854013338445197445e-02 -3.918575291085976686e-02 -3.978363563337172781e-02 -4.033582371598599947e-02 -4.084424571862660391e-02 -4.131071120891634252e-02 -4.173690732848355650e-02 -4.212439684689025382e-02 -4.247461732910327165e-02 -4.278888111690880985e-02 -4.306837588447017667e-02 -4.331416557629638731e-02 -4.352719157458008470e-02 -4.370827397407366088e-02 -4.385811286791153896e-02 -4.397728956829370650e-02 -4.406626770269757298e-02 -4.412539414011124039e-02 -4.415489971334441571e-02 -4.415489971334441571e-02
-4.859203224690301394e-03 -4.859203224690301394e-03 -5.129579485477014054e-03 -5.660678819203654281e-03 -6.433976022020913843e-03 -7.423623100821877610e-03 -8.598622975839855312e-03 -9.925287409475770650e-03 -1.136957018582459428e-02 -1.289896335287139817e-02 -1.448381533089186136e-02 -1.609808081957286863e-02 -1.771960234252201172e-02 -1.933005443381713429e-02 -2.091467439162995184e-02 -2.246187879787365019e-02 -2.396283656217484959e-02 -2.541104421141010886e-02 -2.680192996168387701e-02 -2.813249972902037016e-02 -2.940102959619789180e-02 -3.060680409237642383e-02 -3.174989684990429245e-02 -3.283098892867857693e-02 -3.385121974209644169e-02 -3.481206567955247300e-02 -3.571524194400220453e-02 -3.656262365462103342e-02 -3.735618281482284281e-02 -3.809793826697919356e-02 -3.878991622440786102e-02 -3.943411938062130889e-02 -4.003250294566920719e-02 -4.058695625407168772e-02 -4.109928883453313475e-02 -4.157122003502167901e-02 -4.200437146432593055e-02 -4.240026164867802955e-02 -4.276030241457214054e-02 -4.308579660087177854e-02 -4.337793677837140788e-02 -4.363780471622681623e-02 -4.386637138464043878e-02 -4.406449732398125957e-02 -4.423293324386047554e-02 -4.437232074300296453e-02 -4.448319306321991268e-02 -4.456597580937582403e-02 -4.462098758276405314e-02 -4.464844048844528873e-02 -4.464844048844528873e-02
-9.786104250426886156e-03 -9.786104250426886156e-03 -1.001199638778634167e-02 -1.045641728697282655e-02 -1.110521784138618871e-02 -1.193857407696806427e-02 -1.293250876749267760e-02 -1.406061334571147813e-02 -1.529572719108268641e-02 -1.661137456344885521e-02 -1.798284677799561262e-02 -1.938790568684218077e-02 -2.080714772366958759e-02 -2.222409969181452644e-02 -2.362512444956566329e-02 -2.499920659809213783e-02 -2.633767375213489151e-02 -2.763389354106533108e-02 -2.888297300497810749e-02 -3.008147652428069113e-02 -3.122717083251970449e-02 -3.231880054200478997e-02 -3.335589437550110642e-02 -3.433860040576139361e-02 -3.526754762317491770e-02 -3.614373075641699740e-02 -3.696841523330725299e-02 -3.774305933492275167e-02 -3.846925086518993703e-02 -3.914865596814368770e-02 -3.978297803856285786e-02 -4.037392496801505554e-02 -4.092318323718366346e-02 -4.143239760277316053e-02 -4.190315533311424201e-02 -4.233697412266270582e-02 -4.273529296474988526e-02 -4.309946538739325983e-02 -4.343075456191178296e-02 -4.373032988150406947e-02 -4.399926467954250880e-02 -4.423853481748973165e-02 -4.444901792212226782e-02 -4.463149309290935507e-02 -4.478664093444959665e-02 -4.491504379708558675e-02 -4.501718613227304738e-02 -4.509345488888782949e-02 -4.514413989318997317e-02 -4.516943416929357358e-02 -4.516943416929357358e-02
-1.448711313953677388e-02 -1.448711313953677388e-02 -1.467588452894542407e-02 -1.504777610004998274e-02 -1.559190397989877047e-02 -1.629294659832515244e-02 -1.713222467152653375e-02 -1.808893001484166915e-02 -1.914135066938464289e-02 -2.026796093188319020e-02 -2.144829153083749329e-02 -2.266354742616952245e-02 -2.389698317353947804e-02 -2.513407216024665311e-02 -2.636251711676801390e-02 -2.757214939283741256e-02 -2.875475830725156279e-02 -2.990388319578366622e-02 -3.101459199292897276e-02 -3.208326253065209993e-02 -3.310737666764403814e-02 -3.408533286767161108e-02 -3.501627970438473542e-02 -3.589997069574272365e-02 -3.673663958847756678e-02 -3.752689448968721253e-02 -3.827162889794175765e-02 -3.897194758662855113e-02 -3.962910534292690690e-02 -4.024445670190017477e-02 -4.081941499374300286e-02 -4.135541921575131008e-02 -4.185390743233688426e-02 -4.231629558678346587e-02 -4.274396077254905002e-02 -4.313822815782665521e-02 -4.350036088467988671e-02 -4.383155237429616630e-02 -4.413292056424093085e-02 -4.440550368375405926e-02 -4.465025724086906650e-02 -4.486805195213194181e-02 -4.505967239351457015e-02 -4.522581619114968143e-02 -4.536709360400852098e-02 -4.548402737868251222e-02 -4.557705277996480092e-02 -4.564651772077849695e-02 -4.569268293188060576e-02 -4.571572212631160731e-02 -4.571572212631160731e-02
-1.899935063933885088e-02 -1.899935063933885088e-02 -1.915665248850390023e-02 -1.946689860446484954e-02 -1.992167537989569803e-02 -2.050908366495423490e-02 -2.121451330548632455e-02 -2.202153137278133749e-02 -2.291278453976812457e-02 -2.387082696389942332e-02 -2.487881098734014140e-02 -2.592100931349839224e-02 -2.698316538411263052e-02 -2.805268865890603314e-02 -2.911872246446485166e-02 -3.017211554928143913e-02 -3.120532688829484591e-02 -3.221228894193452208e-02 -3.318824924034887575e-02 -3.412960493780259341e-02 -3.503374043978163543e-02 -3.589887455670268818e-02 -3.672392087867449445e-02 -3.750836308439917111e-02 -3.825214554535835698e-02 -3.895557871596644350e-02 -3.961925828219877571e-02 -4.024399677077856313e-02 -4.083076621804546807e-02 -4.138065050284459728e-02 -4.189480601881585831e-02 -4.237442946896928520e-02 -4.282073168968879989e-02 -4.323491653953528968e-02 -4.361816401253290620e-02 -4.397161685147679688e-02 -4.429637004190911664e-02 -4.459346266093345418e-02 -4.486387163706501147e-02 -4.510850704846607051e-02 -4.532820864811204498e-02 -4.552374335671902084e-02 -4.569580350871930985e-02 -4.584500567423156758e-02 -4.597188991181788698e-02 -4.607691933373687931e-02 -4.616047988819105968e-02 -4.622288028244683766e-02 -4.626435198730845938e-02 -4.628504927782679107e-02 -4.628504927782679107e-02
-2.335428629001678330e-02 -2.335428629001678330e-02 -2.348447618130695275e-02 -2.374149044944922488e-02 -2.411881527030273684e-02 -2.460719937614663788e-02 -2.519521351271977044e-02 -2.586989763106622292e-02 -2.661742915304466869e-02 -2.742375139664460226e-02 -2.827511614116432967e-02 -2.915851345641125997e-02 -3.006198039054757895e-02 -3.097479462684194634e-02 -3.188756853294685834e-02 -3.279226345157264244e-02 -3.368214475475677511e-02 -3.455169644335674695e-02 -3.539651108877647778e-02 -3.621316754047585601e-02 -3.699910559702637020e-02 -3.775250404073329791e-02 -3.847216616926255051e-02 -3.915741521787323431e-02 -3.980800079264332908e-02 -4.042401654667548971e-02 -4.100582874416328766e-02 -4.155401499629732265e-02 -4.206931225568846799e-02 -4.255257307267441835e-02 -4.300472910976486929e-02 -4.342676095168027106e-02 -4.381967331797350512e-02 -4.418447486919657718e-02 -4.452216188663166846e-02 -4.483370519370023788e-02 -4.512003977060868171e-02 -4.538205659052643032e-02 -4.562059627468295631e-02 -4.583644422499710130e-02 -4.603032694645826928e-02 -4.620290931797742945e-02 -4.635479261047713295e-02 -4.648651308530470094e-02 -4.659854103536022196e-02 -4.669128015632181133e-02 -4.676506715668166114e-02 -4.682017153357545536e-02 -4.685679545714575150e-02 -4.687507371992656602e-02 -4.687507371992656602e-02
-2.757903204944062853e-02 -2.757903204944062853e-02 -2.768547549729392585e-02 -2.789577174175843916e-02 -2.820489587575564575e-02 -2.860568505664631486e-02 -2.908924373821689807e-02 -2.964541648575666835e-02 -3.026328304473789588e-02 -3.093163332850889721e-02 -3.163938872430113042e-02 -3.237594798047526562e-02 -3.313144809486597009e-02 -3.389694092500973588e-02 -3.466449358895136446e-02 -3.542722496934980203e-02 -3.617929223584820386e-02 -3.691584098800559932e-02 -3.763293113097178344e-02 -3.832744853834633980e-02 -3.899701036716401309e-02 -3.963986983999206321e-02 -4.025482453982053010e-02 -4.084113082524012950e-02 -4.139842586071939418e-02 -4.192665793398309831e-02 -4.242602515153660880e-02 -4.289692221461489929e-02 -4.333989473579349244e-02 -4.375560042245733167e-02 -4.414477639594727165e-02 -4.450821191007251626e-02 -4.484672576138817174e-02 -4.516114773270640814e-02 -4.545230347115816055e-02 -4.572100226614560919e-02 -4.596802725636132958e-02 -4.619412765594355791e-02 -4.640001264620664811e-02 -4.658634663044503715e-02 -4.675374559481083186e-02 -4.690277435832002767e-02 -4.703394452997209513e-02 -4.714771302121523872e-02 -4.724448098806206114e-02 -4.732459309957427751e-02 -4.738833704870430708e-02 -4.743594323809363633e-02 -4.746758458783873619e-02 -4.748337642487335253e-02 -4.748337642487335253e-02
-3.169733436104728991e-02 -3.169733436104728991e-02 -3.178262201670598031e-02 -3.195122514457138241e-02 -3.219931143435182663e-02 -3.252140123650321818e-02 -3.291065989778236417e-02 -3.335924152904371637e-02 -3.385865321168014808e-02 -3.440011014839142872e-02 -3.497485744709632333e-02 -3.557444164636380801e-02 -3.619092308347318654e-02 -3.681702738942246173e-02 -3.744623992854279743e-02 -3.807285060107167690e-02 -3.869195823132629691e-02 -3.929944414189222301e-02 -3.989192390880628991e-02 -4.046668511482225811e-02 -4.102161749334082980e-02 -4.155514041230093381e-02 -4.206613132483885686e-02 -4.255385768259979662e-02 -4.301791389106431052e-02 -4.345816417705517659e-02 -4.387469171344021007e-02 -4.426775397488818403e-02 -4.463774405047008648e-02 -4.498515748547188969e-02 -4.531056414155283651e-02 -4.561458453133354629e-02 -4.589787008486002906e-02 -4.616108682914333433e-02 -4.640490199921022685e-02 -4.662997314342452737e-02 -4.683693933280993343e-02 -4.702641413074273857e-02 -4.719898002381845564e-02 -4.735518405582948842e-02 -4.749553444408434466e-02 -4.762049799058458432e-02 -4.773049812994105412e-02 -4.782591348158741346e-02 -4.790707679616414139e-02 -4.797427420527475284e-02 -4.802774470053366301e-02 -4.806767978232213967e-02 -4.809422323130838756e-02 -4.810747096692101488e-02 -4.810747096692101488e-02
-3.573034901703196764e-02 -3.573034901703196764e-02 -3.579645306394815124e-02 -3.592719538550628172e-02 -3.611972348061431165e-02 -3.636994855727010423e-02 -3.667275308740371165e-02 -3.702223652099432410e-02 -3.741197812458676997e-02 -3.783529660632021369e-02 -3.828548926936962971e-02 -3.875603807445193033e-02 -3.924077520328277113e-02 -3.973400562070728004e-02 -4.023058813476972778e-02 -4.072597927511276833e-02 -4.121624594653894996e-02 -4.169805343947753651e-02 -4.216863524758674570e-02 -4.262575051884429783e-02 -4.306763407912581748e-02 -4.349294299108266010e-02 -4.390070266468574373e-02 -4.429025468930844478e-02 -4.466120784393622783e-02 -4.501339316978741900e-02 -4.534682355033613221e-02 -4.566165792108362737e-02 -4.595817000578377581e-02 -4.623672132746498714e-02 -4.649773815351723044e-02 -4.674169198890805454e-02 -4.696908321763484939e-02 -4.718042749985735390e-02 -4.737624455317614863e-02 -4.755704897559420719e-02 -4.772334280077358132e-02 -4.787560951046203328e-02 -4.801430926255841752e-02 -4.813987512503414834e-02 -4.825271013517685309e-02 -4.835318503005740787e-02 -4.844163651768522427e-02 -4.851836597909459786e-02 -4.858363850979795923e-02 -4.863768222489276566e-02 -4.868068776589945523e-02 -4.871280795941898556e-02 -4.873415758821786348e-02 -4.874481324464754323e-02 -4.874481324464754323e-02
-3.969725962613778608e-02 -3.969725962613778608e-02 -3.974564583658570655e-02 -3.984137985292879325e-02 -3.998243854536684405e-02 -4.016591642459724915e-02 -4.038816737360667597e-02 -4.064497334298217135e-02 -4.093172615939202202e-02 -4.124360888297340377e-02 -4.157576494965109504e-02 -4.192344617883321523e-02 -4.228213403454121611e-02 -4.264763175539754148e-02 -4.301612771476036323e-02 -4.338423241811587699e-02 -4.374899284028523766e-02 -4.410788842193929388e-02 -4.445881312326680629e-02 -4.480004763389124761e-02 -4.513022531328531040e-02 -4.544829480826891727e-02 -4.575348165356468016e-02 -4.604525056606459388e-02 -4.632326962563827755e-02 -4.658737710787660968e-02 -4.683755139708856152e-02 -4.707388415338258081e-02 -4.729655672417343304e-02 -4.750581966514484666e-02 -4.770197515620160089e-02 -4.788536205320582245e-02 -4.805634329697387047e-02 -4.821529539953576388e-02 -4.836259973810405621e-02 -4.849863540506454962e-02 -4.862377338429058754e-02 -4.873837184783635229e-02 -4.884277239098242657e-02 -4.893729704663586644e-02 -4.902224594159591137e-02 -4.909789547684774436e-02 -4.916449693171288243e-02 -4.922227540737324214e-02 -4.927142903910593924e-02 -4.931212841866470381e-02 -4.934451617881840252e-02 -4.936870670130264621e-02 -4.938478591756274849e-02 -4.939281117887000389e-02 -4.939281117887000389e-02
-4.361578402483320960e-02 -4.361578402483320960e-02 -4.364749080336585707e-02 -4.371023964429423397e-02 -4.380273442336519302e-02 -4.392311122218382768e-02 -4.406902663948245730e-02 -4.423776331797497213e-02 -4.442634428706564859e-02 -4.463164781657091157e-02 -4.485051546746943868e-02 -4.507984765673062055e-02 -4.531668300069412181e-02 -4.555825965162494523e-02 -4.580205855080278499e-02 -4.604582984235051218e-02 -4.628760457459315386e-02 -4.652569428477475871e-02 -4.675868118969799675e-02 -4.698540158021762003e-02 -4.720492473190510130e-02 -4.741652927519392907e-02 -4.761967857529122300e-02 -4.781399629579975719e-02 -4.799924298472924705e-02 -4.817529423904672731e-02 -4.834212077681426106e-02 -4.849977057124089941e-02 -4.864835307243953189e-02 -4.878802545279720126e-02 -4.891898075299708215e-02 -4.904143777079908451e-02 -4.915563251757895658e-02 -4.926181106326851106e-02 -4.936022359470111642e-02 -4.945111952233127717e-02 -4.953474348355035167e-02 -4.961133210567333224e-02 -4.968111140696256783e-02 -4.974429472899496996e-02 -4.980108110778752595e-02 -4.985165400408964054e-02 -4.989618032501038497e-02 -4.993480967964489953e-02 -4.996767382065352148e-02 -4.999488623190750242e-02 -5.001654182947284227e-02 -5.003271674947660369e-02 -5.004346820192667744e-02 -5.004883437446600719e-02 -5.004883437446600719e-02
-4.750260164503389976e-02 -4.750260164503389976e-02 -4.751829370778821310e-02 -4.754935349755527035e-02 -4.759514828165421763e-02 -4.765476740132915112e-02 -4.772706464420346101e-02 -4.781070900240921157e-02 -4.790423985436512155e-02 -4.800612262881596981e-02 -4.811480144696662908e-02 -4.822874597996786722e-02 -4.834649065992260852e-02 -4.846666529964913789e-02 -4.858801699451992251e-02 -4.870942382593566877e-02 -4.882990133100852115e-02 -4.894860295291583729e-02 -4.906481577058099258e-02 -4.917795276542528266e-02 -4.928754275897349185e-02 -4.939321898536151723e-02 -4.949470707665837993e-02 -4.959181305716672816e-02 -4.968441177848589851e-02 -4.977243608682135889e-02 -4.985586689993622145e-02 -4.993472428238355382e-02 -5.000905954160358990e-02 -5.007894832066518004e-02 -5.014448463224904090e-02 -5.020577575947383908e-02 -5.026293793933429843e-02 -5.031609274131892962e-02 -5.036536405516195414e-02 -5.041087560607110385e-02 -5.045274892196868755e-02 -5.049110168440713170e-02 -5.052604640226308202e-02 -5.055768935465800723e-02 -5.058612975653390548e-02 -5.061145910677777859e-02 -5.063376068465914870e-02 -5.065310916560790411e-02 -5.066957033202138666e-02 -5.068320085890475751e-02 -5.069404815775486323e-02 -5.070215026527041119e-02 -5.070753576626757519e-02 -5.071022374266760668e-02 -5.071022374266760668e-02
-5.137372720251833641e-02 -5.137372720251833641e-02 -5.137372888523594749e-02 -5.137373235652267778e-02 -5.137373780440585014e-02 -5.137374545731390046e-02 -5.137375553363229819e-02 -5.137376819313302367e-02 -5.137378349921008225e-02 -5.137380139740219814e-02 -5.137382171165480460e-02 -5.137384415629393103e-02 -5.137386835942235608e-02 -5.137389389257295685e-02 -5.137392030173679180e-02 -5.137394713590923839e-02 -5.137397397063592913e-02 -5.137400042534637917e-02 -5.137402617433307894e-02 -5.137405095197813271e-02 -5.137407455325219280e-02 -5.137409683067125504e-02 -5.137411768886596120e-02 -5.137413707777568894e-02 -5.137415498527994617e-02 -5.137417142987120433e-02 -5.137418645378106358e-02 -5.137420011680972343e-02 -5.137421249098318016e-02 -5.137422365606875846e-02 -5.137423369591873762e-02 -5.137424269557229473e-02 -5.137425073902538580e-02 -5.137425790757170485e-02 -5.137426427861810363e-02 -5.137426992488447475e-02 -5.137427491390864770e-02 -5.137427930778640933e-02 -5.137428316308823711e-02 -5.137428653090404806e-02 -5.137428945697676552e-02 -5.137429198189289586e-02 -5.137429414130574579e-02 -5.137429596617156674e-02 -5.137429748298502630e-02 -5.137429871400119724e-02 -5.137429967743746551e-02 -5.137430038764875806e-02 -5.137430085527179557e-02 -5.137430108733547635e-02 -5.137430108733547635e-02
-5.524485107732322181e-02 -5.524485107732322181e-02 -5.522916227415277518e-02 -5.519810923893198745e-02 -5.515232512217118493e-02 -5.509272108992727818e-02 -5.502044383991809562e-02 -5.493682473732025562e-02 -5.484332455198046019e-02 -5.474147774996894478e-02 -5.463283984599806575e-02 -5.451894057417300959e-02 -5.440124472894303231e-02 -5.428112160952751342e-02 -5.415982318398974982e-02 -5.403847044537415933e-02 -5.391804699032610310e-02 -5.379939860354801540e-02 -5.368323754947511295e-02 -5.357015031495118013e-02 -5.346060767143617082e-02 -5.335497609525645391e-02 -5.325352977041042379e-02 -5.315646257984290440e-02 -5.306389965504072076e-02 -5.297590819365709247e-02 -5.289250736856244972e-02 -5.281367724014735671e-02 -5.273936664950771430e-02 -5.266950011676578558e-02 -5.260398379984356637e-02 -5.254271058793057864e-02 -5.248556441368330827e-02 -5.243242387138517813e-02 -5.238316522691565530e-02 -5.233766490100204283e-02 -5.229580150105756636e-02 -5.225745746980466760e-02 -5.222252041146287216e-02 -5.219088414895718675e-02 -5.216244955864067501e-02 -5.213712522257620691e-02 -5.211482793256431295e-02 -5.209548307485303842e-02 -5.207902491981165893e-02 -5.206539683674337587e-02 -5.205455145041103932e-02 -5.204645075268148763e-02 -5.204106617990161138e-02 -5.203837866413332791e-02 -5.203837866413332791e-02
-5.913166375533656510e-02 -5.913166375533656510e-02 -5.909995989515812176e-02 -5.903721720291960767e-02 -5.894473235545814871e-02 -5.882436994034480338e-02 -5.867847399883178300e-02 -5.850976236428914040e-02 -5.832121222146295636e-02 -5.811594520453598756e-02 -5.789711934823710271e-02 -5.766783356549932266e-02 -5.743104837269229213e-02 -5.718952463264818931e-02 -5.694578037936518650e-02 -5.670206447131709293e-02 -5.646034494179275748e-02 -5.622230944909178962e-02 -5.598937510511641652e-02 -5.576270508696450079e-02 -5.554322972233501771e-02 -5.533167010855900153e-02 -5.512856271772827166e-02 -5.493428381619758216e-02 -5.474907286143661928e-02 -5.457305432120859029e-02 -5.440625758671985973e-02 -5.424863482576576523e-02 -5.410007675019160023e-02 -5.396042636170094581e-02 -5.382949079881774179e-02 -5.370705144268252823e-02 -5.359287245645204256e-02 -5.348670793743079410e-02 -5.338830785671869888e-02 -5.329742295121243228e-02 -5.321380871957739206e-02 -5.313722865897486242e-02 -5.306745686406497131e-02 -5.300428009488515613e-02 -5.294749940611688521e-02 -5.289693141727178083e-02 -5.285240929158731282e-02 -5.281378348093004882e-02 -5.278092228473089259e-02 -5.275371226281549975e-02 -5.273205853484783101e-02 -5.271588499283069024e-02 -5.270513444758601757e-02 -5.269976872522915551e-02 -5.269976872522915551e-02
-6.305018029356626585e-02 -6.305018029356626585e-02 -6.300179634826147401e-02 -6.290606732216828811e-02 -6.276501715643539869e-02 -6.258155231720076428e-02 -6.235931985081422102e-02 -6.210253849958112526e-02 -6.181581676508662859e-02 -6.150397149851575401e-02 -6.117185877695650170e-02 -6.082422596693706079e-02 -6.046559056372154822e-02 -6.010014816905162593e-02 -5.973170922955028245e-02 -5.936366211878180144e-02 -5.899895885648227811e-02 -5.864011914595725766e-02 -5.828924833498248109e-02 -5.794806520550450230e-02 -5.761793602243028833e-02 -5.729991189896727760e-02 -5.699476717579794738e-02 -5.670303710583531054e-02 -5.642505365335323542e-02 -5.616097864307538490e-02 -5.591083383139786728e-02 -5.567452772606049094e-02 -5.545187916384904797e-02 -5.524263778108644274e-02 -5.504650159110259511e-02 -5.486313192758913299e-02 -5.469216603207135985e-02 -5.453322756522799991e-02 -5.438593531137733000e-02 -5.424991032761357357e-02 -5.412478176712721967e-02 -5.401019158251547242e-02 -5.390579829100033971e-02 -5.381127996046567580e-02 -5.372633655373433570e-02 -5.365069174887163173e-02 -5.358409433564805674e-02 -5.352631927261439909e-02 -5.347716847543200480e-02 -5.343647139500579124e-02 -5.340408543340013914e-02 -5.337989623627352465e-02 -5.336381789244887264e-02 -5.335579306403438749e-02 -5.335579306403438749e-02
-6.701708077713847134e-02 -6.701708077713847134e-02 -6.695097788219080137e-02 -6.682023858109473191e-02 -6.662771663095248820e-02 -6.637750232124696448e-02 -6.607471458768217343e-02 -6.572525501817387539e-02 -6.533554484082652880e-02 -6.491226524752456706e-02 -6.446211829417738959e-02 -6.399162096161292723e-02 -6.350693974624796456e-02 -6.301376825033010165e-02 -6.251724625104701505e-02 -6.202191591782293262e-02 -6.153170921944364075e-02 -6.104995994331963161e-02 -6.057943388339984137e-02 -6.012237137768976919e-02 -5.968053726296420475e-02 -5.925527428913274219e-02 -5.884755698071277019e-02 -5.845804377804521973e-02 -5.808712600311926461e-02 -5.773497276639631692e-02 -5.740157136979111979e-02 -5.708676308328555077e-02 -5.679027439811469569e-02 -5.651174400775101775e-02 -5.625074585697570351e-02 -5.600680864455941099e-02 -5.577943217907618823e-02 -5.556810098009327958e-02 -5.537229549601042217e-02 -5.519150128079924889e-02 -5.502521643886494618e-02 -5.487295761302245223e-02 -5.473426475701882732e-02 -5.460870490230684826e-02 -5.449587509954757769e-02 -5.439540468889697555e-02 -5.430695702958396320e-02 -5.423023079851294059e-02 -5.416496094944256434e-02 -5.411091940844141995e-02 -5.406791556753939160e-02 -5.403579662648054505e-02 -5.401444782196778566e-02 -5.400379257449141462e-02 -5.400379257449141462e-02
-7.105008415569540048e-02 -7.105008415569540048e-02 -7.096479582230598437e-02 -7.079619248910484774e-02 -7.054810846507068856e-02 -7.022602574919063756e-02 -6.983678116053215756e-02 -6.938822214464480942e-02 -6.888884233256067913e-02 -6.834742635661895938e-02 -6.777272819065657816e-02 -6.717319983913111470e-02 -6.655677920936992065e-02 -6.593073883501734955e-02 -6.530159160652897199e-02 -6.467504608206448014e-02 -6.405600216019576021e-02 -6.344857752452488786e-02 -6.285615587765545909e-02 -6.228144915893941980e-02 -6.172656736265381278e-02 -6.119309101393752282e-02 -6.068214267992687316e-02 -6.019445502256611652e-02 -5.973043381473578523e-02 -5.929021504965397565e-02 -5.887371579814008188e-02 -5.848067883923200455e-02 -5.811071133763015539e-02 -5.776331799488501617e-02 -5.743792918454836138e-02 -5.713392461465585659e-02 -5.685065305964062676e-02 -5.658744868011916784e-02 -5.634364441183314226e-02 -5.611858286076999713e-02 -5.591162509457332785e-02 -5.572215767375353346e-02 -5.554959822180904894e-02 -5.539339979225934435e-02 -5.525305425331643316e-02 -5.512809487764962907e-02 -5.501809829534289042e-02 -5.492268594247628338e-02 -5.484152511544954089e-02 -5.477432972184376192e-02 -5.472086080190149970e-02 -5.468092688020757819e-02 -5.465438419451654206e-02 -5.464113683753833717e-02 -5.464113683753833717e-02
-7.516837586767854962e-02 -7.516837586767854962e-02 -7.506192876226952526e-02 -7.485162708798490105e-02 -7.454249899107218136e-02 -7.414171104995025130e-02 -7.365816216064918764e-02 -7.310201006735106422e-02 -7.248417598819167917e-02 -7.181586965577382853e-02 -7.110816827273952478e-02 -7.037167099492643019e-02 -6.961623841712553939e-02 -6.885081627388352221e-02 -6.808333525803107744e-02 -6.732067464375517118e-02 -6.656867581479598839e-02 -6.583219211697545481e-02 -6.511516294380567671e-02 -6.442070201780736305e-02 -6.375119201482380704e-02 -6.310837972408733787e-02 -6.249346770254273625e-02 -6.190719981760913621e-02 -6.134993918365726218e-02 -6.082173781939807788e-02 -6.032239793393846805e-02 -5.985152513792830337e-02 -5.940857411834597757e-02 -5.899288744966823400e-02 -5.860372827173542659e-02 -5.824030756993431313e-02 -5.790180676477114929e-02 -5.758739626897030339e-02 -5.729625061049431478e-02 -5.702756065593619916e-02 -5.678054340496729857e-02 -5.655444976567228221e-02 -5.634857066426810640e-02 -5.616224179166898200e-02 -5.599484724387366469e-02 -5.584582227310686681e-02 -5.571465533172667572e-02 -5.560088956066527172e-02 -5.550412384810114730e-02 -5.542401356164845111e-02 -5.536027103808125599e-02 -5.531266589799788136e-02 -5.528102523841869897e-02 -5.526523374367330044e-02 -5.526523374367330044e-02
-7.939311468510681924e-02 -7.939311468510681924e-02 -7.926291627114490090e-02 -7.900588810952943741e-02 -7.862854936131949413e-02 -7.814015729892632989e-02 -7.755214636480059487e-02 -7.687747997595684168e-02 -7.612998189711990549e-02 -7.532370800558466084e-02 -7.447240424964163275e-02 -7.358907745075063400e-02 -7.268568719036415382e-02 -7.177295258540290768e-02 -7.086025850800038717e-02 -6.995564142017381137e-02 -6.906583433830325303e-02 -6.819635218482175687e-02 -6.735160176283205846e-02 -6.653500395370916254e-02 -6.574911895479619572e-02 -6.499576816509590460e-02 -6.427614858859910518e-02 -6.359093736172286015e-02 -6.294038528293939561e-02 -6.232439911039693720e-02 -6.174261298034263573e-02 -6.119444966025282262e-02 -6.067917254821408174e-02 -6.019592941376422646e-02 -5.974378888284924416e-02 -5.932177062863405043e-02 -5.892887016059915328e-02 -5.856407902055721371e-02 -5.822640110529884311e-02 -5.791486574757503947e-02 -5.762853810374981428e-02 -5.736652731976314007e-02 -5.712799287798545067e-02 -5.691214946633878918e-02 -5.671827065746683216e-02 -5.654569163924221681e-02 -5.639381119785671914e-02 -5.626209312042237953e-02 -5.615006715470698129e-02 -5.605732963863346158e-02 -5.598354389084322230e-02 -5.592844043535010606e-02 -5.589181711755328991e-02 -5.587353915512909691e-02 -5.587353915512909691e-02
-8.374805191653232617e-02 -8.374805191653232617e-02 -8.359073352770918230e-02 -8.328045971770410560e-02 -8.282565304578592968e-02 -8.223822241967129743e-02 -8.153278602370693517e-02 -8.072578157459314729e-02 -7.983456361878456253e-02 -7.887657621984224543e-02 -7.786866326953147122e-02 -7.682654736811087015e-02 -7.576448030821908430e-02 -7.469504836940596415e-02 -7.362910476843716190e-02 -7.257579819068077365e-02 -7.154266793346679421e-02 -7.053578052122279340e-02 -6.955988796903900262e-02 -6.861859307944943864e-02 -6.771451168560520262e-02 -6.684942539295148090e-02 -6.602442112508619121e-02 -6.524001575779626860e-02 -6.449626547603368176e-02 -6.379286035896182538e-02 -6.312920521683730579e-02 -6.250448797458230121e-02 -6.191773700055009516e-02 -6.136786877438299426e-02 -6.085372721732168477e-02 -6.037411590121263133e-02 -5.992782422849394358e-02 -5.951364854742111077e-02 -5.913040904263006103e-02 -5.877696312537711298e-02 -5.845221594275618743e-02 -5.815512853170798357e-02 -5.788472406163511219e-02 -5.764009253829786850e-02 -5.742039428047700927e-02 -5.722486242860311961e-02 -5.705280470010059418e-02 -5.690360456852595894e-02 -5.677672201173650929e-02 -5.667169394740100008e-02 -5.658813445137406140e-02 -5.652573483507217222e-02 -5.648426364138142697e-02 -5.646356660422692519e-02 -5.646356660422692519e-02
-8.826030753681554653e-02 -8.826030753681554653e-02 -8.807150620549006326e-02 -8.769956418782678953e-02 -8.715538068448407116e-02 -8.645429331030153597e-02 -8.561499373579893601e-02 -8.465829667996142838e-02 -8.360591478362043583e-02 -8.247936998550643717e-02 -8.129912524057031353e-02 -8.008396844398218972e-02 -7.885063830503634408e-02 -7.761365581560664140e-02 -7.638531400570440499e-02 -7.517577864068934745e-02 -7.399325868370541792e-02 -7.284421399760956928e-02 -7.173357651269889057e-02 -7.066496870949245945e-02 -6.964090931527291972e-02 -6.866300059606894601e-02 -6.773209476104904980e-02 -6.684843906839446626e-02 -6.601180050449041714e-02 -6.522157163263349322e-02 -6.447685955351754872e-02 -6.377656002074470754e-02 -6.311941870507781216e-02 -6.250408146595351488e-02 -6.192913531090016299e-02 -6.139314153045996592e-02 -6.089466230480267833e-02 -6.043228189806379436e-02 -6.000462339248435750e-02 -5.961036176860894792e-02 -5.924823401025218483e-02 -5.891704680274040956e-02 -5.861568229861251894e-02 -5.834310234480453300e-02 -5.809835149760447098e-02 -5.788055909465752991e-02 -5.768894060548156871e-02 -5.752279844190975877e-02 -5.738152237637775266e-02 -5.726458968792574877e-02 -5.717156513224583292e-02 -5.710210081224917356e-02 -5.705593600873953841e-02 -5.703289701623649732e-02 -5.703289701623649732e-02
-9.296136448845962463e-02 -9.296136448845962463e-02 -9.273541956964398425e-02 -9.229091014366411216e-02 -9.164201219405698762e-02 -9.080857640128679742e-02 -8.981459892926110800e-02 -8.868649662586913784e-02 -8.745142885026603585e-02 -8.613586369803040432e-02 -8.476449926329961138e-02 -8.335956286225075507e-02 -8.194044865237792852e-02 -8.052362258232131920e-02 -7.912271679812696301e-02 -7.774874368271041114e-02 -7.641037416310052233e-02 -7.511424027285690252e-02 -7.386523537470127132e-02 -7.266679593059653663e-02 -7.152115626997394837e-02 -7.042957291505221040e-02 -6.939251825469765211e-02 -6.840984525029414343e-02 -6.748092584095302660e-02 -6.660476611361808297e-02 -6.578010134390960273e-02 -6.500547384985674859e-02 -6.427929633311951774e-02 -6.359990307351083560e-02 -6.296559102992371759e-02 -6.237465260498343406e-02 -6.182540156225277417e-02 -6.131619334760763512e-02 -6.084544086069573754e-02 -6.041162654638393414e-02 -6.001331152696551957e-02 -5.964914237045187279e-02 -5.931785598533333148e-02 -5.901828304476718079e-02 -5.874935027054311448e-02 -5.851008184700556142e-02 -5.829960018532338167e-02 -5.811712621731907058e-02 -5.796197936400458717e-02 -5.783357729574415546e-02 -5.773143557750035765e-02 -5.765516727300527139e-02 -5.760448256515719734e-02 -5.757918843580926704e-02 -5.757918843580926704e-02
-9.788836635897622818e-02 -9.788836635897622818e-02 -9.761789744101720401e-02 -9.708664462317873056e-02 -9.631318154683565780e-02 -9.532340117156518078e-02 -9.414832895412512948e-02 -9.282166204402314547e-02 -9.137744029358021991e-02 -8.984815669308614250e-02 -8.826344525238476180e-02 -8.664933508938199580e-02 -8.502797085994302784e-02 -8.341766906321462782e-02 -8.183318692181365539e-02 -8.028610512896797169e-02 -7.878525401317355847e-02 -7.733713755606162754e-02 -7.594632878269926002e-02 -7.461582336826605433e-02 -7.334734691902278225e-02 -7.214161653951797759e-02 -7.099856009244598365e-02 -6.991749783718319289e-02 -6.889729149546232334e-02 -6.793646563703001351e-02 -6.703330585870076463e-02 -6.618593770170877466e-02 -6.539238970408918494e-02 -6.465064346510386584e-02 -6.395867313035882851e-02 -6.331447629735621752e-02 -6.271609799167701671e-02 -6.216164906947871382e-02 -6.164932015636812729e-02 -6.117739202932732934e-02 -6.074424318083639085e-02 -6.034835516683108997e-02 -5.998831622756505000e-02 -5.966282357845161671e-02 -5.937068469285956135e-02 -5.911081783756293173e-02 -5.888225207155232954e-02 -5.868412687810389133e-02 -5.851569156664297028e-02 -5.837630455361170201e-02 -5.826543260907206950e-02 -5.818265013718043610e-02 -5.812763854314088180e-02 -5.810018572610027576e-02 -5.810018572610027576e-02
-1.030858371477920837e-01 -1.030858371477920837e-01 -1.027611592125855372e-01 -1.021245893614492889e-01 -1.012006681986907797e-01 -1.000235177840914924e-01 -9.863365367169844855e-02 -9.707438230255578671e-02 -9.538851358698119398e-02 -9.361587752838523846e-02 -9.179178996380842059e-02 -8.994636138298744976e-02 -8.810443063483663906e-02 -8.628589588882099037e-02 -8.450625669698648423e-02 -8.277723589821689432e-02 -8.110739920460798003e-02 -7.950272715556175318e-02 -7.796711883181417502e-02 -7.650282184079296166e-02 -7.511079149838152669e-02 -7.379098623160050552e-02 -7.254260773843571042e-02 -7.136429451058193263e-02 -7.025427666673569882e-02 -6.921049908039254850e-02 -6.823071875220940163e-02 -6.731258139424406428e-02 -6.645368131648095311e-02 -6.565160795251388792e-02 -6.490398172910952224e-02 -6.420848146246460608e-02 -6.356286503768014684e-02 -6.296498478232255558e-02 -6.241279866603181847e-02 -6.190437823378249632e-02 -6.143791400028392191e-02 -6.101171888853383629e-02 -6.062423017970752781e-02 -6.027401034867854723e-02 -5.995974708494480887e-02 -5.968025273889877164e-02 -5.943446338528418638e-02 -5.922143765696655932e-02 -5.904035547091725233e-02 -5.889051674305335882e-02 -5.877134016806177114e-02 -5.868236212356960774e-02 -5.862323574419170402e-02 -5.859373019941693100e-02 -5.859373019941693100e-02
-1.086079858757363209e-01 -1.086079858757363209e-01 -1.082163129037125859e-01 -1.074498854141571480e-01 -1.063413841038418350e-01 -1.049363480949694893e-01 -1.032883856462071537e-01 -1.014536999075908164e-01 -9.948635422344552504e-02 -9.743504986970161208e-02 -9.534147569151248114e-02 -9.323988984395967239e-02 -9.115749440763365463e-02 -8.911522716028581759e-02 -8.712870807913528082e-02 -8.520918256234732979e-02 -8.336437975152294344e-02 -8.159925302980787498e-02 -7.991659754824848028e-02 -7.831755366475709468e-02 -7.680201100215791610e-02 -7.536892915011596250e-02 -7.401659011916486564e-02 -7.274279580002451784e-02 -7.154502158055851824e-02 -7.042053526564871768e-02 -6.936648867555469944e-02 -6.837998780663226417e-02 -6.745814621513303300e-02 -6.659812529941845638e-02 -6.579716437115880334e-02 -6.505260278577133792e-02 -6.436189591431584756e-02 -6.372262635615992543e-02 -6.313251149171510146e-02 -6.258940823954851906e-02 -6.209131569804519218e-02 -6.163637620737559553e-02 -6.122287525411600900e-02 -6.084924055167403173e-02 -6.051404055940663718e-02 -6.021598264786780230e-02 -5.995391107378399143e-02 -5.972680489362618139e-02 -5.953377591707167960e-02 -5.937406677968844193e-02 -5.924704919661803043e-02 -5.915222244491050857e-02 -5.908921211070552321e-02 -5.905776912802496864e-02 -5.905776912802496864e-02
-1.145218076250418549e-01 -1.145218076250418549e-01 -1.140462211582276147e-01 -1.131172553232061839e-01 -1.117786347248936607e-01 -1.100921048517593814e-01 -1.081298409122334186e-01 -1.059656774585601841e-01 -1.036681535296160583e-01 -1.012964920355106241e-01 -9.889917308861755074e-02 -9.651422789374197730e-02 -9.417042999149016769e-02 -9.188881026559238274e-02 -8.968416589696186214e-02 -8.756640652055582008e-02 -8.554168420937145745e-02 -8.361330766394246827e-02 -8.178246466666017067e-02 -8.004878426787563617e-02 -7.841076969542493114e-02 -7.686612924758960685e-02 -7.541202778813343999e-02 -7.404527698984403328e-02 -7.276247858987747175e-02 -7.156013172614233975e-02 -7.043471287778284295e-02 -6.938273494165245192e-02 -6.840079043805678827e-02 -6.748558265892530550e-02 -6.663394767039371169e-02 -6.584286939520497817e-02 -6.510948947771151574e-02 -6.443111323634667653e-02 -6.380521270518116350e-02 -6.322942753471291755e-02 -6.270156434503498799e-02 -6.221959498887012080e-02 -6.178165407777014978e-02 -6.138603604455875051e-02 -6.103119195320415302e-02 -6.071572621944642395e-02 -6.043839336842270898e-02 -6.019809492674781798e-02 -5.999387652412040139e-02 -5.982492526207647265e-02 -5.969056739387728489e-02 -5.959026634881494505e-02 -5.952362112576105313e-02 -5.949036507401863488e-02 -5.949036507401863488e-02
-1.209112164708456560e-01 -1.209112164708456560e-01 -1.203295093693400042e-01 -1.191942804539223716e-01 -1.175637948312730774e-01 -1.155235957424902843e-01 -1.131731957094438412e-01 -1.106110154884364788e-01 -1.079240904016514069e-01 -1.051835916542533667e-01 -1.024444967337568985e-01 -9.974741865093861293e-02 -9.712118739902936282e-02 -9.458541801367018054e-02 -9.215273872260361376e-02 -8.983059341358368144e-02 -8.762264290150693913e-02 -8.552982874997418217e-02 -8.355116918661902037e-02 -8.168434904470685265e-02 -7.992615426412401358e-02 -7.827279035673279095e-02 -7.672011479598514483e-02 -7.526380578139167665e-02 -7.389948406301716233e-02 -7.262280017131353405e-02 -7.142949616783605959e-02 -7.031544864419317364e-02 -6.927669793657237340e-02 -6.830946722788928949e-02 -6.741017425634368565e-02 -6.657543764700209199e-02 -6.580207936503805477e-02 -6.508712440639453922e-02 -6.442779855801090971e-02 -6.382152484914868640e-02 -6.326591915857379678e-02 -6.275878532536247056e-02 -6.229811002359899458e-02 -6.188205759565043595e-02 -6.150896498946899910e-02 -6.117733690835559790e-02 -6.088584125377754369e-02 -6.063330492088731677e-02 -6.041870999065116626e-02 -6.024119035068546679e-02 -6.010002876806561090e-02 -5.999465443077693638e-02 -5.992464096957125785e-02 -5.988970496833603135e-02 -5.988970496833603135e-02
-1.278823405382847056e-01 -1.278823405382847056e-01 -1.271663270246796706e-01 -1.257665682727072409e-01 -1.237586709608162472e-01 -1.212652883288224265e-01 -1.184283308677939878e-01 -1.153810984178155752e-01 -1.122336009401225798e-01 -1.090692874470322038e-01 -1.059478035413827374e-01 -1.029097625772788377e-01 -9.998148294005712589e-02 -9.717893566749304102e-02 -9.451077756623782467e-02 -9.198058550970884817e-02 -8.958846523314045740e-02 -8.733219524787147470e-02 -8.520803428517957634e-02 -8.321128846025471759e-02 -8.133670795967878897e-02 -7.957876311928084589e-02 -7.793183525773236808e-02 -7.639034727677113112e-02 -7.494885170953795306e-02 -7.360208872831158766e-02 -7.234502297810875560e-02 -7.117286553076680733e-02 -7.008108543620632236e-02 -6.906541405977287273e-02 -6.812184448014745042e-02 -6.724662757148019976e-02 -6.643626592910349682e-02 -6.568750646624280098e-02 -6.499733227138010383e-02 -6.436295414535861403e-02 -6.378180211481106199e-02 -6.325151713046976709e-02 -6.276994309567614228e-02 -6.233511932503876113e-02 -6.194527350072993876e-02 -6.159881517079404678e-02 -6.129432981750944365e-02 -6.103057351243808965e-02 -6.080646816697696244e-02 -6.062109738201430092e-02 -6.047370289698862644e-02 -6.036368163672197612e-02 -6.029058335347712433e-02 -6.025410886148437062e-02 -6.025410886148437062e-02
-1.355695841317907102e-01 -1.355695841317907102e-01 -1.346869900964156319e-01 -1.329470738457416701e-01 -1.304390634090903667e-01 -1.273505639620464702e-01 -1.238937427264379387e-01 -1.202514466775227164e-01 -1.165599275415891700e-01 -1.129121536592495867e-01 -1.093676674084163164e-01 -1.059623451768880453e-01 -1.027160461164767780e-01 -9.963806415004564099e-02 -9.673085036518437596e-02 -9.399250582591324454e-02 -9.141843727351593729e-02 -8.900245272323460688e-02 -8.673748424601729345e-02 -8.461606255149933808e-02 -8.263062599510252737e-02 -8.077371890302766089e-02 -7.903811583894186643e-02 -7.741689635847325002e-02 -7.590348677010365364e-02 -7.449168005433895456e-02 -7.317564148557451076e-02 -7.194990506461408641e-02 -7.080936421776902467e-02 -6.974925909490517495e-02 -6.876516203305087227e-02 -6.785296222972632407e-02 -6.700885031371243972e-02 -6.622930325815315489e-02 -6.551106991596901408e-02 -6.485115734615605476e-02 -6.424681802490418703e-02 -6.369553798609220441e-02 -6.319502590366019024e-02 -6.274320310816222657e-02 -6.233819451768213282e-02 -6.197832045664580791e-02 -6.166208933309295925e-02 -6.138819114444388908e-02 -6.115549178286975446e-02 -6.096302811347185935e-02 -6.081000380121858589e-02 -6.069578586571123396e-02 -6.061990194619698569e-02 -6.058203826270614628e-02 -6.058203826270614628e-02
-1.441408273823226727e-01 -1.441408273823226727e-01 -1.430663107378468413e-01 -1.408967413532880297e-01 -1.377003188913852871e-01 -1.338042491335469097e-01 -1.295446456552089842e-01 -1.251710206038151585e-01 -1.208425092567359804e-01 -1.166517322882862639e-01 -1.126483672621571008e-01 -1.088559046061197966e-01 -1.052822921990312494e-01 -1.019264244510735135e-01 -9.878205391857962370e-02 -9.584015015528327130e-02 -9.309032531181646308e-02 -9.052169412557622974e-02 -8.812338742419961735e-02 -8.588485150466826368e-02 -8.379601456625108968e-02 -8.184737065883340712e-02 -8.003001283658328635e-02 -7.833563554812686403e-02 -7.675651895811615166e-02 -7.528550323341877404e-02 -7.391595784529013391e-02 -7.264174902440075077e-02 -7.145720727540660899e-02 -7.035709606908463476e-02 -6.933658232748222960e-02 -6.839120900072027942e-02 -6.751686983792609675e-02 -6.670978633674831682e-02 -6.596648678824759693e-02 -6.528378729845384087e-02 -6.465877465261946067e-02 -6.408879088539735924e-02 -6.357141942477337326e-02 -6.310447268633144480e-02 -6.268598100525465955e-02 -6.231418280507868696e-02 -6.198751591383749177e-02 -6.170460994944004796e-02 -6.146427970665179624e-02 -6.126551948785052132e-02 -6.110749832876845311e-02 -6.098955607877343948e-02 -6.091120030295952420e-02 -6.087210398050320326e-02 -6.087210398050320326e-02
-1.538055930516074588e-01 -1.538055930516074588e-01 -1.525588283687017710e-01 -1.498879894813022196e-01 -1.456656923045962504e-01 -1.406223726712824418e-01 -1.353097163446135842e-01 -1.300455013331186793e-01 -1.249873592075812917e-01 -1.202038992863866951e-01 -1.157181647811006409e-01 -1.115306137902788569e-01 -1.076307936228952794e-01 -1.040032875367150195e-01 -1.006307907028185095e-01 -9.749571556486312518e-02 -9.458101969293096489e-02 -9.187061104309630910e-02 -8.934951982058035591e-02 -8.700394147676802914e-02 -8.482121010644659564e-02 -8.278973632951938666e-02 -8.089892930048007968e-02 -7.913911403938526934e-02 -7.750145028086684318e-02 -7.597785607598249447e-02 -7.456093763782023487e-02 -7.324392591234708816e-02 -7.202061979042732875e-02 -7.088533557860127177e-02 -6.983286220713076642e-02 -6.885842160780493437e-02 -6.795763370058253983e-02 -6.712648546272639849e-02 -6.636130360187997290e-02 -6.565873040685371587e-02 -6.501570240178453086e-02 -6.442943147816701521e-02 -6.389738822376764271e-02 -6.341728720719909396e-02 -6.298707401199063471e-02 -6.260491384464121623e-02 -6.226918156780314462e-02 -6.197845303289226115e-02 -6.173149760651235746e-02 -6.152727180257570871e-02 -6.136491394729709503e-02 -6.124373981772056330e-02 -6.116323920643056133e-02 -6.112307337591006695e-02 -6.112307337591006695e-02
-1.649805875318820225e-01 -1.649805875318820225e-01 -1.637282218299279390e-01 -1.606400967917801792e-01 -1.545045606945044947e-01 -1.477186687230150341e-01 -1.410275597658759983e-01 -1.347140570555418471e-01 -1.288575436211220893e-01 -1.234583426500192316e-01 -1.184897789689362130e-01 -1.139175921693774268e-01 -1.097069809673864860e-01 -1.058251413702806648e-01 -1.022421057911695325e-01 -9.893090170845976472e-02 -9.586742685198848535e-02 -9.303021053333947188e-02 -9.040013933830080839e-02 -8.796018447542162944e-02 -8.569514805329413176e-02 -8.359143525236509276e-02 -8.163685399648129559e-02 -7.982044102811775010e-02 -7.813231205003479118e-02 -7.656353315187672259e-02 -7.510601071771483284e-02 -7.375239719679474448e-02 -7.249601039541019032e-02 -7.133076424781897851e-02 -7.025110931469213948e-02 -6.925198152284460507e-02 -6.832875789393194621e-02 -6.747721821175459156e-02 -6.669351174975288177e-02 -6.597412832535791416e-02 -6.531587306955996541e-02 -6.471584440178113073e-02 -6.417141478499424623e-02 -6.368021390677015836e-02 -6.324011399093176777e-02 -6.284921699375697890e-02 -6.250584347990652268e-02 -6.220852300787852590e-02 -6.195598588399515300e-02 -6.174715616870854462e-02 -6.158114584018942878e-02 -6.145725003844715317e-02 -6.137494332919811446e-02 -6.133387694086256392e-02 -6.133387694086256392e-02
-1.811888932363012739e-01 -1.811888932363012739e-01 -1.803915771256654199e-01 -1.775649201879112571e-01 -1.645877048256807751e-01 -1.547991012822695911e-01 -1.463767164844390622e-01 -1.389265473676652984e-01 -1.322705064040455014e-01 -1.262821573613444603e-01 -1.208650170785298822e-01 -1.159429950244919433e-01 -1.114543967136871067e-01 -1.073481911864847260e-01 -1.035815893832088830e-01 -1.001183586258607011e-01 -9.692757547326383283e-02 -9.398266490001375151e-02 -9.126064252390483911e-02 -8.874150903336813778e-02 -8.640776237898925571e-02 -8.424400263021301904e-02 -8.223661040501099861e-02 -8.037348402661964597e-02 -7.864382373932919668e-02 -7.703795376382721605e-02 -7.554717488442115603e-02 -7.416364176176136469e-02 -7.288026034665556763e-02 -7.169060170262886444e-02 -7.058882928103167587e-02 -6.956963727500767303e-02 -6.862819814060527879e-02 -6.776011774066695303e-02 -6.696139686007974989e-02 -6.622839807532651668e-02 -6.555781714937820859e-02 -6.494665827446588491e-02 -6.439221260772116928e-02 -6.389203964401915514e-02 -6.344395105127340062e-02 -6.304599665961288513e-02 -6.269645235025246566e-02 -6.239380963478524666e-02 -6.213676675294659696e-02 -6.192422114813955769e-02 -6.175526320637075156e-02 -6.162917116674653667e-02 -6.154540713111824463e-02 -6.150361411754561719e-02 -6.150361411754561719e-02
-2.585199978643553664e-01 -2.585199978643553664e-01 -2.585199978643553664e-01 -2.585199978643553664e-01 -1.777019291027884529e-01 -1.611112942526945202e-01 -1.508070067394778890e-01 -1.423495091271139990e-01 -1.350161673870089452e-01 -1.285347961481654866e-01 -1.227451397146352430e-01 -1.175349743675008912e-01 -1.128194196958209744e-01 -1.085316372804282642e-01 -1.046177019294939337e-01 -1.010333679385596456e-01 -9.774185151523288873e-02 -9.471223106958813476e-02 -9.191825682397945785e-02 -8.933744675520119416e-02 -8.695038979912755872e-02 -8.474020248453405235e-02 -8.269210096677866162e-02 -8.079306093407047362e-02 -7.903154511688625927e-02 -7.739728327973412203e-02 -7.588109329443465390e-02 -7.447473461922851645e-02 -7.317078752687750098e-02 -7.196255293506551021e-02 -7.084396883185548055e-02 -6.980954015560758563e-02 -6.885427965287363450e-02 -6.797365775028799129e-02 -6.716355987463332178e-02 -6.642024996655149227e-02 -6.574033917822240392e-02 -6.512075893904566148e-02 -6.455873772746852091e-02 -6.405178101037550809e-02 -6.359765391059386819e-02 -6.319436624323312990e-02 -6.284015962677037825e-02 -6.253349642812844333e-02 -6.227305034493189201e-02 -6.205769846459796568e-02 -6.188651467047333321e-02 -6.175876429111597926e-02 -6.167389991104874764e-02 -6.163155828072218456e-02 -6.163155828072218456e-02
-2.585199978643553664e-01 -2.585199978643553664e-01 -2.585199978643553664e-01 -2.585199978643553664e-01 -1.805779338998632910e-01 -1.642951596163332306e-01 -1.536043992336537656e-01 -1.446635466100340273e-01 -1.369109777487791113e-01 -1.300958044981273820e-01 -1.240457777467250250e-01 -1.186323435413345478e-01 -1.137566704617814783e-01 -1.093412363131576470e-01 -1.053242131160742751e-01 -1.016555596837096925e-01 -9.829423157956086732e-02 -9.520615103916758859e-02 -9.236270694726633756e-02 -8.973963136437390631e-02 -8.731614757783145997e-02 -8.507431654206418226e-02 -8.299853004354768027e-02 -8.107511362604709337e-02 -7.929201251446231502e-02 -7.763854094384063653e-02 -7.610518039440818117e-02 -7.468341589389507207e-02 -7.336560220661594856e-02 -7.214485367895677459e-02 -7.101495295577460454e-02 -6.997027486275185504e-02 -6.900572256505277391e-02 -6.811667373303793849e-02 -6.729893492167469959e-02 -6.654870273808508041e-02 -6.586253065797623152e-02 -6.523730057608835564e-02 -6.467019835279476381e-02 -6.415869275948411776e-02 -6.370051733755739687e-02 -6.329365477601989198e-02 -6.293632348553231115e-02 -6.262696610609128078e-02 -6.236423973411997501e-02 -6.214700769491274257e-02 -6.197433271987445175e-02 -6.184547141626125372e-02 -6.175986994130462648e-02 -6.171716081363830264e-02 -6.171716081363830264e-02
-2.585199978643553664e-01 -2.585199978643553664e-01 -2.585199978643553664e-01 -2.585199978643553664e-01 -1.813937865096212632e-01 -1.655899287182326929e-01 -1.549107759411661456e-01 -1.458081244860676973e-01 -1.378697979384812533e-01 -1.308917734685878520e-01 -1.247098315349839809e-01 -1.191919522417960176e-01 -1.142336823487204028e-01 -1.097524243985463221e-01 -1.056823545383088064e-01 -1.019704261007085278e-01 -9.857336408017466911e-02 -9.545543456029606522e-02 -9.258678856158689130e-02 -8.994222417724083429e-02 -8.750025260580578113e-02 -8.524238606239069316e-02 -8.315258903934917567e-02 -8.121685101215767033e-02 -7.942285037112636892e-02 -7.775968758681015003e-02 -7.621767144551569451e-02 -7.478814635538209854e-02 -7.346335172679002712e-02 -7.223630661842737888e-02 -7.110071444959174813e-02 -7.005088377463071503e-02 -6.908166201160680087e-02 -6.818837969519603304e-02 -6.736680334100311751e-02 -6.661309540619927971e-02 -6.592378013957096716e-02 -6.529571435459931295e-02 -6.472606234820116322e-02 -6.421227433727244582e-02 -6.375206790419570002e-02 -6.334341203782126173e-02 -6.298451343331264163e-02 -6.267380477664946659e-02 -6.240993479060941845e-02 -6.219175986112426835e-02 -6.201833709791628596e-02 -6.188891871281593238e-02 -6.180294762433623246e-02 -6.176005421895421760e-02 -6.176005421895421760e-02
-2.585199978643553664e-01 -2.585199978643553664e-01 -2.585199978643553664e-01 -2.585199978643553664e-01 -1.813937865096212632e-01 -1.655899287182326929e-01 -1.549107759411661456e-01 -1.458081244860676973e-01 -1.378697979384812533e-01 -1.308917734685878520e-01 -1.247098315349839809e-01 -1.191919522417960176e-01 -1.142336823487204028e-01 -1.097524243985463221e-01 -1.056823545383088064e-01 -1.019704261007085278e-01 -9.857336408017466911e-02 -9.545543456029606522e-02 -9.258678856158689130e-02 -8.994222417724083429e-02 -8.750025260580578113e-02 -8.524238606239069316e-02 -8.315258903934917567e-02 -8.121685101215767033e-02 -7.942285037112636892e-02 -7.775968758681015003e-02 -7.621767144551569451e-02 -7.478814635538209854e-02 -7.346335172679002712e-02 -7.223630661842737888e-02 -7.110071444959174813e-02 -7.005088377463071503e-02 -6.908166201160680087e-02 -6.818837969519603304e-02 -6.736680334100311751e-02 -6.661309540619927971e-02 -6.592378013957096716e-02 -6.529571435459931295e-02 -6.472606234820116322e-02 -6.421227433727244582e-02 -6.375206790419570002e-02 -6.334341203782126173e-02 -6.298451343331264163e-02 -6.267380477664946659e-02 -6.240993479060941845e-02 -6.219175986112426835e-02 -6.201833709791628596e-02 -6.188891871281593238e-02 -6.180294762433623246e-02 -6.176005421895421760e-02 -6.176005421895421760e-02
