1.000000000000000036e-10 1.000000000000000036e-10 1.000000000000000036e-10 1.000000000000000036e-10 1.581308581611337417e+22 6.284861638485661975e+21 3.777944718781504291e+21 2.732805898876301607e+21 2.183348324926492246e+21 1.852378818070594978e+21 1.634906140861966582e+21 1.483384704028221374e+21 1.373412876185885213e+21 1.291247851092916306e+21 1.228571630581492482e+21 1.180050233175082926e+21 1.142096906578966741e+21 1.112202396000823935e+21 1.088552071085764903e+21 1.069796916834894610e+21 1.054911141501394092e+21 1.043100540624233955e+21 1.033741617521536664e+21 1.026339882079938544e+21 1.020500417112769561e+21 1.015906484976661561e+21 1.012303537213710402e+21 1.009486954620778447e+21 1.007292440355974283e+21 1.005588360072781103e+21 1.004269556393410560e+21 1.003252312343331734e+21 1.002470231951899886e+21 1.001870866358474375e+21 1.001412953227652891e+21 1.001064164073107751e+21 1.000799273161905930e+21 1.000598676010334159e+21 1.000447196853122499e+21 1.000333133880994955e+21 1.000247499060975370e+21 1.000183416290749710e+21 1.000135647668117438e+21 1.000100222889468363e+21 1.000074151308349932e+21 1.000055200059864121e+21 1.000041724959825199e+21 1.000000000000000036e-10 1.000000000000000036e-10 1.000000000000000036e-10 1.000000000000000036e-10
1.000000000000000036e-10 1.000000000000000036e-10 1.000000000000000036e-10 1.000000000000000036e-10 1.581308581611337417e+22 6.284861638485661975e+21 3.777944718781504291e+21 2.732805898876301607e+21 2.183348324926492246e+21 1.852378818070594978e+21 1.634906140861966582e+21 1.483384704028221374e+21 1.373412876185885213e+21 1.291247851092916306e+21 1.228571630581492482e+21 1.180050233175082926e+21 1.142096906578966741e+21 1.112202396000823935e+21 1.088552071085764903e+21 1.069796916834894610e+21 1.054911141501394092e+21 1.043100540624233955e+21 1.033741617521536664e+21 1.026339882079938544e+21 1.020500417112769561e+21 1.015906484976661561e+21 1.012303537213710402e+21 1.009486954620778447e+21 1.007292440355974283e+21 1.005588360072781103e+21 1.004269556393410560e+21 1.003252312343331734e+21 1.002470231951899886e+21 1.001870866358474375e+21 1.001412953227652891e+21 1.001064164073107751e+21 1.000799273161905930e+21 1.000598676010334159e+21 1.000447196853122499e+21 1.000333133880994955e+21 1.000247499060975370e+21 1.000183416290749710e+21 1.000135647668117438e+21 1.000100222889468363e+21 1.000074151308349932e+21 1.000055200059864121e+21 1.000041724959825199e+21 1.000000000000000036e-10 1.000000000000000036e-10 1.000000000000000036e-10 1.000000000000000036e-10
1.000000000000000036e-10 1.000000000000000036e-10 1.000000000000000036e-10 1.000000000000000036e-10 1.537234370686585563e+22 6.082558446006717907e+21 3.675025027555799859e+21 2.675382176341172945e+21 2.149055753872726819e+21 1.830814267796307050e+21 1.620783171743498895e+21 1.473829653887799263e+21 1.366777167165698343e+21 1.286542117438389486e+21 1.225178637076957757e+21 1.177571653370120503e+21 1.140267961196056412e+21 1.110842477725116662e+21 1.087535208199219315e+21 1.069033556075426742e+21 1.054336592225504985e+21 1.042667451378031919e+21 1.033414958090592584e+21 1.026093520700734177e+21 1.020314737007030436e+21 1.015766693189800821e+21 1.012198444498081677e+21 1.009408082378098344e+21 1.007233359028729283e+21 1.005544194204065726e+21 1.004236611575178068e+21 1.003227792487547798e+21 1.002452024218588152e+21 1.001857377189022532e+21 1.001402983218604409e+21 1.001056812491705287e+21 1.000793865138566726e+21 1.000594707097879708e+21 1.000444290885023433e+21 1.000331011003833385e+21 1.000245951537582965e+21 1.000182290224945824e+21 1.000134829229308510e+21 1.000099627945070559e+21 1.000073717625830375e+21 1.000054881435158708e+21 1.000041486777823920e+21 1.000000000000000036e-10 1.000000000000000036e-10 1.000000000000000036e-10 1.000000000000000036e-10
1.000000000000000036e-10 1.000000000000000036e-10 1.000000000000000036e-10 1.000000000000000036e-10 1.340232967165049831e+22 5.472163283299347726e+21 3.421280446692629414e+21 2.548721875694288634e+21 2.077914219742637326e+21 1.787521540909072384e+21 1.592901772734227808e+21 1.455116079004861858e+21 1.353823694391302947e+21 1.277363956226488795e+21 1.218558581918326850e+21 1.172731387368932508e+21 1.136692392230063702e+21 1.108180823588903059e+21 1.085542807904481444e+21 1.067536336700953461e+21 1.053208652933398790e+21 1.041816508044897288e+21 1.032772643121002709e+21 1.025608764258810593e+21 1.019949153316521247e+21 1.015491302317010452e+21 1.011991303447398842e+21 1.009252548320863060e+21 1.007116800556424757e+21 1.005457025752548639e+21 1.004171564602007880e+21 1.003179362390279062e+21 1.002416049107619283e+21 1.001830716409552830e+21 1.001383271788704039e+21 1.001042273550551351e+21 1.000783166825296036e+21 1.000586853491984302e+21 1.000438539054392541e+21 1.000326808042768302e+21 1.000242886883904848e+21 1.000180059628326879e+21 1.000133207579022328e+21 1.000098448810748674e+21 1.000072857862734348e+21 1.000054249587903693e+21 1.000041014308963090e+21 1.000000000000000036e-10 1.000000000000000036e-10 1.000000000000000036e-10 1.000000000000000036e-10
1.591520158418291655e+22 1.591520158418291655e+22 1.546407283664328275e+22 1.346131953939463851e+22 6.839325600701647684e+21 4.180938093220683842e+21 2.985254852997527634e+21 2.351913853199843328e+21 1.972557695959936008e+21 1.724810732692114506e+21 1.552889185276701704e+21 1.428339418412244271e+21 1.335285874437204214e+21 1.264207634169314935e+21 1.209048001623967924e+21 1.165761110144677446e+21 1.131531371462535545e+21 1.104330626025314320e+21 1.082655023951391228e+21 1.065362412184141169e+21 1.051568308426049192e+21 1.040577233005217186e+21 1.031836011173272486e+21 1.024901074405470896e+21 1.019414888048766091e+21 1.015088465186720711e+21 1.011688039435874206e+21 1.009024658523809645e+21 1.006945892675907092e+21 1.005329124669301588e+21 1.004076061057731658e+21 1.003108213403941208e+21 1.002363167795783533e+21 1.001791505465748750e+21 1.001354266556953657e+21 1.001020869023105417e+21 1.000767409042667864e+21 1.000575280400684679e+21 1.000430059332011557e+21 1.000320609034266608e+21 1.000238364816591684e+21 1.000176766835005981e+21 1.000130812667092009e+21 1.000096706650002555e+21 1.000071586986848027e+21 1.000053315160642814e+21 1.000040315231472452e+21 1.000031453188057334e+21 1.000025948739869475e+21 1.000023313834876338e+21 1.000023313834876338e+21
6.375442925598704402e+21 6.375442925598704402e+21 6.164483109463703683e+21 5.532486743024088383e+21 4.206499642679880057e+21 3.205795169597184803e+21 2.556855066846177526e+21 2.134818641526502982e+21 1.849954522603657363e+21 1.649829690206388486e+21 1.504289622290084135e+21 1.395471697890203402e+21 1.312350107800351539e+21 1.247825636818404246e+21 1.197141959364135092e+21 1.156995179048361132e+21 1.125015140727806755e+21 1.099452778505077129e+21 1.078985564833834729e+21 1.062592845769727410e+21 1.049473735258397868e+21 1.038991587984986472e+21 1.030635440233332212e+21 1.023992500066208711e+21 1.018727971654771802e+21 1.014569847501770981e+21 1.011297144622220575e+21 1.008730593872682287e+21 1.006725131444446691e+21 1.005163758463712625e+21 1.003952472791583162e+21 1.003016064799585731e+21 1.002294624529228235e+21 1.001740643239250756e+21 1.001316615666919670e+21 1.000993065307442643e+21 1.000746926684951937e+21 1.000560227749340512e+21 1.000419023199938675e+21 1.000312536243010535e+21 1.000232472293756502e+21 1.000172473544503853e+21 1.000127688181486846e+21 1.000094432361174139e+21 1.000069926870618341e+21 1.000052093720061805e+21 1.000039400787450528e+21 1.000030745098972430e+21 1.000025367440883188e+21 1.000022792813077070e+21 1.000022792813077070e+21
3.858472336407206560e+21 3.858472336407206560e+21 3.748789608721854497e+21 3.480089986155034444e+21 3.021833095116518588e+21 2.572770261082937754e+21 2.209677500577468908e+21 1.933893233110636823e+21 1.727021961151096029e+21 1.570840616736731431e+21 1.451446589806466826e+21 1.358965628128991642e+21 1.286488533920463192e+21 1.229145660967655047e+21 1.183447442095819719e+21 1.146842241139867779e+21 1.117424823008865026e+21 1.093743863292980494e+21 1.074673608102466814e+21 1.059327098672193339e+21 1.046996510948827857e+21 1.037111349743316632e+21 1.029208521857303577e+21 1.022910402246467781e+21 1.017908349835818172e+21 1.013950000875564564e+21 1.010829237205236056e+21 1.008378099938794144e+21 1.006460162923459641e+21 1.004965038511237628e+21 1.003803789755496137e+21 1.002905087695090221e+21 1.002211993171126125e+21 1.001679268533617689e+21 1.001271141496107303e+21 1.000959455031764189e+21 1.000722145874402214e+21 1.000542001228785123e+21 1.000405649427670630e+21 1.000302745845752791e+21 1.000225320530044649e+21 1.000167258763500978e+21 1.000123890133139063e+21 1.000091665606900711e+21 1.000067905626222363e+21 1.000050605300343898e+21 1.000038285465758597e+21 1.000029880685245235e+21 1.000024657249028014e+21 1.000022155956882113e+21 1.000022155956882113e+21
2.805938778728575795e+21 2.805938778728575795e+21 2.743286987462503039e+21 2.605810166352301261e+21 2.393553138243733029e+21 2.160343683865542656e+21 1.945258795080526856e+21 1.762875789004387123e+21 1.613972080345439273e+21 1.494195544243557630e+21 1.398206992066181857e+21 1.321185549678722679e+21 1.259194379877357978e+21 1.209138439212371280e+21 1.168612347469227622e+21 1.135744471591292240e+21 1.109067710630472450e+21 1.087420522023653081e+21 1.069873599131285848e+21 1.055676217372346941e+21 1.044216988182817145e+21 1.034994931294910415e+21 1.027597857716609221e+21 1.021685917032753136e+21 1.016978806595995304e+21 1.013245605855186911e+21 1.010296528226924757e+21 1.007976110919810286e+21 1.006157517774866612e+21 1.004737732721619370e+21 1.003633487819170906e+21 1.002777811845481890e+21 1.002117111539767575e+21 1.001608713876598948e+21 1.001218808201449964e+21 1.000920734294121120e+21 1.000693568030725898e+21 1.000520961169243374e+21 1.000390196320123748e+21 1.000291422544236118e+21 1.000217041263457206e+21 1.000161216226352824e+21 1.000119485078874227e+21 1.000088453592854954e+21 1.000065556767251759e+21 1.000048873826159690e+21 1.000036986600428143e+21 1.000028872919206461e+21 1.000023828488928887e+21 1.000021412341897232e+21 1.000021412341897232e+21
2.250880670036245348e+21 2.250880670036245348e+21 2.212521923680209732e+21 2.133266234195999982e+21 2.016511350867535593e+21 1.881262156023132062e+21 1.746242295700497105e+21 1.622650557456523198e+21 1.514951913349032706e+21 1.423625788351905268e+21 1.347312095964174746e+21 1.284031529885589570e+21 1.231766896603221197e+21 1.188695543643033829e+21 1.153254625074775720e+21 1.124135187457282277e+21 1.100251053940971143e+21 1.080702739864614601e+21 1.064744307079212171e+21 1.051755514616554979e+21 1.041219318377572336e+21 1.032703955399647035e+21 1.025848678045006823e+21 1.020352288925447356e+21 1.015963792129664614e+21 1.012474644807179436e+21 1.009712236608317293e+21 1.007534335387626766e+21 1.005824317725565518e+21 1.004487057535715115e+21 1.003445381439306072e+21 1.002637021370955334e+21 1.002012007693635027e+21 1.001530453479900185e+21 1.001160685040601924e+21 1.000877676858692993e+21 1.000661751755418370e+21 1.000497509851066663e+21 1.000372952851338232e+21 1.000278773386637345e+21 1.000207782462137172e+21 1.000154451420852519e+21 1.000114548066921087e+21 1.000084849652119896e+21 1.000062918234213712e+21 1.000046926440085848e+21 1.000035523901121757e+21 1.000027736585032958e+21 1.000022892951850189e+21 1.000020572346580337e+21 1.000020572346580337e+21
1.915437497654299329e+21 1.915437497654299329e+21 1.890670030056230224e+21 1.841103820254278058e+21 1.769622168428265079e+21 1.684551109090282832e+21 1.595368816190741545e+21 1.509288080335611625e+21 1.430492265155887366e+21 1.360764697246955471e+21 1.300382494206438932e+21 1.248821459083450384e+21 1.205204394558214898e+21 1.168552213692549431e+21 1.137910395108805050e+21 1.112404657664364773e+21 1.091259507643259945e+21 1.073798821665953284e+21 1.059438689312641516e+21 1.047677644888480547e+21 1.038086667808533774e+21 1.030299918956665111e+21 1.024006498925218234e+21 1.018943216452493509e+21 1.014888249908846526e+21 1.011655568123326628e+21 1.009089995439421784e+21 1.007062833173802254e+21 1.005467973970576802e+21 1.004218463016674787e+21 1.003243470636363153e+21 1.002485645917301506e+21 1.001898822624573391e+21 1.001446048418693120e+21 1.001097907568764781e+21 1.000831106746049495e+21 1.000627293513378300e+21 1.000472077922027045e+21 1.000354229139377357e+21 1.000265021106600411e+21 1.000197703680003801e+21 1.000147078359792878e+21 1.000109160399442018e+21 1.000080911698294604e+21 1.000060031326118609e+21 1.000044792762483474e+21 1.000033918934495789e+21 1.000026487904269107e+21 1.000021863607581278e+21 1.000019647404578439e+21 1.000019647404578439e+21
1.694184048481734754e+21 1.694184048481734754e+21 1.677500220771723379e+21 1.644646626272388579e+21 1.597676822965712585e+21 1.540884349955017015e+21 1.479446906161534075e+21 1.417899617430977905e+21 1.359437103765772304e+21 1.305916808670572708e+21 1.258168302718411866e+21 1.216342239273167094e+21 1.180190527206003835e+21 1.149258882980120494e+21 1.123007095705707741e+21 1.100878837619757810e+21 1.082339366598451921e+21 1.066894021717384102e+21 1.054095775506997576e+21 1.043546826108357444e+21 1.034897099606743843e+21 1.027841251596761956e+21 1.022115016196407427e+21 1.017491341062794641e+21 1.013776530860391268e+21 1.010806513310659379e+21 1.008443290196005224e+21 1.006571611315313181e+21 1.005095896754717590e+21 1.003937424322584117e+21 1.003031791465785197e+21 1.002326653603029582e+21 1.001779733752858280e+21 1.001357092066367242e+21 1.001031638805364343e+21 1.000781870660163863e+21 1.000590808103508115e+21 1.000445110601387737e+21 1.000334346727796638e+21 1.000250397297081975e+21 1.000186971276891521e+21 1.000139216244478444e+21 1.000103407310526349e+21 1.000076700613499159e+21 1.000056939582335222e+21 1.000042504113554457e+21 1.000032194576468673e+21 1.000025144138442211e+21 1.000020754297314738e+21 1.000018649739892752e+21 1.000018649739892752e+21
1.539296962334357717e+21 1.539296962334357717e+21 1.527663504137649390e+21 1.504927954594543174e+21 1.472505480008327758e+21 1.432879559187971703e+21 1.389093469705020113e+21 1.344047936223248646e+21 1.300048268172650873e+21 1.258671545042576605e+21 1.220839144010599629e+21 1.186969527296468451e+21 1.157134692625674928e+21 1.131188171595364958e+21 1.108858222797822624e+21 1.089810865204247527e+21 1.073690286837799059e+21 1.060143585003972985e+21 1.048835181970135843e+21 1.039454652769200636e+21 1.031720433589667889e+21 1.025380983812132700e+21 1.020214384101610488e+21 1.016026981349318984e+21 1.012651465194094592e+21 1.009944625941978284e+21 1.007784962990386446e+21 1.006070262871872504e+21 1.004715232782443086e+21 1.003649251211288773e+21 1.002814278136937054e+21 1.002162951455657427e+21 1.001656883208207466e+21 1.001265158563889152e+21 1.000963032306050662e+21 1.000730811596793971e+21 1.000552909850338263e+21 1.000417054315024482e+21 1.000313629117552919e+21 1.000235135724002083e+21 1.000175753711953641e+21 1.000130986162445484e+21 1.000097375656431059e+21 1.000072278636762235e+21 1.000053687658946232e+21 1.000040092727374250e+21 1.000030374455729717e+21 1.000023723182881505e+21 1.000019579418007962e+21 1.000017592093706945e+21 1.000017592093706945e+21
1.426197146950302433e+21 1.426197146950302433e+21 1.417850885778700763e+21 1.401589050715446706e+21 1.378388208921474761e+21 1.349802396945840079e+21 1.317735761335513776e+21 1.284099022381572424e+21 1.250536884070342197e+21 1.218297300166558089e+21 1.188220105994505814e+21 1.160793205605987254e+21 1.136232680845621985e+21 1.114561041844120977e+21 1.095672444997353734e+21 1.079382389897600827e+21 1.065463454636808339e+21 1.053669939877074174e+21 1.043754284280639914e+21 1.035477614286644445e+21 1.028616205962294198e+21 1.022965129548110496e+21 1.018339961435017708e+21 1.014577175224814010e+21 1.011533638232614502e+21 1.009085516344901501e+21 1.007126807427683844e+21 1.005567666344367882e+21 1.004332643198957781e+21 1.003358924707070345e+21 1.002594643300868817e+21 1.001997297981616685e+21 1.001532314194974999e+21 1.001171756659128402e+21 1.000893198788467491e+21 1.000678744793382257e+21 1.000514195330363949e+21 1.000388344330185212e+21 1.000292392945472635e+21 1.000219466054461686e+21 1.000164217100133990e+21 1.000122507950103855e+21 1.000091151707463746e+21 1.000067707813794021e+21 1.000050320241148953e+21 1.000037590986170696e+21 1.000028482407847559e+21 1.000022243165488284e+21 1.000018353608554185e+21 1.000016487451693285e+21 1.000016487451693285e+21
1.341030334094035386e+21 1.341030334094035386e+21 1.334899186088261714e+21 1.322961857450698080e+21 1.305900384310062219e+21 1.284741851064632607e+21 1.260739542371669901e+21 1.235192016870476874e+21 1.209279733892222812e+21 1.183964634075784282e+21 1.159955691390315004e+21 1.137721428461768016e+21 1.117527071463018594e+21 1.099479490927195193e+21 1.083570071053938852e+21 1.069711075490575811e+21 1.057764390845678486e+21 1.047563188209459528e+21 1.038927671730406425e+21 1.031676170734078394e+21 1.025632685657312854e+21 1.020631784564038828e+21 1.016521542908480979e+21 1.013165051606528819e+21 1.010440890457427673e+21 1.008242869133087867e+21 1.006479267789636895e+21 1.005071756360347681e+21 1.003954130263247290e+21 1.003070967021655818e+21 1.002376281027967320e+21 1.001832231195363639e+21 1.001407917869930775e+21 1.001078290678007333e+21 1.000823177582742471e+21 1.000626436932295328e+21 1.000475228283941945e+21 1.000359393852437168e+21 1.000270940136150794e+21 1.000203608229526372e+21 1.000152521192786231e+21 1.000113897332421034e+21 1.000084819119391506e+21 1.000063048561913889e+21 1.000046881028661969e+21 1.000035030700346835e+21 1.000026541957757534e+21 1.000020722063118434e+21 1.000017091447379853e+21 1.000015348779854463e+21 1.000015348779854463e+21
1.275412022445606175e+21 1.275412022445606175e+21 1.270818394751999672e+21 1.261871014527676711e+21 1.249053640052993688e+21 1.233072530866704744e+21 1.214786452077954204e+21 1.195103978641552835e+21 1.174883272214596157e+21 1.154860334258447712e+21 1.135613304475257405e+21 1.117557151349151367e+21 1.100958154799911535e+21 1.085958197983032246e+21 1.072601714771984122e+21 1.060861088655031534e+21 1.050658528539936817e+21 1.041883846741754249e+21 1.034408312879680061e+21 1.028095083058851480e+21 1.022806791432031699e+21 1.018410863724105826e+21 1.014783040495528837e+21 1.011809517673822814e+21 1.009388038305360249e+21 1.007428206898237014e+21 1.005851245735673332e+21 1.004589369253792973e+21 1.003584916121759384e+21 1.002789347664723444e+21 1.002162194879058280e+21 1.001670014013091217e+21 1.001285392208908911e+21 1.000986029751917085e+21 1.000753913751616094e+21 1.000574589225203532e+21 1.000436527174924501e+21 1.000330584921931252e+21 1.000249551271573717e+21 1.000187767657240068e+21 1.000140815908023435e+21 1.000105263428890788e+21 1.000078457147331576e+21 1.000058358394382320e+21 1.000043411825137680e+21 1.000032442455911432e+21 1.000024575845864833e+21 1.000019177346669740e+21 1.000015807170049343e+21 1.000014188776478999e+21 1.000014188776478999e+21
1.223973210348325175e+21 1.223973210348325175e+21 1.220474122517480735e+21 1.213652595812505747e+21 1.203857419217406001e+21 1.191589167693447037e+21 1.177455457430741189e+21 1.162108537505467728e+21 1.146181661922585739e+21 1.130238751472283156e+21 1.114743940284569879e+21 1.100050292039679476e+21 1.086403010844660990e+21 1.073951573547101061e+21 1.062766049959474889e+21 1.052854295623019135e+21 1.044178036723348799e+21 1.036666868146214666e+21 1.030229834929433346e+21 1.024764639038622532e+21 1.020164697997810729e+21 1.016324354101877539e+21 1.013142544220237464e+21 1.010525222002516165e+21 1.008386793910135423e+21 1.006650796514736472e+21 1.005250008764514828e+21 1.004126160980548911e+21 1.003229372830780752e+21 1.002517425751805526e+21 1.001954951467293475e+21 1.001512597544471757e+21 1.001166213402591625e+21 1.000896085788563866e+21 1.000686241292423791e+21 1.000523824713547383e+21 1.000398555662364049e+21 1.000302261313396933e+21 1.000228480333692666e+21 1.000172131342290387e+21 1.000129238496781533e+21 1.000096706688808911e+21 1.000072139147831935e+21 1.000053690837068939e+21 1.000039951755245912e+21 1.000029855046363906e+21 1.000022605610196140e+21 1.000017625664081494e+21 1.000014514414196490e+21 1.000013019646440636e+21 1.000013019646440636e+21
1.183114416285052305e+21 1.183114416285052305e+21 1.180411536187101676e+21 1.175136696015162180e+21 1.167545500867160965e+21 1.158001476797438362e+21 1.146945864488904819e+21 1.134857428194509062e+21 1.122210533172626063e+21 1.109439677017679987e+21 1.096915241325800587e+21 1.084931307514487112e+21 1.073703687937498153e+21 1.063375191000567251e+21 1.054025144866443887e+21 1.045680781990602867e+21 1.038328813672659550e+21 1.031926172980246872e+21 1.026409394646277292e+21 1.021702431424141722e+21 1.017722910012136751e+21 1.014386943655770849e+21 1.011612674463880446e+21 1.009322738959791423e+21 1.007445850159140962e+21 1.005917677543626244e+21 1.004681188064385171e+21 1.003686590015824069e+21 1.002890999342338671e+21 1.002257926081743159e+21 1.001756658191896674e+21 1.001361601613354238e+21 1.001051619483154907e+21 1.000809400091658027e+21 1.000620872431128150e+21 1.000474679843344351e+21 1.000361716059273953e+21 1.000274723514877870e+21 1.000207950887501169e+21 1.000156865009243783e+21 1.000117911391085789e+21 1.000088317292440060e+21 1.000065931397511643e+21 1.000049094558977491e+21 1.000036536625515987e+21 1.000027295000992678e+21 1.000020651233577533e+21 1.000016082568258519e+21 1.000013225997365150e+21 1.000011852902915244e+21 1.000011852902915244e+21
1.150329240521117401e+21 1.150329240521117401e+21 1.148216328486215090e+21 1.144088546341000053e+21 1.138136189634749006e+21 1.130628699890033361e+21 1.121893490091679416e+21 1.112288802526078173e+21 1.102175081188751704e+21 1.091889622624222446e+21 1.081727757417342042e+21 1.071931712717633880e+21 1.062686586159456846e+21 1.054121896824515854e+21 1.046316898702087815e+21 1.039308000168985100e+21 1.033096989193599320e+21 1.027659154884540629e+21 1.022950737252546773e+21 1.018915399681299841e+21 1.015489603988697383e+21 1.012606889888735822e+21 1.010201135228763636e+21 1.008208914545009230e+21 1.006571091901803659e+21 1.005233787281974362e+21 1.004148849321284993e+21 1.003273954701595378e+21 1.002572438753977565e+21 1.002012944759534911e+21 1.001568962508890046e+21 1.001218310885568020e+21 1.000942605200351298e+21 1.000726738048439812e+21 1.000558392674915189e+21 1.000427600131205235e+21 1.000326345684689093e+21 1.000248225743355118e+21 1.000188153691284963e+21 1.000142111221076853e+21 1.000106940742884524e+21 1.000080174028919407e+21 1.000059892239023473e+21 1.000044612726439805e+21 1.000033198437395595e+21 1.000024786216662598e+21 1.000018730861547094e+21 1.000014562294605152e+21 1.000011953731966468e+21 1.000010699200303727e+21 1.000010699200303727e+21
1.123816315383621747e+21 1.123816315383621747e+21 1.122147478817919468e+21 1.118884125053286220e+21 1.114170086999561863e+21 1.108208647368944910e+21 1.101247269716462666e+21 1.093558547519712264e+21 1.085420006728836448e+21 1.077095654659069837e+21 1.068821471023058911e+21 1.060795890342005047e+21 1.053175247916954157e+21 1.046073435015609975e+21 1.039564675751591281e+21 1.033688307721606922e+21 1.028454595611867087e+21 1.023850826822145016e+21 1.019847162974039310e+21 1.016401916482056749e+21 1.013466075202219016e+21 1.010987010971996520e+21 1.008911385433531351e+21 1.007187316086987686e+21 1.005765893792458605e+21 1.004602155596653003e+21 1.003655618369722384e+21 1.002890472910393049e+21 1.002275527747988619e+21 1.001783979025931698e+21 1.001393069232397222e+21 1.001083684317526622e+21 1.000839926668232753e+21 1.000648690937579176e+21 1.000499261022803198e+21 1.000382939545876693e+21 1.000292715877810045e+21 1.000222974857611706e+21 1.000169245652091666e+21 1.000127988446512677e+21 1.000096415628581929e+21 1.000072343638769402e+21 1.000054071549572809e+21 1.000040282580092584e+21 1.000029965053606625e+21 1.000022349695016763e+21 1.000016860593435574e+21 1.000013077590603203e+21 1.000010708279572038e+21 1.000009568200625619e+21 1.000009568200625619e+21
1.102246163729135174e+21 1.102246163729135174e+21 1.100916094744821760e+21 1.098313023315722895e+21 1.094547249551280701e+21 1.089774598649916162e+21 1.084185149939141313e+21 1.077989432130630713e+21 1.071403752475815444e+21 1.064636502575350022e+21 1.057876940882265506e+21 1.051287305302654583e+21 1.044998431930116604e+21 1.039108534168342364e+21 1.033684495617543373e+21 1.028764928404222247e+21 1.024364286167338320e+21 1.020477435014573195e+21 1.017084227998909465e+21 1.014153768383559762e+21 1.011648168265804677e+21 1.009525706071614161e+21 1.007743358797589512e+21 1.006258735252281754e+21 1.005031468593016603e+21 1.004024143987681395e+21 1.003202843820516180e+21 1.002537391644033286e+21 1.002001369703954645e+21 1.001571975476326433e+21 1.001229771918565966e+21 1.000958375263511773e+21 1.000744113999195537e+21 1.000575683670819078e+21 1.000443814550451782e+21 1.000340963091721880e+21 1.000261033340710814e+21 1.000199130954063675e+21 1.000151349990349472e+21 1.000114590991035531e+21 1.000086407867019035e+21 1.000064880589604258e+21 1.000048510513698046e+21 1.000036135224510251e+21 1.000026860012617597e+21 1.000020003382879322e+21 1.000015054345906029e+21 1.000011639597743473e+21 1.000009499045437243e+21 1.000008468474416726e+21 1.000008468474416726e+21
1.084615485336776868e+21 1.084615485336776868e+21 1.083546815902018437e+21 1.081453872446589633e+21 1.078422424641504805e+21 1.074573674866926682e+21 1.070055761669636489e+21 1.065033480614291833e+21 1.059677347539627016e+21 1.054153236753695638e+21 1.048613642839070212e+21 1.043191232737747010e+21 1.037994919870354293e+21 1.033108322089867280e+21 1.028590218600579596e+21 1.024476502889953493e+21 1.020783113665116504e+21 1.017509478192940712e+21 1.014642089716801470e+21 1.012157938505588539e+21 1.010027609165331694e+21 1.008217936847050113e+21 1.006694178620173058e+21 1.005421703338164486e+21 1.004367235317888319e+21 1.003499706435572597e+21 1.002790780439899275e+21 1.002215114970628227e+21 1.001750423275476484e+21 1.001377390906027672e+21 1.001079494316602294e+21 1.000842759463147274e+21 1.000655490015538053e+21 1.000507987164386951e+21 1.000392276484795007e+21 1.000301851998446944e+21 1.000231443411209290e+21 1.000176809381229494e+21 1.000134557439690408e+21 1.000101989678314422e+21 1.000076972377799524e+21 1.000057827238557909e+21 1.000043241671207551e+21 1.000032195612611969e+21 1.000023902480522412e+21 1.000017762109661774e+21 1.000013323785663283e+21 1.000010257784102584e+21 1.000008334112468632e+21 1.000007407435749261e+21 1.000007407435749261e+21
1.070152901992089780e+21 1.070152901992089780e+21 1.069287907709690446e+21 1.067592911703674978e+21 1.065135512820682195e+21 1.062011283625804038e+21 1.058337235541126414e+21 1.054243977562554761e+21 1.049867369737094955e+21 1.045340535414134145e+21 1.040786986578889802e+21 1.036315377614287667e+21 1.032016114279861846e+21 1.027959780547813310e+21 1.024197151326624940e+21 1.020760447736732451e+21 1.017665454866864013e+21 1.014914140437166555e+21 1.012497465243228439e+21 1.010398144457882075e+21 1.008593189530921206e+21 1.007056125079844291e+21 1.005758829266144985e+21 1.004672988002867085e+21 1.003771183123689243e+21 1.003027653664986104e+21 1.002418779541076050e+21 1.001923340176166879e+21 1.001522599062500016e+21 1.001200260474287030e+21 1.000942338098436637e+21 1.000736968226824651e+21 1.000574193153763705e+21 1.000445734025017295e+21 1.000344766857090826e+21 1.000265710889748136e+21 1.000204034837231174e+21 1.000156083881911124e+21 1.000118928286131814e+21 1.000090233151043535e+21 1.000068147993329926e+21 1.000051214324676297e+21 1.000038289203466600e+21 1.000028482701358006e+21 1.000021107325608788e+21 1.000015637612719899e+21 1.000011678325880914e+21 1.000008939924430127e+21 1.000007220212687700e+21 1.000006391310065205e+21 1.000006391310065205e+21
1.058256103432180728e+21 1.058256103432180728e+21 1.057551133800029880e+21 1.056169138475956306e+21 1.054164101810211127e+21 1.051612382130128552e+21 1.048607584690593989e+21 1.045254444860261270e+21 1.041662319065310167e+21 1.037938916225068564e+21 1.034184828990756356e+21 1.030489264519792034e+21 1.026927174887246004e+21 1.023557794882814870e+21 1.020424443104609305e+21 1.017555345519352087e+21 1.014965198079571263e+21 1.012657186290371789e+21 1.010625210975136252e+21 1.008856117511059538e+21 1.007331779606752657e+21 1.006030940542269784e+21 1.004930759933781344e+21 1.004008050194652332e+21 1.003240213397503345e+21 1.002605906832309748e+21 1.002085475516310618e+21 1.001661193851190116e+21 1.001317358174392549e+21 1.001040268598305489e+21 1.000818133511379878e+21 1.000640924389272977e+21 1.000500202817609269e+21 1.000388936309031305e+21 1.000301314857151234e+21 1.000232576315559641e+21 1.000178845624009097e+21 1.000136990566653100e+21 1.000104495043059253e+21 1.000079349652753744e+21 1.000059958631016956e+21 1.000045061728565592e+21 1.000033669416555774e+21 1.000025009751462248e+21 1.000018485297866867e+21 1.000013638639302214e+21 1.000010125179031126e+21 1.000007692123013120e+21 1.000006162733102006e+21 1.000005425132396610e+21 1.000005425132396610e+21
1.048448767041934328e+21 1.048448767041934328e+21 1.047870426300234465e+21 1.046736354620311601e+21 1.045090230607824552e+21 1.042993848716013994e+21 1.040523014776405623e+21 1.037762671310069694e+21 1.034801716679223411e+21 1.031728000425186820e+21 1.028623922241543733e+21 1.025562947732875772e+21 1.022607209206178120e+21 1.019806215699871302e+21 1.017196577554520343e+21 1.014802569914798965e+21 1.012637318699822350e+21 1.010704386357516567e+21 1.008999553946567180e+21 1.007512630852131095e+21 1.006229164995363209e+21 1.005131968059701723e+21 1.004202407588157719e+21 1.003421448369440424e+21 1.002770448469890695e+21 1.002231730835959448e+21 1.001788960525020824e+21 1.001427361589324153e+21 1.001133807784023294e+21 1.000896818845908074e+21 1.000706490152903246e+21 1.000554378954318545e+21 1.000433365656011145e+21 1.000337504246977004e+21 1.000261872090905444e+21 1.000202426077919707e+21 1.000155869550069940e+21 1.000119532434281988e+21 1.000091265563626439e+21 1.000069349152951763e+21 1.000052414730935861e+21 1.000039379434801988e+21 1.000029391377583833e+21 1.000021784741942133e+21 1.000016043294205805e+21 1.000011771112419361e+21 1.000008669458017157e+21 1.000006518873938330e+21 1.000005165752182899e+21 1.000004512772898161e+21 1.000004512772898161e+21
1.040350281817186763e+21 1.040350281817186763e+21 1.039872758770400887e+21 1.038936251278803993e+21 1.037576566284688294e+21 1.035844354045854614e+21 1.033801753515160371e+21 1.031518425172842381e+21 1.029067345295964766e+21 1.026520743193765872e+21 1.023946517671281558e+21 1.021405381103445082e+21 1.018948868783575532e+21 1.016618239747867148e+21 1.014444201055192875e+21 1.012447321035144823e+21 1.010638961137859822e+21 1.009022547675627258e+21 1.007595017506528690e+21 1.006348298035732414e+21 1.005270714773486567e+21 1.004348253468858647e+21 1.003565634633657876e+21 1.002907183822825062e+21 1.002357500438716350e+21 1.001901941155157246e+21 1.001526942013868343e+21 1.001220206851278635e+21 1.000970790076767797e+21 1.000769099988607304e+21 1.000606845670136349e+21 1.000476946756464542e+21 1.000373421507211821e+21 1.000291264998588678e+21 1.000226326053562483e+21 1.000175188849245422e+21 1.000135062990146634e+21 1.000103684180303806e+21 1.000079226406375916e+21 1.000060225685918974e+21 1.000045514868432962e+21 1.000034168634300432e+21 1.000025457661124542e+21 1.000018810870114681e+21 1.000013784689386848e+21 1.000010038347298636e+21 1.000007314316463047e+21 1.000005423152582754e+21 1.000004232102464061e+21 1.000003656986105741e+21 1.000003656986105741e+21
1.033653975919776760e+21 1.033653975919776760e+21 1.033257143384282235e+21 1.032478886929326146e+21 1.031348954970132972e+21 1.029909401792334922e+21 1.028211786418350457e+21 1.026313875574591455e+21 1.024276162861549486e+21 1.022158516408990826e+21 1.020017226791579550e+21 1.017902654652580889e+21 1.015857588396986204e+21 1.013916333013815919e+21 1.012104475238055150e+21 1.010439216165953733e+21 1.008930132643896361e+21 1.007580221192127250e+21 1.006387088002045837e+21 1.005344169684685029e+21 1.004441896229440455e+21 1.003668735388751364e+21 1.003012083142010601e+21 1.002458986072298619e+21 1.001996697609831186e+21 1.001613081192334754e+21 1.001296880033618592e+21 1.001037876221052191e+21 1.000826962201274221e+21 1.000656146228866056e+21 1.000518510782431101e+21 1.000408139876130357e+21 1.000320028030630363e+21 1.000249980691491586e+21 1.000194513256138408e+21 1.000150753664678625e+21 1.000116351736686838e+21 1.000089397068210766e+21 1.000068346291515032e+21 1.000051959786546004e+21 1.000039247458699575e+21 1.000029422908223259e+21 1.000021865164851511e+21 1.000016087108745822e+21 1.000011709713388012e+21 1.000008441305111069e+21 1.000006061119162286e+21 1.000004406531951952e+21 1.000003363454574133e+21 1.000002859479808606e+21 1.000002859479808606e+21
1.028111126314413326e+21 1.028111126314413326e+21 1.027779165882460930e+21 1.027128233485929415e+21 1.026183386278380306e+21 1.024980005335629300e+21 1.023561404152411324e+21 1.021976029804481085e+21 1.020274526165360574e+21 1.018506923074156233e+21 1.016720176612238950e+21 1.014956222288885842e+21 1.013250627626525262e+21 1.011631856609298874e+21 1.010121096405253358e+21 1.008732553062354125e+21 1.007474099318605480e+21 1.006348152393068839e+21 1.005352668514399420e+21 1.004482159027852149e+21 1.003728655462322405e+21 1.003082574091307188e+21 1.002533451592695677e+21 1.002070540843106697e+21 1.001683269058224456e+21 1.001361569484956369e+21 1.001096103169083703e+21 1.000878389682513773e+21 1.000700865869189349e+21 1.000556890375182615e+21 1.000440709572154098e+21 1.000347397933923959e+21 1.000272783320841322e+21 1.000213365186561966e+21 1.000166231573076771e+21 1.000128978957970964e+21 1.000099637570707390e+21 1.000076603677895426e+21 1.000058579510655320e+21 1.000044520923047920e+21 1.000033592480914735e+21 1.000025129441494565e+21 1.000018605957565383e+21 1.000013608794358153e+21 1.000009815856813179e+21 1.000006978871268737e+21 1.000004909633770357e+21 1.000003469317532680e+21 1.000002560417829487e+21 1.000002120999663567e+21 1.000002120999663567e+21
1.023518990754293088e+21 1.023518990754293088e+21 1.023239382307774005e+21 1.022691275765115126e+21 1.021896080972721422e+21 1.020883974523394982e+21 1.019691810419421217e+21 1.018360692313743426e+21 1.016933447621448172e+21 1.015452233283475866e+21 1.013956463881150792e+21 1.012481194170368786e+21 1.011056021514170139e+21 1.009704510389328544e+21 1.008444089686294921e+21 1.007286338599462371e+21 1.006237559365931893e+21 1.005299532858550911e+21 1.004470362269638984e+21 1.003745326505695248e+21 1.003117684466580980e+21 1.002579390964740391e+21 1.002121702527914607e+21 1.001735665557200175e+21 1.001412489889662894e+21 1.001143817896000225e+21 1.000921903308134679e+21 1.000739715651440214e+21 1.000590986100488667e+21 1.000470209377976713e+21 1.000372614462331945e+21 1.000294114734900380e+21 1.000231246046985060e+21 1.000181099189975777e+21 1.000141251503574483e+21 1.000109700897517076e+21 1.000084804392549351e+21 1.000065222385911202e+21 1.000049869180280898e+21 1.000037869844619723e+21 1.000028523161352929e+21 1.000021270221563363e+21 1.000015668127394955e+21 1.000011368223671058e+21 1.000008098288129409e+21 1.000005648146714853e+21 1.000003858235341144e+21 1.000002610694513885e+21 1.000001822652714451e+21 1.000001441425225155e+21 1.000001441425225155e+21
1.019711704625834099e+21 1.019711704625834099e+21 1.019474472851265028e+21 1.019009661123069739e+21 1.018335839784422867e+21 1.017479117204340212e+21 1.016471270409506783e+21 1.015347592330503258e+21 1.014144676988407251e+21 1.012898348377515098e+21 1.011641897629893132e+21 1.010404736191676416e+21 1.009211511514908983e+21 1.008081676203404952e+21 1.007029458559187026e+21 1.006064155200604733e+21 1.005190654630294323e+21 1.004410101739594973e+21 1.003720623494647906e+21 1.003118051555714400e+21 1.002596594957632274e+21 1.002149432710790250e+21 1.001769210676615578e+21 1.001448438550139372e+21 1.001179791084183224e+21 1.000956323065245860e+21 1.000771610476364300e+21 1.000619831319081648e+21 1.000495799264760562e+21 1.000394962147782033e+21 1.000313375687566950e+21 1.000247661024507855e+21 1.000194952875920720e+21 1.000152843488716521e+21 1.000119326151839711e+21 1.000092740859292156e+21 1.000071723779751412e+21 1.000055161472008323e+21 1.000042150256466330e+21 1.000031960780494602e+21 1.000024007567343485e+21 1.000017823186559566e+21 1.000013036603692810e+21 1.000009355238564561e+21 1.000006550268316221e+21 1.000004444741741445e+21 1.000002904116302971e+21 1.000001828881766023e+21 1.000001148990691213e+21 1.000000819873621082e+21 1.000000819873621082e+21
1.016553274642361221e+21 1.016553274642361221e+21 1.016350418405858476e+21 1.015953229357614760e+21 1.015378073215966118e+21 1.014647881891152921e+21 1.013790439240656224e+21 1.012836428778691756e+21 1.011817453662373806e+21 1.010764218044257010e+21 1.009705013950414324e+21 1.008664600504084070e+21 1.007663504162495136e+21 1.006717718912525271e+21 1.005838749549287309e+21 1.005033920843142660e+21 1.004306869156191011e+21 1.003658137681262281e+21 1.003085808110526530e+21 1.002586116619700535e+21 1.002154017735933034e+21 1.001783674007534436e+21 1.001468861319631995e+21 1.001203288789407367e+21 1.000980838486585770e+21 1.000795734102503064e+21 1.000642649610892607e+21 1.000516769426782945e+21 1.000413811039350161e+21 1.000330019957522039e+21 1.000262145364671201e+21 1.000207403349931590e+21 1.000163433113344410e+21 1.000128250218089153e+21 1.000100199829061763e+21 1.000077911944512406e+21 1.000060259890236359e+21 1.000046322782534238e+21 1.000035352253839966e+21 1.000026743444962935e+21 1.000020010076426994e+21 1.000014763295050170e+21 1.000010693931446698e+21 1.000007557783885578e+21 1.000005163551276007e+21 1.000003363063632232e+21 1.000002043495143703e+21 1.000001121287515144e+21 1.000000537557326496e+21 1.000000254807234576e+21 1.000000254807234576e+21
1.013932166882941862e+21 1.013932166882941862e+21 1.013757218354279481e+21 1.013414981783747559e+21 1.012920127557880644e+21 1.012293124021945762e+21 1.011558624934812451e+21 1.010743657755099922e+21 1.009875818793313108e+21 1.008981653200220455e+21 1.008085347234489958e+21 1.007207800500729938e+21 1.006366089182948753e+21 1.005573286347521393e+21 1.004838576143606481e+21 1.004167585109095743e+21 1.003562853033461154e+21 1.003024373992389214e+21 1.002550151298475098e+21 1.002136724942471692e+21 1.001779644321920057e+21 1.001473871295764365e+21 1.001214108252119237e+21 1.000995052857696059e+21 1.000811585727217926e+21 1.000658899829807514e+21 1.000532581504821625e+21 1.000428652936282112e+21 1.000343585214193336e+21 1.000274289994753114e+21 1.000218096486905414e+21 1.000172719194620953e+21 1.000136220633861194e+21 1.000106972174826602e+21 1.000083615259129807e+21 1.000065024509122445e+21 1.000050273672816755e+21 1.000038604913262592e+21 1.000029401634866463e+21 1.000022164818921259e+21 1.000016492696171315e+21 1.000012063497835774e+21 1.000008620982763258e+21 1.000005962425836765e+21 1.000003928760575853e+21 1.000002396591039971e+21 1.000001271818380247e+21 1.000000484662357787e+21 9.999999858951061504e+20 9.999997441420731351e+20 9.999997441420731351e+20
1.011757189333900460e+21 1.011757189333900460e+21 1.011604861437655777e+21 1.011307223896420123e+21 1.010877673306015793e+21 1.010334800466567234e+21 1.009700832559609414e+21 1.008999911308816679e+21 1.008256415108155441e+21 1.007493496325186781e+21 1.006731946595740811e+21 1.005989438890710008e+21 1.005280138865616749e+21 1.004614637461165179e+21 1.004000134113212236e+21 1.003440793183294194e+21 1.002938201056117260e+21 1.002491863062352232e+21 1.002099693955110666e+21 1.001758470215761658e+21 1.001464225264273326e+21 1.001212578903965434e+21 1.000998999887123186e+21 1.000819005579309089e+21 1.000668305743122006e+21 1.000542898928004497e+21 1.000439130287528346e+21 1.000353719230248124e+21 1.000283764449052590e+21 1.000226732793579438e+21 1.000180437309807264e+21 1.000143008675431449e+21 1.000112863270310380e+21 1.000088670268575187e+21 1.000069319432233419e+21 1.000053890719557222e+21 1.000041626382816117e+21 1.000031905900860408e+21 1.000024223854971716e+21 1.000018170692931158e+21 1.000013416220716040e+21 1.000009695599335571e+21 1.000006797594797539e+21 1.000004554822389727e+21 1.000002835735651680e+21 1.000001538129411310e+21 1.000000583951423373e+21 9.999999152460158730e+20 9.999994910828222218e+20 9.999992853541274255e+20 9.999992853541274255e+20
1.009954565051728921e+21 1.009954565051728921e+21 1.009820448224784286e+21 1.009558785189181915e+21 1.009182067554811380e+21 1.008707514915882533e+21 1.008155525947458847e+21 1.007547999564548669e+21 1.006906742734654931e+21 1.006252133068455674e+21 1.005602134910224433e+21 1.004971697209958466e+21 1.004372504900715676e+21 1.003813019765299610e+21 1.003298731613273719e+21 1.002832541385140732e+21 1.002415208523817812e+21 1.002045810170225754e+21 1.001722175527600128e+21 1.001441272775319749e+21 1.001199537156422107e+21 1.000993137125976834e+21 1.000818181017074008e+21 1.000670870052660969e+21 1.000547605237906145e+21 1.000445056197396398e+21 1.000360199776120734e+21 1.000290335513934168e+21 1.000233084158554669e+21 1.000186374358707470e+21 1.000148421679488827e+21 1.000117703167861195e+21 1.000092929898503995e+21 1.000073019259787543e+21 1.000057068195121332e+21 1.000044328185220563e+21 1.000034182428433056e+21 1.000026125433400066e+21 1.000019745065215066e+21 1.000014706968751374e+21 1.000010741218530034e+21 1.000007631002443973e+21 1.000005203128297587e+21 1.000003320140337512e+21 1.000001873842727027e+21 1.000000780043657806e+21 9.999999743548690268e+20 9.999994089049921946e+20 9.999990498490689782e+20 9.999988755812365107e+20 9.999988755812365107e+20
1.008466360834195456e+21 1.008466360834195456e+21 1.008346618244805427e+21 1.008113447836288549e+21 1.007778795157534278e+21 1.007358991060040810e+21 1.006873159089910710e+21 1.006341529177072468e+21 1.005783891477937390e+21 1.005218359007996150e+21 1.004660522239354864e+21 1.004122999096292671e+21 1.003615326695135904e+21 1.003144111757650428e+21 1.002713350837965423e+21 1.002324841230404026e+21 1.001978620582946800e+21 1.001673391842824421e+21 1.001406906729813115e+21 1.001176293999285371e+21 1.000978328133585863e+21 1.000809640250604257e+21 1.000666876639207490e+21 1.000546812117845934e+21 1.000446425957491409e+21 1.000362947871870288e+21 1.000293880891032994e+21 1.000237007029668938e+21 1.000190380691931791e+21 1.000152313814001648e+21 1.000121355888031957e+21 1.000096271263521440e+21 1.000076015492155965e+21 1.000059711966990565e+21 1.000046629697231651e+21 1.000036162742784098e+21 1.000027811593749922e+21 1.000021166606594867e+21 1.000015893486646329e+21 1.000011720725627404e+21 1.000008428853364654e+21 1.000005841336146854e+21 1.000003816944641901e+21 1.000002243416404132e+21 1.000001032247802724e+21 1.000000114465369096e+21 9.999994372440154440e+20 9.999989612589907968e+20 9.999986586779101430e+20 9.999985117187542876e+20 9.999985117187542876e+20
1.007250937600210371e+21 1.007250937600210371e+21 1.007141905527017964e+21 1.006930130630909624e+21 1.006627435951797174e+21 1.006249815337795322e+21 1.005815720771238232e+21 1.005344300064549110e+21 1.004853850380280136e+21 1.004360661041185686e+21 1.003878307941041832e+21 1.003417368044399231e+21 1.002985465596166013e+21 1.002587542474052207e+21 1.002226252846478655e+21 1.001902403607004971e+21 1.001615386520081793e+21 1.001363569651913458e+21 1.001144632164742857e+21 1.000955837827536519e+21 1.000794249547634967e+21 1.000656891008793575e+21 1.000540863147917312e+21 1.000443423518258102e+21 1.000362036138027254e+21 1.000294398586226213e+21 1.000238452118357672e+21 1.000192379573566570e+21 1.000154594910851170e+21 1.000123727381858222e+21 1.000098602637559857e+21 1.000078222473556787e+21 1.000061744438072181e+21 1.000048462143957369e+21 1.000037786828979438e+21 1.000029230483500433e+21 1.000022390697910993e+21 1.000016937263589229e+21 1.000012600479649104e+21 1.000009161065128264e+21 1.000006441545721577e+21 1.000004298969444516e+21 1.000002618802605785e+21 1.000001309862199951e+21 1.000000300150833807e+21 9.999995334734525235e+20 9.999989667301037179e+20 9.999985677946552320e+20 9.999983139052228444e+20 9.999981905074765169e+20 9.999981905074765169e+20
1.006287205812168819e+21 1.006287205812168819e+21 1.006184685136065724e+21 1.005986272280057086e+21 1.005704325399092789e+21 1.005355326478554366e+21 1.004957904675835478e+21 1.004530876960607830e+21 1.004091632725578613e+21 1.003655045973017231e+21 1.003232939996473459e+21 1.002834013022509335e+21 1.002464081248958808e+21 1.002126497274621198e+21 1.001822632477962928e+21 1.001552349781048295e+21 1.001314426021225038e+21 1.001106906621623009e+21 1.000927389856296731e+21 1.000773245933822411e+21 1.000641779672842240e+21 1.000530346509006799e+21 1.000436431164148154e+21 1.000357697266188550e+21 1.000292014951398506e+21 1.000237472229996364e+21 1.000192374755153019e+21 1.000155237644694585e+21 1.000124772170455450e+21 1.000099869443158966e+21 1.000079582665109799e+21 1.000063109079783440e+21 1.000049772400427139e+21 1.000039006231769383e+21 1.000030338795877171e+21 1.000023379122784698e+21 1.000017804757994570e+21 1.000013350963361481e+21 1.000009801337763922e+21 1.000006979753282241e+21 1.000004743486478221e+21 1.000002977418361307e+21 1.000001589178430521e+21 1.000000505114736591e+21 9.999996669815493755e+20 9.999990292478739087e+20 9.999985569427667026e+20 9.999982239659077140e+20 9.999980118048913490e+20 9.999979086129696604e+20 9.999979086129696604e+20
1.005587208289180582e+21 1.005587208289180582e+21 1.005484893759243026e+21 1.005287990207129321e+21 1.005010731030238462e+21 1.004671706028771246e+21 1.004291282679293673e+21 1.003889186523641151e+21 1.003482699173321638e+21 1.003085666600510161e+21 1.002708248756492173e+21 1.002357190279007044e+21 1.002036366801269162e+21 1.001747414406606488e+21 1.001490324714620322e+21 1.001263950881980809e+21 1.001066410213285167e+21 1.000895390068531528e+21 1.000748372061939827e+21 1.000622791030597485e+21 1.000516143707252851e+21 1.000426059513851544e+21 1.000350343349437465e+21 1.000286998033952014e+21 1.000234232269234635e+21 1.000190458558129635e+21 1.000154284419120103e+21 1.000124499381768684e+21 1.000100059591977468e+21 1.000080071352158257e+21 1.000063774534242796e+21 1.000050526508683231e+21 1.000039787009161691e+21 1.000031104185178784e+21 1.000024101971345277e+21 1.000018468813041828e+21 1.000013947726195196e+21 1.000010327626614309e+21 1.000007435839168840e+21 1.000005131682119156e+21 1.000003301017087640e+21 1.000001851655155745e+21 1.000000709514954015e+21 9.999998154358070968e+20 9.999991225586400625e+20 9.999985941973307228e+20 9.999982021337998950e+20 9.999979252805107712e+20 9.999977486643704627e+20 9.999976626957321503e+20 9.999976626957321503e+20
1.005228734141886890e+21 1.005228734141886890e+21 1.005114236912324182e+21 1.004895980206639153e+21 1.004593394392330142e+21 1.004231041943567073e+21 1.003834510984328118e+21 1.003426891069177856e+21 1.003026597205726331e+21 1.002646677503918473e+21 1.002295232543005475e+21 1.001976399627459494e+21 1.001691453047918297e+21 1.001439767294138515e+21 1.001219555649398112e+21 1.001028391439610675e+21 1.000863555986362860e+21 1.000722261611568955e+21 1.000601789475762602e+21 1.000499571081250210e+21 1.000413233023899795e+21 1.000340617895731659e+21 1.000279789767647560e+21 1.000229029791355503e+21 1.000186825611985158e+21 1.000151857091276177e+21 1.000122980057287492e+21 1.000099209266106597e+21 1.000079701391728837e+21 1.000063738596609884e+21 1.000050713043441156e+21 1.000040112567560438e+21 1.000031507625602843e+21 1.000024539560000487e+21 1.000018910164554482e+21 1.000014372498531680e+21 1.000010722871830118e+21 1.000007793908710638e+21 1.000005448590348124e+21 1.000003575174418399e+21 1.000002082892433981e+21 1.000000898330552566e+21 9.999999624066350449e+20 9.999992278645036810e+20 9.999986572149757051e+20 9.999982210622282793e+20 9.999978967628293079e+20 9.999976673732186604e+20 9.999975208495817687e+20 9.999974494720238551e+20 9.999974494720238551e+20
1.005439731043422044e+21 1.005439731043422044e+21 1.005283582135304978e+21 1.004990540720650977e+21 1.004594580457158738e+21 1.004136654878271603e+21 1.003656244091752022e+21 1.003185075577855017e+21 1.002744484393197765e+21 1.002346004744394637e+21 1.001993722705372512e+21 1.001686959379390398e+21 1.001422466665040052e+21 1.001195907592830583e+21 1.001002718301324706e+21 1.000838544838344835e+21 1.000699427564566217e+21 1.000581852321154728e+21 1.000482739107309158e+21 1.000399405887062934e+21 1.000329525627585036e+21 1.000271084320274383e+21 1.000222342728029045e+21 1.000181802411242553e+21 1.000148175760089285e+21 1.000120359539129582e+21 1.000097411462988825e+21 1.000078529403173077e+21 1.000063032910885945e+21 1.000050346807570465e+21 1.000039986641856889e+21 1.000031545841952358e+21 1.000024684411837481e+21 1.000019119031438672e+21 1.000014614429548937e+21 1.000010975904730448e+21 1.000008042875585954e+21 1.000005683348340081e+21 1.000003789196638159e+21 1.000002272155968733e+21 1.000001060443269366e+21 1.000000095920297738e+21 9.999993317281128776e+20 9.999987303279477391e+20 9.999982618919050936e+20 9.999979029948994683e+20 9.999976355661587415e+20 9.999974460659554058e+20 9.999973248593948836e+20 9.999972657655342694e+20 9.999972657655342694e+20
1.006826368069484544e+21 1.006826368069484544e+21 1.006549216695121609e+21 1.006040108431614018e+21 1.005376436217442599e+21 1.004646150739665748e+21 1.003925571183041315e+21 1.003266249799026213e+21 1.002693387101789487e+21 1.002211974877762421e+21 1.001815126660077847e+21 1.001490924763860959e+21 1.001226665998728561e+21 1.001010907430305268e+21 1.000834134497304904e+21 1.000688739398980207e+21 1.000568735009334493e+21 1.000469418883579249e+21 1.000387074945289290e+21 1.000318736712141505e+21 1.000262009133090734e+21 1.000214937663588532e+21 1.000175912579819766e+21 1.000143598575952855e+21 1.000116882185281470e+21 1.000094831725854851e+21 1.000076666112341049e+21 1.000061730043610923e+21 1.000049473877446623e+21 1.000039437041118085e+21 1.000031234183780893e+21 1.000024543511610262e+21 1.000019096901750358e+21 1.000014671494096486e+21 1.000011082529089651e+21 1.000008177247135334e+21 1.000005829698571993e+21 1.000003936337664672e+21 1.000002412292698931e+21 1.000001188219121172e+21 1.000000207654913180e+21 9.999994248080113009e+20 9.999988027146093199e+20 9.999983117157282611e+20 9.999979282064859464e+20 9.999976336195443753e+20 9.999974136101714002e+20 9.999972574160884859e+20 9.999971573703093780e+20 9.999971085501806674e+20 9.999971085501806674e+20
1.011031328089135120e+21 1.011031328089135120e+21 1.010398112015066202e+21 1.009262702070978970e+21 1.007842992408321065e+21 1.006371107606173843e+21 1.005022938783592481e+21 1.003890013454063370e+21 1.002991566517467349e+21 1.002303751751921566e+21 1.001786171072728269e+21 1.001398097534966563e+21 1.001105456617286009e+21 1.000882282262505193e+21 1.000709740504388338e+21 1.000574485258751705e+21 1.000467116702923620e+21 1.000380975998386962e+21 1.000311280343460741e+21 1.000254529453866746e+21 1.000208107348772389e+21 1.000170017382384009e+21 1.000138705627232207e+21 1.000112942033229316e+21 1.000091739210643014e+21 1.000074295787831689e+21 1.000059955962550551e+21 1.000048179872867287e+21 1.000038521330737742e+21 1.000030610678026207e+21 1.000024141297455596e+21 1.000018858802208965e+21 1.000014552243011191e+21 1.000011046874182844e+21 1.000008198153168486e+21 1.000005886735043658e+21 1.000004014283032887e+21 1.000002499956157972e+21 1.000001277464116462e+21 1.000000292600181686e+21 9.999995011786861445e+20 9.999988673157880873e+20 9.999983620020987494e+20 9.999979619237193318e+20 9.999976484953005752e+20 9.999974070742787031e+20 9.999972263309989642e+20 9.999970977537582694e+20 9.999970152720118579e+20 9.999969749847860838e+20 9.999969749847860838e+20
1.022798260748568625e+21 1.022798260748568625e+21 1.021046981645546029e+21 1.017982890718039900e+21 1.014320018448867000e+21 1.010771386392568660e+21 1.007783942473549480e+21 1.005499827323995423e+21 1.003860161513281159e+21 1.002725507309526188e+21 1.001952719436868616e+21 1.001426426530482356e+21 1.001063897422461403e+21 1.000809407043469705e+21 1.000626614645714059e+21 1.000492129505462977e+21 1.000390894457713721e+21 1.000313122121885286e+21 1.000252342317308707e+21 1.000204182481477042e+21 1.000165611737435210e+21 1.000134472006979682e+21 1.000109185175162061e+21 1.000088568056244601e+21 1.000071713617536745e+21 1.000057913244934603e+21 1.000046604713498247e+21 1.000037336484779655e+21 1.000029742549954986e+21 1.000023524219710472e+21 1.000018436592483697e+21 1.000014278251903320e+21 1.000010883251641516e+21 1.000008114765008208e+21 1.000005859978298524e+21 1.000004025936513466e+21 1.000002536134958907e+21 1.000001327705987482e+21 1.000000349088206946e+21 9.999995580916653097e+20 9.999989202911900467e+20 9.999984076936674017e+20 9.999979976352852869e+20 9.999976718727519928e+20 9.999974158388806287e+20 9.999972180381976494e+20 9.999970695624074199e+20 9.999969637097220342e+20 9.999968956949221868e+20 9.999968624403097846e+20 9.999968624403097846e+20
1.057086337731183772e+21 1.057086337731183772e+21 1.051519746411818254e+21 1.041986101780647510e+21 1.031114869366610330e+21 1.021412667952400171e+21 1.014027175728791421e+21 1.008954564299950391e+21 1.005682407154658705e+21 1.003640533346997109e+21 1.002380881584074129e+21 1.001600387966341218e+21 1.001109091635648528e+21 1.000792394823435944e+21 1.000582269434461290e+21 1.000438418787952624e+21 1.000336799024805315e+21 1.000262861171072827e+21 1.000207630841664373e+21 1.000165441624100045e+21 1.000132619557374657e+21 1.000106713047257186e+21 1.000086036650685235e+21 1.000069396827565720e+21 1.000055924268802376e+21 1.000044969408816611e+21 1.000036035915678351e+21 1.000028737357654786e+21 1.000022768251344912e+21 1.000017884198795215e+21 1.000013887884996903e+21 1.000010618937970655e+21 1.000007946395826258e+21 1.000005762978273821e+21 1.000003980640302137e+21 1.000002527061070709e+21 1.000001342832275751e+21 1.000000379182331855e+21 9.999995961194132275e+20 9.999989609081021399e+20 9.999984468155506360e+20 9.999980320782112522e+20 9.999976990508848251e+20 9.999974335076668539e+20 9.999972240705341358e+20 9.999970617459503268e+20 9.999969395536307159e+20 9.999968522348982436e+20 9.999967960305244570e+20 9.999967685205637202e+20 9.999967685205637202e+20
1.165857048892982428e+21 1.165857048892982428e+21 1.146318399816034943e+21 1.113003838336812319e+21 1.076482116307225805e+21 1.047209914351691891e+21 1.027639840372218659e+21 1.015826057724870263e+21 1.009062956893941793e+21 1.005272639833775669e+21 1.003149667009753252e+21 1.001945210188507120e+21 1.001246785613998588e+21 1.000830266502745031e+21 1.000573688154070581e+21 1.000409984097558856e+21 1.000301682585422529e+21 1.000227431977935569e+21 1.000174790433194639e+21 1.000136326563130507e+21 1.000107481136935207e+21 1.000085375756722897e+21 1.000068137698264089e+21 1.000054510349625721e+21 1.000043624187836367e+21 1.000034859471759213e+21 1.000027762205634200e+21 1.000021991568374366e+21 1.000017286252389335e+21 1.000013442371267461e+21 1.000010298579405898e+21 1.000007725778292834e+21 1.000005619802607452e+21 1.000003896086886351e+21 1.000002485681050616e+21 1.000001332207979725e+21 1.000000389495968498e+21 9.999996197074829312e+20 9.999989918413334774e+20 9.999984805224187167e+20 9.999980650172419932e+20 9.999977284296903229e+20 9.999974570430167777e+20 9.999972397817452298e+20 9.999970677732003021e+20 9.999969339926294036e+20 9.999968329792064061e+20 9.999967606131190661e+20 9.999967139457660355e+20 9.999966910772987822e+20 9.999966910772987822e+20
1.545493607882478322e+21 1.545493607882478322e+21 1.474173546125549371e+21 1.347004269392262595e+21 1.207018455569222074e+21 1.110597878529507066e+21 1.056521254856545141e+21 1.028711563632819569e+21 1.014819182873360073e+21 1.007867875682904179e+21 1.004326895742315266e+21 1.002474933963758240e+21 1.001475901471550996e+21 1.000918503105062371e+21 1.000596218999676207e+21 1.000402823228023374e+21 1.000282260967501857e+21 1.000204168022249308e+21 1.000151655470659011e+21 1.000115074349938901e+21 1.000088759134373020e+21 1.000069288203458707e+21 1.000054534023722303e+21 1.000043133337823085e+21 1.000034185398388392e+21 1.000027076506451313e+21 1.000021375858433327e+21 1.000016772407017865e+21 1.000013035744504054e+21 1.000009991312472408e+21 1.000007504311860986e+21 1.000005468996278813e+21 1.000003801361177772e+21 1.000002434019853468e+21 1.000001312518301155e+21 1.000000392619359207e+21 9.999996382552368087e+20 9.999990199532290048e+20 9.999985136044039209e+20 9.999980994872878039e+20 9.999977614855240417e+20 9.999974864561201480e+20 9.999972637170842993e+20 9.999970846311095992e+20 9.999969422678316810e+20 9.999968311313393254e+20 9.999967469425326817e+20 9.999966864684869222e+20 9.999966473925254185e+20 9.999966282205997302e+20 9.999966282205997302e+20
3.049683314320200958e+21 3.049683314320200958e+21 2.789710560231038648e+21 2.260031076493334413e+21 1.610952738194554356e+21 1.265933566984383627e+21 1.114860177350758236e+21 1.051100221734780666e+21 1.023752287423448744e+21 1.011580649992034714e+21 1.005922872278802235e+21 1.003174749346047328e+21 1.001781928847049097e+21 1.001046568039425901e+21 1.000642629401498485e+21 1.000411925100569690e+21 1.000274951908075897e+21 1.000190417387263754e+21 1.000136202601301672e+21 1.000100105928571486e+21 1.000075202343135347e+21 1.000057449757692396e+21 1.000044421481028125e+21 1.000034618339778232e+21 1.000027086673127670e+21 1.000021201491534414e+21 1.000016540760706646e+21 1.000012810989933298e+21 1.000009802265953174e+21 1.000007360501472297e+21 1.000005369930855875e+21 1.000003741815322444e+21 1.000002406979561980e+21 1.000001310756849058e+21 1.000000409477985337e+21 9.999996679703582474e+20 9.999990577326362460e+20 9.999985555719399670e+20 9.999981425652955873e+20 9.999978032540875489e+20 9.999975250101972500e+20 9.999972975315594772e+20 9.999971124375983227e+20 9.999969629432478433e+20 9.999968435962143048e+20 9.999967500658303304e+20 9.999966789749930721e+20 9.999966277685325332e+20 9.999965946132163461e+20 9.999965783256605655e+20 9.999965783256605655e+20
1.129245651511873320e+22 1.129245651511873320e+22 1.036494784484805391e+22 7.698256153254037553e+21 2.979572035312740729e+21 1.627044138589710975e+21 1.221224431534905491e+21 1.085650299166147346e+21 1.036016574169773244e+21 1.016276307862477996e+21 1.007831277814735569e+21 1.003983588165613257e+21 1.002131902438774931e+21 1.001196529306118390e+21 1.000702773461628748e+21 1.000431215507442237e+21 1.000275880177621271e+21 1.000183550619396735e+21 1.000126550818929770e+21 1.000090019520685801e+21 1.000065735310228980e+21 1.000049019319614833e+21 1.000037134421919924e+21 1.000028435035293876e+21 1.000021904158357455e+21 1.000016895360040042e+21 1.000012985827404939e+21 1.000009890911879954e+21 1.000007413425093345e+21 1.000005412946597118e+21 1.000003786866400952e+21 1.000002458430301536e+21 1.000001369036594610e+21 1.000000473158812697e+21 9.999997349195452252e+20 9.999991257215774228e+20 9.999986225697475789e+20 9.999982068531363840e+20 9.999978634413623214e+20 9.999975799998387323e+20 9.999973464617868329e+20 9.999971546149941412e+20 9.999969977748089733e+20 9.999968705233972101e+20 9.999967685011713556e+20 9.999966882401998602e+20 9.999966270320237609e+20 9.999965828245034107e+20 9.999965541435300905e+20 9.999965400366693745e+20 9.999965400366693745e+20
1.000000000000000036e-10 1.000000000000000036e-10 1.000000000000000036e-10 1.000000000000000036e-10 7.782809748926606868e+21 2.311908750209002504e+21 1.377462204742340444e+21 1.129600451943394443e+21 1.050175658467881517e+21 1.021339083245969211e+21 1.009792410691809182e+21 1.004788897961034646e+21 1.002474866092241453e+21 1.001344051884900352e+21 1.000764286758002360e+21 1.000453958232627085e+21 1.000281091274902471e+21 1.000181068080306717e+21 1.000121011345362125e+21 1.000083610366529110e+21 1.000059462786630287e+21 1.000043312441587532e+21 1.000032139710196351e+21 1.000024163335616463e+21 1.000018304651676090e+21 1.000013892954056032e+21 1.000010499813786124e+21 1.000007843929784582e+21 1.000005735389547463e+21 1.000004042379458904e+21 1.000002670919740555e+21 1.000001552288198033e+21 1.000000635059622773e+21 9.999998799616324403e+20 9.999992564779207885e+20 9.999987405538438676e+20 9.999983130100134052e+20 9.999979584189300736e+20 9.999976642909253140e+20 9.999974204708470129e+20 9.999972186819387720e+20 9.999970521749252997e+20 9.999969154541663027e+20 9.999968040617722511e+20 9.999967144064306381e+20 9.999966436274858885e+20 9.999965894877231186e+20 1.000000000000000036e-10 1.000000000000000036e-10 1.000000000000000036e-10 1.000000000000000036e-10
1.000000000000000036e-10 1.000000000000000036e-10 1.000000000000000036e-10 1.000000000000000036e-10 1.052292483757684398e+22 2.877351496090910720e+21 1.520861673319913751e+21 1.170198503293874340e+21 1.062835201384791540e+21 1.025697475794933514e+21 1.011427841450246799e+21 1.005445063327336628e+21 1.002750493619690144e+21 1.001462342949277794e+21 1.000814403878967050e+21 1.000473604443596653e+21 1.000286953333418099e+21 1.000180790784551158e+21 1.000118176974686781e+21 1.000079910573533430e+21 1.000055685334263136e+21 1.000039805209281692e+21 1.000029035170676605e+21 1.000021489581571047e+21 1.000016041142024274e+21 1.000011998676139114e+21 1.000008927418034422e+21 1.000006546633979986e+21 1.000004670131013550e+21 1.000003171025525539e+21 1.000001960490567074e+21 1.000000974698517365e+21 1.000000166648599675e+21 9.999995009524405371e+20 9.999989504395234509e+20 9.999984939002093896e+20 9.999981145513320776e+20 9.999977989688313774e+20 9.999975363279336243e+20 9.999973178497336607e+20 9.999971363894438134e+20 9.999969861241317622e+20 9.999968623119576596e+20 9.999967611043227894e+20 9.999966793980328018e+20 9.999966147186901647e+20 9.999965651290230620e+20 1.000000000000000036e-10 1.000000000000000036e-10 1.000000000000000036e-10 1.000000000000000036e-10
1.000000000000000036e-10 1.000000000000000036e-10 1.000000000000000036e-10 1.000000000000000036e-10 1.147877712210598193e+22 3.156613344687393079e+21 1.601795730950190793e+21 1.194171692622481195e+21 1.070305957303845388e+21 1.028229193553243800e+21 1.012361923600630022e+21 1.005814786358331048e+21 1.002904436834334278e+21 1.001528226114604237e+21 1.000842492458727506e+21 1.000484896485088690e+21 1.000290654411696636e+21 1.000181089530167427e+21 1.000117028399189197e+21 1.000078237633623097e+21 1.000053920142984086e+21 1.000038141732234068e+21 1.000027550780428517e+21 1.000020204923615183e+21 1.000014950115291955e+21 1.000011083571632538e+21 1.000008166537481290e+21 1.000005918041554813e+21 1.000004153400203674e+21 1.000002747946911793e+21 1.000001615248318923e+21 1.000000693785031344e+21 9.999999386602269573e+20 9.999993163420113306e+20 9.999988012646136545e+20 9.999983735862480077e+20 9.999980176779079844e+20 9.999977210819349053e+20 9.999974737776059351e+20 9.999972676513735639e+20 9.999970961062187500e+20 9.999969537678437253e+20 9.999968362597825905e+20 9.999967400289671578e+20 9.999966622091482235e+20 9.999966005135022490e+20 9.999965531505164288e+20 1.000000000000000036e-10 1.000000000000000036e-10 1.000000000000000036e-10 1.000000000000000036e-10
1.000000000000000036e-10 1.000000000000000036e-10 1.000000000000000036e-10 1.000000000000000036e-10 1.147877712210598193e+22 3.156613344687393079e+21 1.601795730950190793e+21 1.194171692622481195e+21 1.070305957303845388e+21 1.028229193553243800e+21 1.012361923600630022e+21 1.005814786358331048e+21 1.002904436834334278e+21 1.001528226114604237e+21 1.000842492458727506e+21 1.000484896485088690e+21 1.000290654411696636e+21 1.000181089530167427e+21 1.000117028399189197e+21 1.000078237633623097e+21 1.000053920142984086e+21 1.000038141732234068e+21 1.000027550780428517e+21 1.000020204923615183e+21 1.000014950115291955e+21 1.000011083571632538e+21 1.000008166537481290e+21 1.000005918041554813e+21 1.000004153400203674e+21 1.000002747946911793e+21 1.000001615248318923e+21 1.000000693785031344e+21 9.999999386602269573e+20 9.999993163420113306e+20 9.999988012646136545e+20 9.999983735862480077e+20 9.999980176779079844e+20 9.999977210819349053e+20 9.999974737776059351e+20 9.999972676513735639e+20 9.999970961062187500e+20 9.999969537678437253e+20 9.999968362597825905e+20 9.999967400289671578e+20 9.999966622091482235e+20 9.999966005135022490e+20 9.999965531505164288e+20 1.000000000000000036e-10 1.000000000000000036e-10 1.000000000000000036e-10 1.000000000000000036e-10
