0.000000000000000000e+00 0.000000000000000000e+00 0.000000000000000000e+00 2.065183058781250601e-28 7.923661114494091598e+05 8.367334795833041426e+05 7.725683512672628276e+05 6.797718773614770034e+05 5.965818522906734142e+05 5.266669687237960752e+05 4.683648739094313933e+05 4.194483424423220567e+05 3.779831157046941807e+05 3.424410333445754950e+05 3.116478939744525123e+05 2.847055195125455502e+05 2.609232481420787808e+05 2.397649338034320390e+05 2.208097071631602594e+05 2.037233226641834772e+05 1.882372481184620119e+05 1.741333190541488875e+05 1.612323808347691374e+05 1.493858000418840384e+05 1.384690558307790197e+05 1.283768528568385809e+05 1.190193581495816034e+05 1.103192763917799457e+05 1.022095566154608678e+05 9.463157880700942769e+04 8.753370844548994501e+04 8.087013543064340774e+04 7.459993450116954045e+04 6.868629937426741526e+04 6.309591402800122887e+04 5.779843289786692912e+04 5.276604804097454326e+04 4.797312608514906606e+04 4.339590141944011702e+04 3.901221488158174179e+04 3.480128936423156847e+04 3.074353544746409170e+04 2.682038148309843382e+04 2.301412359068789010e+04 1.930779183866560561e+04 1.568502952487828770e+04 1.212998297423944678e+04 8.627199665069027942e-30 5.161532800267746321e-30 1.718050670996042958e-30 0.000000000000000000e+00
0.000000000000000000e+00 0.000000000000000000e+00 0.000000000000000000e+00 2.065183058781250601e-28 7.923661114494091598e+05 8.367334795833041426e+05 7.725683512672628276e+05 6.797718773614770034e+05 5.965818522906734142e+05 5.266669687237960752e+05 4.683648739094313933e+05 4.194483424423220567e+05 3.779831157046941807e+05 3.424410333445754950e+05 3.116478939744525123e+05 2.847055195125455502e+05 2.609232481420787808e+05 2.397649338034320390e+05 2.208097071631602594e+05 2.037233226641834772e+05 1.882372481184620119e+05 1.741333190541488875e+05 1.612323808347691374e+05 1.493858000418840384e+05 1.384690558307790197e+05 1.283768528568385809e+05 1.190193581495816034e+05 1.103192763917799457e+05 1.022095566154608678e+05 9.463157880700942769e+04 8.753370844548994501e+04 8.087013543064340774e+04 7.459993450116954045e+04 6.868629937426741526e+04 6.309591402800122887e+04 5.779843289786692912e+04 5.276604804097454326e+04 4.797312608514906606e+04 4.339590141944011702e+04 3.901221488158174179e+04 3.480128936423156847e+04 3.074353544746409170e+04 2.682038148309843382e+04 2.301412359068789010e+04 1.930779183866560561e+04 1.568502952487828770e+04 1.212998297423944678e+04 8.627199665069027942e-30 5.161532800267746321e-30 1.718050670996042958e-30 0.000000000000000000e+00
0.000000000000000000e+00 0.000000000000000000e+00 0.000000000000000000e+00 2.347759083281367784e-28 8.576020183679416077e+05 8.605757628705273382e+05 7.683486509847203270e+05 6.666348953483216465e+05 5.829704082030768041e+05 5.150231898272580584e+05 4.589765022401565220e+05 4.119967859969623387e+05 3.720599489464745275e+05 3.376920883774299873e+05 3.077971288926347042e+05 2.815454164060603362e+05 2.582992911090833368e+05 2.375618461050817568e+05 2.189408650219871488e+05 2.021230127110533940e+05 1.868551026371726184e+05 1.729303282093301532e+05 1.601780234083843243e+05 1.484559634602066362e+05 1.376445145937073394e+05 1.276421445902503037e+05 1.183619452002201724e+05 1.097289144103882863e+05 1.016778146476709953e+05 9.415147136014935677e+04 8.709941109888973006e+04 8.047676334533428599e+04 7.424336869866598863e+04 6.836304959369704011e+04 6.280300981192915060e+04 5.753333662467756949e+04 5.252658513995016256e+04 4.775742879507724138e+04 4.320236329163405753e+04 3.883945386112035339e+04 3.464811776368496794e+04 3.060893549508493743e+04 2.670348541117071727e+04 2.291419745032523861e+04 1.922422240045182116e+04 1.561731376174566685e+04 1.207771973279844497e+04 8.590083220688192832e-30 5.139348064743434492e-30 1.710669883716426211e-30 0.000000000000000000e+00
0.000000000000000000e+00 0.000000000000000000e+00 0.000000000000000000e+00 3.259759235739853877e-28 1.009040045013846946e+06 8.788783936657813611e+05 7.384728297062381171e+05 6.318259392992721405e+05 5.533057705447872868e+05 4.914484738640237483e+05 4.405184396041175351e+05 3.975021091615220648e+05 3.605677844568736618e+05 3.284702404640148161e+05 3.003031166502948618e+05 2.753797260960146086e+05 2.531666537820352532e+05 2.332422944858546543e+05 2.152688941087786225e+05 1.989727605209939647e+05 1.841298215099643858e+05 1.705548677377288695e+05 1.580934211293414992e+05 1.466155157969505817e+05 1.360108944936867047e+05 1.261852657103371894e+05 1.170573636507519113e+05 1.085566214019628533e+05 1.006213162047624937e+05 9.319708088710416632e+04 8.623570124466002744e+04 7.969413815320825961e+04 7.353372735452126653e+04 6.771952048998490500e+04 6.221973900140664773e+04 5.700531864901156951e+04 5.204952709912588034e+04 4.732764066362369340e+04 4.281666909092815331e+04 3.849511950762300694e+04 3.434279233434535126e+04 3.034060335805013165e+04 2.647042721619671647e+04 2.271495839901775253e+04 1.905758655109490064e+04 1.548228338886917845e+04 1.197349897454546954e+04 8.516065420125767118e-30 5.095106354308894776e-30 1.695950682845663244e-30 0.000000000000000000e+00
0.000000000000000000e+00 3.569546761594677810e+04 1.516369436648146075e+05 5.368218661463521421e+05 7.241381280040394049e+05 7.047893367085610516e+05 6.340183248412547400e+05 5.652826126609030180e+05 5.066704591340922052e+05 4.569200378419982153e+05 4.141443883466221741e+05 3.769252289536100579e+05 3.442388221555775381e+05 3.153179708925872110e+05 2.895653710208431003e+05 2.665037175347818411e+05 2.457453034363768529e+05 2.269717839475754590e+05 2.099196564064038976e+05 1.943693137543049233e+05 1.801365551440771669e+05 1.670659001023918390e+05 1.550252775744151440e+05 1.439017841046716785e+05 1.335982818738486676e+05 1.240306601067521697e+05 1.151256222905711911e+05 1.068188913420366734e+05 9.905374788239375630e+04 9.177983473891884205e+04 8.495217483951167378e+04 7.853036066838307306e+04 7.247788207629040699e+04 6.676156601037947985e+04 6.135110705475901341e+04 5.621867187088682840e+04 5.133856394396499672e+04 4.668693766940581554e+04 4.224155290088342008e+04 3.798156274414111249e+04 3.388732870805342100e+04 2.994025838660312002e+04 2.612266169657251885e+04 2.241762237848205041e+04 1.880888201606424991e+04 1.528073426810204546e+04 1.181792735641569379e+04 8.405573130934924848e+03 5.029061249517047145e+03 1.673977176202279225e+03 0.000000000000000000e+00
0.000000000000000000e+00 4.928037128510294860e+04 1.705284727749756712e+05 3.602322554158307030e+05 5.056618404028190998e+05 5.380338404945635702e+05 5.211944182572264690e+05 4.878620101669669966e+05 4.510920889511348214e+05 4.154085285179573693e+05 3.822130298278284608e+05 3.518155177870019106e+05 3.241442969514073920e+05 2.989974492479027831e+05 2.761366789434780367e+05 2.553244695803950017e+05 2.363390584807480336e+05 2.189798814617565076e+05 2.030686338150812953e+05 1.884482829458664055e+05 1.749811852097683586e+05 1.625468999534547911e+05 1.510400049613545707e+05 1.403680611735733401e+05 1.304497887903866504e+05 1.212134705523456068e+05 1.125955740628309868e+05 1.045395737933020282e+05 9.699494924393593101e+04 8.991633534674890689e+04 8.326280270615489280e+04 7.699724760458807577e+04 7.108587427193792246e+04 6.549775442054347513e+04 6.020445133642268775e+04 5.517969783586492849e+04 5.039911913649196504e+04 4.583999316919508419e+04 4.148104209910607460e+04 3.730224986004758102e+04 3.328470136715272383e+04 2.941043978376372252e+04 2.566233880503530236e+04 2.202398740230240583e+04 1.847958486659984192e+04 1.501384431106730517e+04 1.161190305209175676e+04 8.259238497709136936e+03 4.941588336637917564e+03 1.644873948653199704e+03 0.000000000000000000e+00
0.000000000000000000e+00 4.913056296009335347e+04 1.548651633412479714e+05 2.742319028290855349e+05 3.702677142875168356e+05 4.149139882755478611e+05 4.239894428066585679e+05 4.137567927097528591e+05 3.944118773151405621e+05 3.714071363709270372e+05 3.474834821352897561e+05 3.239794938395112986e+05 3.015253963928311132e+05 2.803908499814518145e+05 2.606594259030645189e+05 2.423184233606092166e+05 2.253065794444009662e+05 2.095400496037360572e+05 1.949267144464214798e+05 1.813739990044331644e+05 1.687930027957910497e+05 1.571005095404137683e+05 1.462197811440787336e+05 1.360806668379808834e+05 1.266193415618772706e+05 1.177778592495003541e+05 1.095036296151866263e+05 1.017488805244926771e+05 9.447013995338100358e+04 8.762775469806016190e+04 8.118545303384280123e+04 7.510995277194058872e+04 6.937061298638845619e+04 6.393912606350058195e+04 5.878924603458330239e+04 5.389654899970983388e+04 4.923822159699022450e+04 4.479287377181985357e+04 4.054037246634181793e+04 3.646169322983203892e+04 3.253878711677926185e+04 2.875446057629031566e+04 2.509226633753192436e+04 2.153640355911743973e+04 1.807162573698575579e+04 1.468315505749221848e+04 1.135660204319072545e+04 8.077889471179456450e+03 4.833179650674564982e+03 1.608804230428070923e+03 0.000000000000000000e+00
0.000000000000000000e+00 4.263658299586292560e+04 1.289963277064448484e+05 2.141668942150880466e+05 2.838390141205963446e+05 3.267383832262030337e+05 3.459784811376532307e+05 3.487458788311943645e+05 3.413889368838277878e+05 3.283243223124165670e+05 3.123342272559754201e+05 2.950935742238309467e+05 2.775869442592697451e+05 2.603811283237535681e+05 2.437917513207237353e+05 2.279832185140816728e+05 2.130287863325861399e+05 1.989470230624884425e+05 1.857241753625553101e+05 1.733279958297715057e+05 1.617163174286588037e+05 1.508423542684438871e+05 1.406579432366688852e+05 1.311154834724911489e+05 1.221690513697419374e+05 1.137749952686764591e+05 1.058922046240045602e+05 9.848217873618379235e+04 9.150897534711557091e+04 8.493909045834754943e+04 7.874130195928474132e+04 7.288649746301044070e+04 6.734749883824051358e+04 6.209889081254808116e+04 5.711685773875848827e+04 5.237903053145061131e+04 4.786434447998845280e+04 4.355290785479595070e+04 3.942588076464642654e+04 3.546536347620488959e+04 3.165429329387963662e+04 2.797634906711503572e+04 2.441586240970639119e+04 2.095773475967082777e+04 1.758735946475778110e+04 1.429054813874242427e+04 1.105346059201149365e+04 7.862537693149503866e+03 4.704436564458837893e+03 1.565967552815605359e+03 0.000000000000000000e+00
0.000000000000000000e+00 3.516546638088445616e+04 1.046084771085742250e+05 1.697583587030140334e+05 2.239848771431162604e+05 2.621555711225870764e+05 2.844261025927980663e+05 2.938568243002197705e+05 2.940732811466428684e+05 2.881669330870847916e+05 2.784355229017324164e+05 2.664736305982457707e+05 2.533476779831053864e+05 2.397549677205316548e+05 2.261432325406563759e+05 2.127939130423824827e+05 1.998783243094852078e+05 1.874950809511979460e+05 1.756949681116563152e+05 1.644974915235539956e+05 1.539019168207462644e+05 1.438946468681381084e+05 1.344541540617600258e+05 1.255542724456705037e+05 1.171663851760089601e+05 1.092608658315450448e+05 1.018080148760623706e+05 9.477865444920533628e+04 8.814449224062888243e+04 8.187832982900536445e+04 7.595416688200789213e+04 7.034723628264330910e+04 6.503399409106332314e+04 5.999208060975604894e+04 5.520026357652166917e+04 5.063837090739193809e+04 4.628721793676244852e+04 4.212853240277513396e+04 3.814487926129057450e+04 3.431958661649912392e+04 3.063667351544657140e+04 2.708077998861244851e+04 2.363709947453450150e+04 2.029131360513194159e+04 1.702952922365543054e+04 1.383821744072030197e+04 1.070415449297917439e+04 7.614364144958744873e+03 4.556061361194931123e+03 1.516596969189635047e+03 0.000000000000000000e+00
0.000000000000000000e+00 2.859149262965020898e+04 8.453613082182126527e+04 1.362816962933136674e+05 1.801696461207078828e+05 2.134660779566976998e+05 2.357118655752807681e+05 2.481817093920740299e+05 2.528803748376576987e+05 2.518345973806644033e+05 2.467672994257354585e+05 2.390177471163189039e+05 2.295751693328475812e+05 2.191478320320720959e+05 2.082322980788019777e+05 1.971708768053973617e+05 1.861955169118924532e+05 1.754600083212811442e+05 1.650631246094388480e+05 1.550650853321498143e+05 1.454992114627365954e+05 1.363801623217115703e+05 1.277097536966689659e+05 1.194810670725072123e+05 1.116813510571668303e+05 1.042940680055312987e+05 9.730033459957560990e+04 9.067993194402659719e+04 8.441200933726724179e+04 7.847556973510558601e+04 7.284979945716592192e+04 6.751428669456040370e+04 6.244916063366852904e+04 5.763517395894697256e+04 5.305374505024770770e+04 4.868697158488442074e+04 4.451762395694027509e+04 4.052912455829694954e+04 3.670551726128171140e+04 3.303143021309594769e+04 2.949203416283121260e+04 2.607299789738383333e+04 2.276044189471284699e+04 1.954089096268808134e+04 1.640122638403432939e+04 1.332863790751702618e+04 1.031057579423671450e+04 7.334703032521950263e+03 4.388847766178557322e+03 1.460955931942900861e+03 0.000000000000000000e+00
0.000000000000000000e+00 2.325658660415377017e+04 6.866446414023345278e+04 1.106629808621245611e+05 1.469444424575544544e+05 1.758265377371785871e+05 1.967733823855859810e+05 2.102777320357215649e+05 2.174319038757050585e+05 2.195237809121437604e+05 2.177813301102989353e+05 2.132548890805674018e+05 2.067874201961918152e+05 1.990288929957298096e+05 1.904672509371414781e+05 1.814617791886259220e+05 1.722728582115252502e+05 1.630863108127135492e+05 1.540324366727788583e+05 1.452005137329759891e+05 1.366496813764459512e+05 1.284170372594051587e+05 1.205236313307871023e+05 1.129788910906177189e+05 1.057838839747167076e+05 9.893372053391934605e+04 9.241932357276313996e+04 8.622872939013685391e+04 8.034804342938619084e+04 7.476214031705523666e+04 6.945517451706036809e+04 6.441095040483320190e+04 5.961318779015646578e+04 5.504570954217691906e+04 5.069257108070037066e+04 4.653814642500750779e+04 4.256718174786173768e+04 3.876482461223516293e+04 3.511663501248409011e+04 3.160858281180944323e+04 2.822703502543551440e+04 2.495873554340530973e+04 2.179077924426991376e+04 1.871058196690337718e+04 1.570584744229709941e+04 1.276453201108958274e+04 9.874807743940013097e+03 7.025024424720579191e+03 4.203670739062743451e+03 1.399334924349325092e+03 0.000000000000000000e+00
0.000000000000000000e+00 1.902702988611930778e+04 5.620226741155782656e+04 9.076131754062318942e+04 1.211184708287628600e+05 1.461221792326600698e+05 1.652773731850006152e+05 1.787239275518424984e+05 1.870457267300102685e+05 1.910472921056930791e+05 1.915793509939705255e+05 1.894330588951638492e+05 1.852907293751031102e+05 1.797130688175447285e+05 1.731460334855168185e+05 1.659361308005584870e+05 1.583478259329782741e+05 1.505799400453768903e+05 1.427797975360941491e+05 1.350548515506349795e+05 1.274819630507707334e+05 1.201146740087663929e+05 1.129888432765531034e+05 1.061269819845547900e+05 9.954157321724704525e+04 9.323760658275336027e+04 8.721450976750385598e+04 8.146761861444787064e+04 7.598929467316066439e+04 7.076977358674249263e+04 6.579780788925319212e+04 6.106115261762298906e+04 5.654693057999671146e+04 5.224190533895966655e+04 4.813268330543555930e+04 4.420586128663195996e+04 4.044813199731076020e+04 3.684635713034251967e+04 3.338761536465087556e+04 3.005923099625997202e+04 2.684878758373005257e+04 2.374413000656299846e+04 2.073335757208523501e+04 1.780481021837882508e+04 1.494704940718000762e+04 1.214883495062383190e+04 9.399098745725979825e+03 6.686916183364425706e+03 4.001475841006281371e+03 1.332047950741741715e+03 0.000000000000000000e+00
0.000000000000000000e+00 1.567629923872261134e+04 4.635626499772748502e+04 7.506154829783337482e+04 1.006459317971568089e+05 1.222663283731232805e+05 1.394900012997669110e+05 1.522948776775099395e+05 1.609797832623362483e+05 1.660403097630145494e+05 1.680557228607084253e+05 1.676072661304599023e+05 1.652293695915249409e+05 1.613866194139275176e+05 1.564676833869293041e+05 1.507888845952229458e+05 1.446023746745631506e+05 1.381058258998222591e+05 1.314519618756911950e+05 1.247571318828050862e+05 1.181086452673320164e+05 1.115708524484320369e+05 1.051900857821935933e+05 9.899862035389059747e+04 9.301782032705012534e+04 8.726062281242545578e+04 8.173349030012974981e+04 7.643794062707031844e+04 7.137174306214931130e+04 6.652985146757001348e+04 6.190513083564679982e+04 5.748892159647325025e+04 5.327147657332401286e+04 4.924229792828646896e+04 4.539039551549207681e+04 4.170448341882439126e+04 3.817312782445382618e+04 3.478485654721545143e+04 3.152823831955610149e+04 2.839193822489044032e+04 2.536475430669557682e+04 2.243563932705624029e+04 1.959371081915943068e+04 1.682825192737306861e+04 1.412870501743987006e+04 1.148465963851335073e+04 8.885836104986206919e+03 6.322065722014663152e+03 3.783268490859240956e+03 1.259428988354608009e+03 0.000000000000000000e+00
0.000000000000000000e+00 1.299820156871030485e+04 3.848494543285590044e+04 6.248267841577193758e+04 8.413737855218052573e+04 1.028072004952077550e+05 1.181214257226500631e+05 1.299857985299463326e+05 1.385382188636577630e+05 1.440784408203260973e+05 1.469959645549207926e+05 1.477109131744487968e+05 1.466328634466992517e+05 1.441363558598216332e+05 1.405491960531516524e+05 1.361493495189443056e+05 1.311669622703296482e+05 1.257890270037625160e+05 1.201650921841450036e+05 1.144130688376538601e+05 1.086246336874195695e+05 1.028700047355192946e+05 9.720202704998390982e+04 9.165959332186386746e+04 8.627046492472368118e+04 8.105357403984402481e+04 7.602088799360192206e+04 7.117891053163199103e+04 6.652988548086272203e+04 6.207275838581042626e+04 5.780394238936176407e+04 5.371792635935796716e+04 4.980775618860255054e+04 4.606541428543438087e+04 4.248211740947158978e+04 3.904854904876652290e+04 3.575503933451289777e+04 3.259170291455386541e+04 2.954854314150374557e+04 2.661552927708713469e+04 2.378265209114334721e+04 2.103996217583559337e+04 1.837759445015259917e+04 1.578578165453672591e+04 1.325485909670824549e+04 1.077526248101778401e+04 8.337520313700650149e+03 5.932242108860854387e+03 3.550103412069703609e+03 1.181828500174317242e+03 0.000000000000000000e+00
0.000000000000000000e+00 1.082976318817935680e+04 3.210263676576099897e+04 5.224684132562629384e+04 7.061370339462399716e+04 8.670366926773375599e+04 1.002027025405690802e+05 1.109886718486314203e+05 1.191088528402844822e+05 1.247392700994102925e+05 1.281387813642158580e+05 1.296075585657977499e+05 1.294548151610949280e+05 1.279767445256080682e+05 1.254433954470097233e+05 1.220923551571699645e+05 1.181270978841522883e+05 1.137182276608529501e+05 1.090063110195670452e+05 1.041054175963375310e+05 9.910681590926715580e+04 9.408250575633930566e+04 8.908842436044849455e+04 8.416726095893091406e+04 7.935087201021514193e+04 7.466232042871252634e+04 7.011757710287898954e+04 6.572692802506353473e+04 6.149612994393017289e+04 5.742735420551524294e+04 5.351995397669921658e+04 4.977108526305383566e+04 4.617620753636259906e+04 4.272948561543703545e+04 3.942411078823570278e+04 3.625255603230645647e+04 3.320677755032277491e+04 3.027837263502643327e+04 2.745870205485932092e+04 2.473898365085031401e+04 2.211036260498893898e+04 1.956396283501595099e+04 1.709092315110649361e+04 1.468242114393946213e+04 1.232968723385586964e+04 1.002401087516174630e+04 7.756740559952861986e+03 5.519278987668924856e+03 3.303074548384415721e+03 1.099610100446533352e+03 0.000000000000000000e+00
0.000000000000000000e+00 9.047977607304404955e+03 2.684899711639812449e+04 4.378834672025363398e+04 5.936692442305467557e+04 7.319107063424246735e+04 8.499704332071899262e+04 9.465733348297901102e+04 1.021692505493047356e+05 1.076310053728496423e+05 1.112123322368102963e+05 1.131257245635151776e+05 1.136020941063775535e+05 1.128724116345999792e+05 1.111552860521892580e+05 1.086495777786728868e+05 1.055308464483495482e+05 1.019504747360150213e+05 9.803650663703170721e+04 9.389547461895828019e+04 8.961470659705623984e+04 8.526477802020779927e+04 8.090190367662777135e+04 7.657015414328005863e+04 7.230344172856994555e+04 6.812725856199098052e+04 6.406017196421814151e+04 6.011509452188746945e+04 5.630035206435161672e+04 5.262057451568826946e+04 4.907743404892874969e+04 4.567025317985981383e+04 4.239650307841647736e+04 3.925220985177315742e+04 3.623228409578048741e+04 3.333078674194761697e+04 3.054114219949057951e+04 2.785630802041191419e+04 2.526890879209986088e+04 2.277134066649898523e+04 2.035585184297942760e+04 1.801460340816429743e+04 1.573971417534737884e+04 1.352329253628062907e+04 1.135745781962764704e+04 9.234353225835497142e+03 7.146152063295973676e+03 5.085058733485853736e+03 3.043305693353275274e+03 1.013147453676949453e+03 0.000000000000000000e+00
0.000000000000000000e+00 7.561127731979840974e+03 2.245702737216758760e+04 3.669062401531160867e+04 4.987457694220398116e+04 6.169664552489452035e+04 7.193706662487177528e+04 8.047436821323602635e+04 8.727981050115312974e+04 9.240316860594750324e+04 9.595381764674137230e+04 9.808091334515399649e+04 9.895542506638514169e+04 9.875552185431530233e+04 9.765575934855657397e+04 9.581982345707553031e+04 9.339623539465846261e+04 9.051631819791039743e+04 8.729376617366675055e+04 8.382526764549530344e+04 8.019175783988296462e+04 7.645999605089555553e+04 7.268425818265778071e+04 6.890801020907034399e+04 6.516548219887312007e+04 6.148310012654640013e+04 5.788075767018664919e+04 5.437292603398365463e+04 5.096960927597294358e+04 4.767715774402765965e+04 4.449895452352959546e+04 4.143599032909610105e+04 3.848734174573825294e+04 3.565056661752020591e+04 3.292202900120758568e+04 3.029716464025900495e+04 2.777069648532976862e+04 2.533680845506774494e+04 2.298928442666543924e+04 2.072161838010940482e+04 1.852710069229635337e+04 1.639888477934541152e+04 1.433003760586898170e+04 1.231357700622993252e+04 1.034249828255667671e+04 8.409792145271683694e+03 6.508455733917983707e+03 4.631498189632787216e+03 2.771942037874921425e+03 9.228214745879445218e+02 0.000000000000000000e+00
0.000000000000000000e+00 6.300633680431944413e+03 1.872736062497925741e+04 3.064254502657836201e+04 4.174411380549781461e+04 5.178386789824618609e+04 6.058020944066388620e+04 6.802326224398950581e+04 7.407245463618403301e+04 7.874804090311234177e+04 8.211885639913035266e+04 8.428868610406080552e+04 8.538317095977252757e+04 8.553849136779998662e+04 8.489240603072872909e+04 8.357772130649509199e+04 8.171795347539076465e+04 7.942479648739166441e+04 7.679697221431652724e+04 7.392007194955743034e+04 7.086706106616032775e+04 6.769919016091551748e+04 6.446712279412525095e+04 6.121214631155104144e+04 5.796737673138646642e+04 5.475890207521026605e+04 5.160683255606769671e+04 4.852624266795405856e+04 4.552800126160380751e+04 4.261949266098828230e+04 3.980523597212326422e+04 3.708741186731709604e+04 3.446630695798066154e+04 3.194068587141461103e+04 2.950810065131913507e+04 2.716514633260235860e+04 2.490767064654772548e+04 2.273094488790312244e+04 2.062980207943073401e+04 1.859874773501595337e+04 1.663204776677608606e+04 1.472379741108145754e+04 1.286797446257802221e+04 1.105847960023756605e+04 9.289166159117037751e+03 7.553861338789420188e+03 5.846380537488071241e+03 4.160536253259914702e+03 2.490142793924189846e+03 8.290178813886078615e+02 0.000000000000000000e+00
0.000000000000000000e+00 5.214680045202008841e+03 1.550923642075339376e+04 2.540808166053975583e+04 3.467546535498467711e+04 4.311450282196677290e+04 5.057664099559909664e+04 5.696601668592551869e+04 6.223870489653961704e+04 6.639768397125226329e+04 6.948488094266914413e+04 7.157180371226572606e+04 7.275008130092508509e+04 7.312286662645943579e+04 7.279765210014423064e+04 7.188070226286648540e+04 7.047306071310097468e+04 6.866794206203485373e+04 6.654925424673584348e+04 6.419098687234057434e+04 6.165722431437102205e+04 5.900258073256400530e+04 5.627289652145134460e+04 5.350607551169741782e+04 5.073297633998780657e+04 4.797829888691685483e+04 4.526142781099001149e+04 4.259721082023149938e+04 3.999666044156988210e+04 3.746757566626178595e+04 3.501508483671753493e+04 3.264211421012667779e+04 3.034978834752122202e+04 2.813776925889776612e+04 2.600454140009419643e+04 2.394764939232726829e+04 2.196389488039946445e+04 2.004949837060695791e+04 1.820023126818064702e+04 1.641152271378607111e+04 1.467854522874067152e+04 1.299628263565492853e+04 1.135958323314898735e+04 9.763200773047143230e+03 8.201825414905608341e+03 6.670106513295960212e+03 5.162668823996257743e+03 3.674123492002162038e+03 2.199075003180851581e+03 7.321251384376757869e+02 0.000000000000000000e+00
0.000000000000000000e+00 4.263530124822565995e+03 1.268682335229445198e+04 2.080507983986353793e+04 2.843516313196333795e+04 3.542203703907002637e+04 4.164583503388729150e+04 4.702545860762359371e+04 5.151866429285585036e+04 5.511910914275506366e+04 5.785117968809076410e+04 5.976356650147438631e+04 6.092248390527984157e+04 6.140524173704468558e+04 6.129463348059726559e+04 6.067437493180456659e+04 5.962564505219116108e+04 5.822465680099643214e+04 5.654111583833053737e+04 5.463739697877749131e+04 5.256826858650100621e+04 5.038101193359391618e+04 4.811580704749342112e+04 4.580628287387979071e+04 4.348015423002870375e+04 4.115988932154716167e+04 3.886336898081802792e+04 3.660451236048574356e+04 3.439385401824743894e+04 3.223906472583173309e+04 3.014541349842122145e+04 2.811617178900948056e+04 2.615296296313565836e+04 2.425606141661534275e+04 2.242464629788091406e+04 2.065701495626357428e+04 1.895076111215962374e+04 1.730292244598614343e+04 1.571010190894094194e+04 1.416856662323943601e+04 1.267432779877807843e+04 1.122320466967800166e+04 9.810875061346752773e+03 8.432914843921231295e+03 7.084828214175081484e+03 5.762070475508368872e+03 4.460064753208645016e+03 3.174213887579159291e+03 1.899908588366160075e+03 6.325328076204226591e+02 0.000000000000000000e+00
0.000000000000000000e+00 3.416147226625437725e+03 1.016944702375491943e+04 1.669025121467632198e+04 2.283807029396162034e+04 2.849264716849974502e+04 3.355920349329632154e+04 3.797131841787482699e+04 4.169138452456110099e+04 4.470890861888255313e+04 4.703716216552861442e+04 4.870879870032500185e+04 4.977104608174362511e+04 5.028098293591779657e+04 5.030126515347174427e+04 4.989651893163842760e+04 4.913048776294331765e+04 4.806392425150458439e+04 4.675315532689015527e+04 4.524921661801695154e+04 4.359744111934175453e+04 4.183739136789504118e+04 4.000303686112489959e+04 3.812309470637052436e+04 3.622146838477023266e+04 3.431773518850222899e+04 3.242764643032063032e+04 3.056361562271027651e+04 2.873517854517112937e+04 2.694941572046666261e+04 2.521133264218263503e+04 2.352419648440495803e+04 2.188983029945694943e+04 2.030886714660882353e+04 1.878096741859801114e+04 1.730500302273254056e+04 1.587921216603300672e+04 1.450132839228155535e+04 1.316868729840041851e+04 1.187831407148805374e+04 1.062699467348356120e+04 9.411333182957911049e+03 8.227797498663661827e+03 7.072755327139297151e+03 5.942502122382463313e+03 4.833282421367370262e+03 3.741305825765849022e+03 2.662758716749462565e+03 1.593812655088727524e+03 5.306303112990345880e+02 0.000000000000000000e+00
0.000000000000000000e+00 2.647758984548176159e+03 7.884566301430303611e+03 1.294840770114857696e+04 1.773421966073412841e+04 2.215127784770360086e+04 2.612701335296019897e+04 2.960922704606063780e+04 3.256664676867707385e+04 3.498797864274223684e+04 3.687976165488865809e+04 3.826342005261438317e+04 3.917191878551937407e+04 3.964637877148710686e+04 3.973292526580222329e+04 3.947994787840807840e+04 3.893586281650991441e+04 3.814739711526422616e+04 3.715836459979244682e+04 3.600887304713451158e+04 3.473488790503102064e+04 3.336807555759634852e+04 3.193585432281234898e+04 3.046159070578548562e+04 2.896488941425023222e+04 2.746193661744104611e+04 2.596586592932437270e+04 2.448712515493288447e+04 2.303382881932640885e+04 2.161208696874135057e+04 2.022630486550102796e+04 1.887945120702276836e+04 1.757329460373704933e+04 1.630860945182221985e+04 1.508535320721347671e+04 1.390281755008378241e+04 1.275975613700352733e+04 1.165449165874205937e+04 1.058500482093413484e+04 9.549007690869466387e+03 8.544003640735842055e+03 7.567335890034229124e+03 6.616226423238555071e+03 5.687806843616203878e+03 4.779142526865412947e+03 3.887251261825608253e+03 3.009117411751464715e+03 2.141702498568633928e+03 1.281953003943268868e+03 4.268060937890355717e+02 0.000000000000000000e+00
0.000000000000000000e+00 1.938081394687422744e+03 5.772651496286150177e+03 9.484593627771559113e+03 1.299912280014465614e+04 1.625123120865493911e+04 1.918834502481426534e+04 2.177192964477417991e+04 2.397799686140679842e+04 2.579659752857627609e+04 2.723048575871758658e+04 2.829320106978393233e+04 2.900683023629041418e+04 2.939968809878164757e+04 2.950410925991959448e+04 2.935448449975100448e+04 2.898561850950766893e+04 2.843143679332210741e+04 2.772403290994735289e+04 2.689302306577820491e+04 2.596516189612837115e+04 2.496416863471627221e+04 2.391071416681665505e+04 2.282252437978198213e+04 2.171456194907949248e+04 2.059925593776194364e+04 1.948675551466922843e+04 1.838519024844057640e+04 1.730092460852659497e+04 1.623879846973079111e+04 1.520234864411472518e+04 1.419400887450145638e+04 1.321528745669981254e+04 1.226692284978609678e+04 1.134901840840634941e+04 1.046115783343224575e+04 9.602503173196675561e+03 8.771877284784406584e+03 7.967832635769773333e+03 7.188708230358956826e+03 6.432676308577956661e+03 5.697780313232505250e+03 4.981965460669489403e+03 4.283103097244882520e+03 3.599009879650197945e+03 2.927462687334755174e+03 2.266210060863080344e+03 1.612980861838625742e+03 9.654907683304428474e+02 3.214471537066361861e+02 0.000000000000000000e+00
0.000000000000000000e+00 1.269996492611820258e+03 3.783364661265084578e+03 6.218192513518923079e+03 8.526446703443643855e+03 1.066617916198807143e+04 1.260320589290396310e+04 1.431214964685414998e+04 1.577681350364570972e+04 1.698992885149742142e+04 1.795238278168019315e+04 1.867206823156988685e+04 1.916251299114614812e+04 1.944143412749798154e+04 1.952933917541059054e+04 1.944826235124031155e+04 1.922068992851560324e+04 1.886869863864607760e+04 1.841330718097489080e+04 1.787402440996888981e+04 1.726856797906269276e+04 1.661272291840129401e+04 1.592030933003360587e+04 1.520323069751855292e+04 1.447157806459172753e+04 1.373376966993112001e+04 1.299670994321701983e+04 1.226595571570141146e+04 1.154588089667409440e+04 1.083983365760079869e+04 1.015028236678735084e+04 9.478948190225031794e+03 8.826923498827323783e+03 8.194776082272474014e+03 7.582639743244062629e+03 6.990292202083599477e+03 6.417221437605713618e+03 5.862681671472072594e+03 5.325740207047502736e+03 4.805316286257752836e+03 4.300213050013886459e+03 3.809143593668679841e+03 3.330752008989157730e+03 2.863630205069213389e+03 2.406331207167799221e+03 1.957379547018952735e+03 1.515279282540278473e+03 1.078520119600625094e+03 6.455820538400134865e+02 2.149389064129528322e+02 0.000000000000000000e+00
0.000000000000000000e+00 6.285364071088482660e+02 1.872618142654750727e+03 3.078365061611216788e+03 4.222292338142514382e+03 5.283832842981380963e+03 6.246149737992485825e+03 7.096649546147758883e+03 7.827178654877065128e+03 8.433921592124421295e+03 8.917048284987871739e+03 9.280176083728820231e+03 9.529719369293992713e+03 9.674196244721295443e+03 9.723550963050769496e+03 9.688535801354782961e+03 9.580180214741441887e+03 9.409360651843267988e+03 9.186472765412627268e+03 8.921199414132046513e+03 8.622362691823011119e+03 8.297845729870254218e+03 7.954569537469422357e+03 7.598511015737717571e+03 7.234749941912289614e+03 6.867534734220789687e+03 6.500358872631842132e+03 6.136041774542499297e+03 5.776809604933798255e+03 5.424372897272676710e+03 5.079998975266818888e+03 4.744578020835193456e+03 4.418682266171496849e+03 4.102618237288081218e+03 3.796472280265019435e+03 3.500149794099032533e+03 3.213408703709676047e+03 2.935887756492038079e+03 2.667130234734085661e+03 2.406603657647544424e+03 2.153716011574485492e+03 1.907829002467025930e+03 1.668268776573324203e+03 1.434334506900612269e+03 1.205305196955398742e+03 9.804450110420091278e+02 7.590074026867374641e+02 5.402382801941212165e+02 3.233784210243098300e+02 1.076653245218752915e+02 0.000000000000000000e+00
0.000000000000000000e+00 6.740027315404591157e-02 2.064406413872436619e-01 3.572521527573581102e-01 5.247445556451704185e-01 7.101338295554150415e-01 9.106699774886397591e-01 1.120144910970813479e+00 1.329977637849976579e+00 1.530577185741853530e+00 1.712682469987505618e+00 1.868449121499726973e+00 1.992157644432741570e+00 2.080519107907975673e+00 2.132630781916878604e+00 2.149676454346102883e+00 2.134477325179314544e+00 2.090988645146016900e+00 2.023814771075431285e+00 1.937789395923448232e+00 1.837644304620824398e+00 1.727771861772058326e+00 1.612074306884923036e+00 1.493886125099707085e+00 1.375953168152576733e+00 1.260452477160015405e+00 1.149038611014074673e+00 1.042904966186263715e+00 9.428513159309566127e-01 8.493513524980877971e-01 7.626162352981515902e-01 6.826517240653848795e-01 6.093077881048031275e-01 5.423205088101867855e-01 4.813464755691718722e-01 4.259903822328759415e-01 3.758266863046076378e-01 3.304160982103798716e-01 2.893177823660361692e-01 2.520980539546547883e-01 2.183362003507315630e-01 1.876280794494494530e-01 1.595879711172990267e-01 1.338490285819073089e-01 1.100627232225508956e-01 8.789751898868236601e-02 6.703698333348996619e-02 4.717747308869909423e-02 2.802554499157674725e-02 9.295175123573912526e-03 0.000000000000000000e+00
0.000000000000000000e+00 -6.284058463739318086e+02 -1.872217032506837768e+03 -3.077667238185934366e+03 -4.221260745875914836e+03 -5.282427722170714333e+03 -6.244337336787693857e+03 -7.094409614072563272e+03 -7.824509466374230215e+03 -8.430841943440384057e+03 -8.913596581365511156e+03 -9.276407127299307831e+03 -9.525699706873430841e+03 -9.669998956651292247e+03 -9.719250635425170913e+03 -9.684204203572255210e+03 -9.575882970468755957e+03 -9.405154989289725563e+03 -9.182406284294915167e+03 -8.917309715542045524e+03 -8.618677675788496344e+03 -8.294384360969213958e+03 -7.951342898158788557e+03 -7.595523498641633523e+03 -7.232000467768211820e+03 -6.865017916022848112e+03 -6.498066075564912353e+03 -6.133962044533229346e+03 -5.774930455928573792e+03 -5.422680959354475817e+03 -5.078480513339755817e+03 -4.743219337914178141e+03 -4.417470007195529433e+03 -4.101539609451815522e+03 -3.795515205204885660e+03 -3.499303005688340818e+03 -3.212661803403520480e+03 -2.935231236534757954e+03 -2.666555477710895047e+03 -2.406102919374571229e+03 -2.153282392885421359e+03 -1.907456414292858881e+03 -1.667951901771307575e+03 -1.434068761459557209e+03 -1.205086692591271458e+03 -9.802705206530500845e+02 -7.588743297349483328e+02 -5.401446328278344708e+02 -3.233227914827754148e+02 -1.076468741852303594e+02 0.000000000000000000e+00
0.000000000000000000e+00 -1.269879599634471788e+03 -3.783001486096091412e+03 -6.217548426495687636e+03 -8.525472767680093966e+03 -1.066482293981871771e+04 -1.260142268085567048e+04 -1.430991179799642123e+04 -1.577411628556843061e+04 -1.698679230315562381e+04 -1.794884993714117445e+04 -1.866820067002264477e+04 -1.915838490112286672e+04 -1.943712600335133175e+04 -1.952493201219283219e+04 -1.944383288478030227e+04 -1.921630716626379581e+04 -1.886442169096438010e+04 -1.840918424704602876e+04 -1.787009269140776814e+04 -1.726485427087366770e+04 -1.660924464171990257e+04 -1.591707580726126071e+04 -1.520024451469092674e+04 -1.446883640950505287e+04 -1.373126557317001971e+04 -1.299443338024770492e+04 -1.226389455153869130e+04 -1.154402167107935202e+04 -1.083816221943590062e+04 -1.014878437226548522e+04 -9.477609482796620796e+03 -8.825730389147096503e+03 -8.193715545857736288e+03 -7.581699552104566465e+03 -6.989461004481297095e+03 -6.416488798039675203e+03 -5.862038081075453192e+03 -5.325177072674484407e+03 -4.804825904929587523e+03 -4.299788574042274377e+03 -3.808778990566318498e+03 -3.330442019279114447e+03 -2.863370300477152796e+03 -2.406117550958401807e+03 -1.957208957791428702e+03 -1.515149202431710592e+03 -1.078428587559181096e+03 -6.455276844577625752e+02 -2.149208746169957180e+02 0.000000000000000000e+00
0.000000000000000000e+00 -1.937990665699328474e+03 -5.772360885739854893e+03 -9.484052214005589121e+03 -1.299825895850602137e+04 -1.624996858853685626e+04 -1.918661864878600318e+04 -2.176969861143569142e+04 -2.397525157470003978e+04 -2.579336104643125145e+04 -2.722681019396304328e+04 -2.828916071447461582e+04 -2.900251322417722258e+04 -2.939518814336768264e+04 -2.949951852514770144e+04 -2.934988815702093052e+04 -2.898109111877249234e+04 -2.842704036118661679e+04 -2.771981632143893148e+04 -2.688902253210384879e+04 -2.596140207450721573e+04 -2.496066412769056478e+04 -2.390747117440548755e+04 -2.281954234328663006e+04 -2.171183508231736414e+04 -2.059677458683459554e+04 -1.948450732065247576e+04 -1.838316111022610494e+04 -1.729909945735261499e+04 -1.623716187497961982e+04 -1.520088527342272937e+04 -1.419270383181387115e+04 -1.321412652068209900e+04 -1.226589263266956732e+04 -1.134810645282924452e+04 -1.046035266204525033e+04 -9.601794303151817076e+03 -8.771255217022049692e+03 -7.967288826943678941e+03 -7.188235053579652231e+03 -6.432267007762201501e+03 -5.697428954623998834e+03 -4.981666884273838150e+03 -4.282852870189739406e+03 -3.598804252954953427e+03 -2.927298557112031176e+03 -2.266084934630015596e+03 -1.612892830510386602e+03 -9.654384841653333069e+02 -3.214298144359667617e+02 0.000000000000000000e+00
0.000000000000000000e+00 -2.647712843114061798e+03 -7.884399177144835448e+03 -1.294804058526355766e+04 -1.773354226377897066e+04 -2.215017380700648209e+04 -2.612538471427827608e+04 -2.960701242423322765e+04 -3.256383035531534188e+04 -3.498459011383872712e+04 -3.687586907774723659e+04 -3.825911876967547869e+04 -3.916731913767978403e+04 -3.964159482072598621e+04 -3.972806578794095549e+04 -3.947511009931786975e+04 -3.893112879054669611e+04 -3.814283231349554262e+04 -3.715401814534415462e+04 -3.600477904098785802e+04 -3.473106736728714168e+04 -3.336453862005288829e+04 -3.193260241931141354e+04 -3.045861860165921826e+04 -2.896218698957411107e+04 -2.745949037113015220e+04 -2.596366020522939289e+04 -2.448514311128845293e+04 -2.303205317306216239e+04 -2.161050054964866285e+04 -2.022489101457255310e+04 -1.887819405030823691e+04 -1.757217922904157240e+04 -1.630762201124305648e+04 -1.508448096444871953e+04 -1.390204888767427110e+04 -1.275908053546347583e+04 -1.165389965687367658e+04 -1.058448796444812069e+04 -9.548558474652292716e+03 -8.543615448775821278e+03 -7.567002935868801615e+03 -6.615943692976189595e+03 -5.687570043028194959e+03 -4.778948033544613281e+03 -3.887096083053679649e+03 -3.008999148456152398e+03 -2.141619315678000476e+03 -1.281903607252701249e+03 -4.267897134020217322e+02 0.000000000000000000e+00
0.000000000000000000e+00 -3.416174372729870356e+03 -1.016948239445142644e+04 -1.669016868610533857e+04 -2.283769570431882676e+04 -2.849179966139513999e+04 -3.355773397704524541e+04 -3.796913601585924334e+04 -4.168846730843528348e+04 -4.470529997580524650e+04 -4.703295723346211889e+04 -4.870412614874099381e+04 -4.976604973607823922e+04 -5.027580621384982078e+04 -5.029603970649489929e+04 -4.989135766168785631e+04 -4.912548163052715245e+04 -4.805914195683117578e+04 -4.674864490537772508e+04 -4.524500811914852238e+04 -4.359354973352870729e+04 -4.183382056583914527e+04 -3.999978128106056829e+04 -3.812014265439186420e+04 -3.621880390311151859e+04 -3.431533970281115035e+04 -3.242550001777888247e+04 -3.056169795657537543e+04 -2.873346957389286035e+04 -2.694789613591126545e+04 -2.520998418485200091e+04 -2.352300212575232945e+04 -2.188877433387506244e+04 -2.030793521875672013e+04 -1.878014650599800734e+04 -1.730428138869530812e+04 -1.587857929411361692e+04 -1.450077491052272126e+04 -1.316820489928528150e+04 -1.187789543176728148e+04 -1.062663337678612879e+04 -9.411023647072943277e+03 -8.227534908704603367e+03 -7.072535575375916778e+03 -5.942321755126602511e+03 -4.833138593089142887e+03 -3.741196260452398292e+03 -2.662681676482985949e+03 -1.593766915756425988e+03 -5.306151453161751306e+02 0.000000000000000000e+00
0.000000000000000000e+00 -4.263676626074866363e+03 -1.268718734180827232e+04 -2.080545606037461039e+04 -2.843527220597496125e+04 -3.542159515717533941e+04 -4.164461551661312842e+04 -4.702333035367909906e+04 -5.151560288671252783e+04 -5.511518524742876616e+04 -5.784653373148895480e+04 -5.975837885568225465e+04 -6.091694744397101022e+04 -6.139954059202724602e+04 -6.128892916243350919e+04 -6.066879921034025756e+04 -5.962029811296646221e+04 -5.821960897784538975e+04 -5.653641140010997333e+04 -5.463305879662709776e+04 -5.256430288176207978e+04 -5.037741262863699376e+04 -4.811255948462325614e+04 -4.580336683165578870e+04 -4.347754626560262841e+04 -4.115756451915521757e+04 -3.886130220642728818e+04 -3.660267912327379599e+04 -3.439223102995360387e+04 -3.223763023518901173e+04 -3.014414746311546696e+04 -2.811505593392088849e+04 -2.615198076189468702e+04 -2.425519802385376170e+04 -2.242388845203562232e+04 -2.065635086695324208e+04 -1.895018034173314300e+04 -1.730241579177172753e+04 -1.570966129035867198e+04 -1.416818497631381251e+04 -1.267399897950072409e+04 -1.122292336690362208e+04 -9.810636719369300408e+03 -8.432715594623254219e+03 -7.084664818477952394e+03 -5.761940273706610242e+03 -4.459965623770031016e+03 -3.174144214039106373e+03 -1.899867233970846428e+03 -6.325190974224296951e+02 0.000000000000000000e+00
0.000000000000000000e+00 -5.215021415833962237e+03 -1.551013428632471368e+04 -2.540919600758743763e+04 -3.467634190200026205e+04 -4.311469324468699051e+04 -5.057580257850608177e+04 -5.696396699548271135e+04 -6.223542863725525967e+04 -6.639330439564601693e+04 -6.947961358931998257e+04 -7.156590809846275079e+04 -7.274382059202961682e+04 -7.311647954778041458e+04 -7.279133714079576021e+04 -7.187461190419818740e+04 -7.046730263307518908e+04 -6.866258444139869243e+04 -6.654433292050662567e+04 -6.418651278540508065e+04 -6.165319036818249151e+04 -5.899896758225027588e+04 -5.626967719706037315e+04 -5.350321892193541134e+04 -5.073044980841546931e+04 -4.797606990170168865e+04 -4.525946516543532198e+04 -4.259548530006989313e+04 -3.999514518739123014e+04 -3.746624631171637884e+04 -3.501391949843701150e+04 -3.264109338486315028e+04 -3.034889475587569541e+04 -2.813698766267094106e+04 -2.600385841128947868e+04 -2.394705328530085171e+04 -2.196337541404441436e+04 -2.004904662443707275e+04 -1.819983949403230508e+04 -1.641118420358358708e+04 -1.467825419796549613e+04 -1.299603412164751535e+04 -1.135937300721717838e+04 -9.763025265247306379e+03 -8.201681650438093129e+03 -6.669992059475023780e+03 -5.162581746870005190e+03 -3.674062321921285729e+03 -2.199038708661662440e+03 -7.321131078266349732e+02 0.000000000000000000e+00
0.000000000000000000e+00 -6.301296166765753696e+03 -1.872913238005421954e+04 -3.064485178162771990e+04 -4.174620614972469775e+04 -5.178503334102368535e+04 -6.057993455719106714e+04 -6.802130641244370781e+04 -7.406884027112575131e+04 -7.874299010851746425e+04 -8.211270813160944090e+04 -8.428181935674686974e+04 -8.537594727783900453e+04 -8.553121986619445670e+04 -8.488532794869079953e+04 -8.357100863250186376e+04 -8.171171607366150420e+04 -7.941909323408341152e+04 -7.679182305503309180e+04 -7.391546905623313796e+04 -7.086297822322115826e+04 -6.769559013504016912e+04 -6.446396279935874918e+04 -6.120938185053461348e+04 -5.796496414435069892e+04 -5.475680011372958688e+04 -5.160500325346960744e+04 -4.852465172410576633e+04 -4.552661810776045604e+04 -4.261829032578756596e+04 -3.980419083399081865e+04 -3.708650335116269707e+04 -3.446551721402067051e+04 -3.193999945960862533e+04 -2.950750424509796721e+04 -2.716462844886892708e+04 -2.490722140466529891e+04 -2.273055579785560985e+04 -2.062946585770473030e+04 -1.859845814598815923e+04 -1.663179948710165263e+04 -1.472358591447896288e+04 -1.286779592257228251e+04 -1.105833080868513753e+04 -9.289044458542326538e+03 -7.553764566869616829e+03 -5.846306982297143804e+03 -4.160484618108370341e+03 -2.490112170924878228e+03 -8.290077330460775329e+02 0.000000000000000000e+00
0.000000000000000000e+00 -7.562327037934695909e+03 -2.246024728548453641e+04 -3.669487258911775280e+04 -4.987859757421723043e+04 -6.169929941245531518e+04 -7.193759589673564187e+04 -8.047248382591968402e+04 -8.727563592623395380e+04 -9.239710763562087959e+04 -9.594640947179186333e+04 -9.807271391901088646e+04 -9.894692929629783612e+04 -9.874712469038258132e+04 -9.764774615518994688e+04 -9.581237860338248720e+04 -9.338945979490224272e+04 -9.051024936615402112e+04 -8.728839700922540214e+04 -8.382056216118687007e+04 -8.018766333334193041e+04 -7.645645193525466311e+04 -7.268120201472866756e+04 -6.890538153641417739e+04 -6.516322480464673572e+04 -6.148116315532066074e+04 -5.787909601053819642e+04 -5.437150023505158606e+04 -5.096838519368446578e+04 -4.767610604962027719e+04 -4.449805016051819985e+04 -4.143521197172296525e+04 -3.848667128937423695e+04 -3.564998871658257121e+04 -3.292153066057897377e+04 -3.029673486036730537e+04 -2.777032595784719888e+04 -2.533648930457178358e+04 -2.298900999290149412e+04 -2.072138303552964862e+04 -1.852689968994546143e+04 -1.639871412656144821e+04 -1.432989395988376236e+04 -1.231345758835692504e+04 -1.034240080815316287e+04 -8.409714767154215224e+03 -6.508396997327829922e+03 -4.631456997278139170e+03 -2.771917623881907730e+03 -9.228133864788794654e+02 0.000000000000000000e+00
0.000000000000000000e+00 -9.050091737415750686e+03 -2.685465713481717103e+04 -4.379579371510980855e+04 -5.937401214553049067e+04 -7.319597083780544926e+04 -8.499866579132151674e+04 -9.465539706820632273e+04 -1.021641119722092844e+05 -1.076233950358645670e+05 -1.112031082008497324e+05 -1.131156975511274795e+05 -1.135919312978777743e+05 -1.128626034437749477e+05 -1.111461533782175102e+05 -1.086412998308464885e+05 -1.055234951363283471e+05 -1.019440474263206124e+05 -9.803095345444093982e+04 -9.389071924586321984e+04 -8.961066101362709014e+04 -8.526135225782261114e+04 -8.089901178780030750e+04 -7.656771747566733393e+04 -7.230139038242472452e+04 -6.812553169229412742e+04 -6.405871739823908865e+04 -6.011386801180941256e+04 -5.629931638223350456e+04 -5.261969851842612843e+04 -4.907669178668076347e+04 -4.566962308577003569e+04 -4.239596725510526448e+04 -3.925175345672050025e+04 -3.623189482022143056e+04 -3.333045437412247702e+04 -3.054085826174302565e+04 -2.785606546964476365e+04 -2.526870177375539424e+04 -2.277116431324672158e+04 -2.035570211055379696e+04 -1.801447694191203118e+04 -1.573960820201663046e+04 -1.352320477668154672e+04 -1.135738641854721573e+04 -9.234296696248202352e+03 -7.146109242569817070e+03 -5.085028749786190019e+03 -3.043287940839725252e+03 -1.013141575464161974e+03 0.000000000000000000e+00
0.000000000000000000e+00 -1.083347451432743219e+04 -3.211249580123387204e+04 -5.225963299091528461e+04 -7.062568645491461211e+04 -8.671190600184017967e+04 -1.002056993624768220e+05 -1.109863266833091620e+05 -1.191020198584514292e+05 -1.247292523346978269e+05 -1.281269307445426239e+05 -1.295950367866937595e+05 -1.294424949002243375e+05 -1.279652044085322268e+05 -1.254329640829730633e+05 -1.220831722053638950e+05 -1.181191734931507235e+05 -1.137114917482736055e+05 -1.090006501362699346e+05 -1.041007003541100858e+05 -9.910290921739340411e+04 -9.407928429452309501e+04 -8.908577540290060278e+04 -8.416508619595470373e+04 -7.934908755700726761e+04 -7.466085583311179653e+04 -7.011637387824234611e+04 -6.572593803164592828e+04 -6.149531380493991310e+04 -5.742667985509907157e+04 -5.351939538195137720e+04 -4.977062132950890373e+04 -4.617582118849462131e+04 -4.272916303491935832e+04 -3.942384078941219195e+04 -3.625232955411231524e+04 -3.320658724531500047e+04 -3.027821253847353728e+04 -2.745856731918749210e+04 -2.473887033309930484e+04 -2.211026749708387797e+04 -1.956388332849007929e+04 -1.709085712955764029e+04 -1.468236689778435357e+04 -1.232964339309025308e+04 -1.002397635670428826e+04 -7.756714526903515434e+03 -5.519260818453339198e+03 -3.303063814220638960e+03 -1.099606549995433170e+03 0.000000000000000000e+00
0.000000000000000000e+00 -1.300478503302026002e+04 -3.850221856484426826e+04 -6.250455599204055034e+04 -8.415719468080368824e+04 -1.028202673517850053e+05 -1.181258989732502814e+05 -1.299821904439937789e+05 -1.385283884435006476e+05 -1.440646636998523900e+05 -1.469803256558421126e+05 -1.476950239507974184e+05 -1.466178071076958149e+05 -1.441227552070589736e+05 -1.405373263396901602e+05 -1.361392514143946173e+05 -1.311585348825480614e+05 -1.257820959372577781e+05 -1.201594549881625135e+05 -1.144085228168240865e+05 -1.086209912072274892e+05 -1.028671002998870390e+05 -9.719971933323681878e+04 -9.165776434816107212e+04 -8.626901781645584560e+04 -8.105243020482466090e+04 -7.601998424989881460e+04 -7.117819643152659410e+04 -6.652932095071244112e+04 -6.207231171500669006e+04 -5.780358855645010772e+04 -5.371764566176033259e+04 -4.980753313438611804e+04 -4.606523670498863066e+04 -4.248197574834750412e+04 -3.904843580755472067e+04 -3.575494862688607100e+04 -3.259163011969824947e+04 -2.954848463138108855e+04 -2.661548220284912895e+04 -2.378261421615858490e+04 -2.103993174537661253e+04 -1.837757008991331895e+04 -1.578576229178625726e+04 -1.325484389930411817e+04 -1.077525081055637565e+04 -8.337511689877615936e+03 -5.932236182900041968e+03 -3.550099947587297720e+03 -1.181827360286349403e+03 0.000000000000000000e+00
0.000000000000000000e+00 -1.568823208689368585e+04 -4.638703743388861039e+04 -7.509917772777061327e+04 -1.006782689174747939e+05 -1.222860697470946470e+05 -1.394954387331765902e+05 -1.522881476754219620e+05 -1.609646797715286084e+05 -1.660206883652623510e+05 -1.680346842280797428e+05 -1.675869262528552790e+05 -1.652109543726089178e+05 -1.613706829722256516e+05 -1.564543346542320796e+05 -1.507779722298769921e+05 -1.445936186852933606e+05 -1.380989021299506130e+05 -1.314465510621959111e+05 -1.247529447177021793e+05 -1.181054324947217392e+05 -1.115684063644675334e+05 -1.051882372819129523e+05 -9.899723404691681208e+04 -9.301678915574106213e+04 -8.725986291975120548e+04 -8.173293648493512592e+04 -7.643754249377583619e+04 -7.137146185130406229e+04 -6.652965749769349350e+04 -6.190500146701657650e+04 -5.748883962663997227e+04 -5.327142898222887743e+04 -4.924227490224346548e+04 -4.539038969139408437e+04 -4.170448930082124571e+04 -3.817314133492905239e+04 -3.478487468200947478e+04 -3.152825888374976421e+04 -2.839195963072229279e+04 -2.536477541928879873e+04 -2.243565934691744042e+04 -1.959372919291100334e+04 -1.682826828011320686e+04 -1.412871910176630627e+04 -1.148467129632451542e+04 -8.885845239137021053e+03 -6.322072275674387129e+03 -3.783272432935401866e+03 -1.259430303848264884e+03 0.000000000000000000e+00
0.000000000000000000e+00 -1.904933798687592571e+04 -5.625852138270465366e+04 -9.082684852720134950e+04 -1.211706334203535953e+05 -1.461503039335920184e+05 -1.652816385191774170e+05 -1.787102817484010302e+05 -1.870214946008864208e+05 -1.910187257613073452e+05 -1.915507966382305312e+05 -1.894070424598311365e+05 -1.852684011575518525e+05 -1.796946876548909931e+05 -1.731313570750300423e+05 -1.659246841654962045e+05 -1.583390654986944573e+05 -1.505733428349547030e+05 -1.427749024128688907e+05 -1.350512724969720002e+05 -1.274793876893988345e+05 -1.201128553812507453e+05 -1.129875893829367124e+05 -1.061261454017722281e+05 -9.954104183976497734e+04 -9.323729583341868420e+04 -8.721435627622998436e+04 -8.146757520726085932e+04 -7.598932646296275198e+04 -7.076985495738238387e+04 -6.579792018721580098e+04 -6.106128239549135469e+04 -5.654706826557771274e+04 -5.224204423030297039e+04 -4.813281881411918584e+04 -4.420599036935691402e+04 -4.044825272995215346e+04 -3.684646838961735921e+04 -3.338771659084931889e+04 -3.005932201696397897e+04 -2.684886848332235604e+04 -2.374420103006633872e+04 -2.073341905466780008e+04 -1.780486253396593384e+04 -1.494709293130916558e+04 -1.214887003382560033e+04 -9.399125694661812304e+03 -6.686935247715360674e+03 -4.001487204625644154e+03 -1.332051726017325791e+03 0.000000000000000000e+00
0.000000000000000000e+00 -2.329993682855478983e+04 -6.877086220303032314e+04 -1.107790612023539870e+05 -1.470271109997922031e+05 -1.758628733727106592e+05 -1.967705294534767745e+05 -2.102498461496084055e+05 -2.173922911128024862e+05 -2.194819234391309728e+05 -2.177427341033438861e+05 -2.132220457905414805e+05 -2.067609201427570952e+05 -1.990083094146463263e+05 -1.904517218253907631e+05 -1.814503418582741579e+05 -1.722646163089258480e+05 -1.630805012981975742e+05 -1.540284432572532387e+05 -1.451978551678183139e+05 -1.366479903845512017e+05 -1.284160380881132733e+05 -1.205231194667209929e+05 -1.129787163373719086e+05 -1.057839369680448726e+05 -9.893392229785039672e+04 -9.241961757922012475e+04 -8.622907559599848173e+04 -8.034841383583577408e+04 -7.476251568158816372e+04 -6.945554192890183185e+04 -6.441130150247064012e+04 -5.961351745421728992e+04 -5.504601493920914800e+04 -5.069285096538013022e+04 -4.653840063249032391e+04 -4.256741082585954427e+04 -3.876502955561265117e+04 -3.511681707302500581e+04 -3.160874336292529915e+04 -2.822717546693353142e+04 -2.495885723532686825e+04 -2.179088346170017030e+04 -1.871066986975026884e+04 -1.570592005566686930e+04 -1.276459021299418055e+04 -9.874852257952019499e+03 -7.025055815891336351e+03 -4.203689411830748213e+03 -1.399341121607450987e+03 0.000000000000000000e+00
0.000000000000000000e+00 -2.867949058931268519e+04 -8.474594225769670447e+04 -1.364914209504989267e+05 -1.802958572741328389e+05 -2.135035402832443360e+05 -2.356877573363125557e+05 -2.481262817717533908e+05 -2.528159001706496347e+05 -2.517739427646202384e+05 -2.467161705432679446e+05 -2.389774864558324334e+05 -2.295449242081348784e+05 -2.191259080354211910e+05 -2.082168789534922980e+05 -1.971603451331688557e+05 -1.861885565804352227e+05 -1.754556027915537124e+05 -1.650605141500165046e+05 -1.550637145323962322e+05 -1.454986805927752575e+05 -1.363801871198269655e+05 -1.277101340583741694e+05 -1.194816635128620110e+05 -1.116820673970992066e+05 -1.042948388106345083e+05 -9.730111614672542783e+04 -9.068069576159797725e+04 -8.441273760270701314e+04 -7.847625200416290318e+04 -7.285043034427519888e+04 -6.751486423120215477e+04 -6.244968510954624799e+04 -5.763564710688091873e+04 -5.305416947565377632e+04 -4.868735036931679497e+04 -4.451796038533123647e+04 -4.052942193390449393e+04 -3.670577878267158667e+04 -3.303165889474264986e+04 -2.949223278612513968e+04 -2.607316898257967114e+04 -2.276058768702585803e+04 -1.954101342764480069e+04 -1.640132720860122572e+04 -1.332871850451341197e+04 -1.031063730824802587e+04 -7.334746346053686466e+03 -4.388873505194060272e+03 -1.460964470190690236e+03 0.000000000000000000e+00
0.000000000000000000e+00 -3.535169290168469888e+04 -1.050422488530756091e+05 -1.701448491486379935e+05 -2.241610756985190965e+05 -2.621675563661759370e+05 -2.843506495045545744e+05 -2.937516181258450379e+05 -2.939710841823501978e+05 -2.880817767823258182e+05 -2.783705188326876960e+05 -2.664268052791807568e+05 -2.533153821981652582e+05 -2.397335195652567782e+05 -2.261295408198700752e+05 -2.127856031403523230e+05 -1.998736620879653492e+05 -1.874928391374521307e+05 -1.756942960187495919e+05 -1.644978082188649278e+05 -1.539028303342252912e+05 -1.438958957399528881e+05 -1.344555661339925427e+05 -1.255557362585067749e+05 -1.171678302967659401e+05 -1.092622494007755886e+05 -1.018093124353637832e+05 -9.477985370088505442e+04 -8.814558880916272756e+04 -8.187932438800636737e+04 -7.595506321275905066e+04 -7.034803996845365327e+04 -6.503471164582582423e+04 -5.999271890305377019e+04 -5.520082946098117100e+04 -5.063887098374150810e+04 -4.628765841219687718e+04 -4.212891901195763785e+04 -3.814521722897432483e+04 -3.431988064721327828e+04 -3.063692780021333601e+04 -2.708099822180784395e+04 -2.363728487614940968e+04 -2.029146894517940018e+04 -1.702965684655723453e+04 -1.383831928819674431e+04 -1.070423212446399339e+04 -7.614418754870828707e+03 -4.556093792694363401e+03 -1.516607724151191633e+03 0.000000000000000000e+00
0.000000000000000000e+00 -4.303882935910732340e+04 -1.299313812058915209e+05 -2.148861028782400826e+05 -2.840315718823985662e+05 -3.266533924486056203e+05 -3.457953406005113502e+05 -3.485584035201190854e+05 -3.412350339555038372e+05 -3.282115603391797631e+05 -3.122573226019235444e+05 -2.950438336154925637e+05 -2.775562797383403522e+05 -2.603632472072694509e+05 -2.437821616202336736e+05 -2.279788645202797197e+05 -2.130276494935014925e+05 -1.989477956514145480e+05 -1.857260225685513869e+05 -1.733303919899830362e+05 -1.617189367852013966e+05 -1.508449993716676545e+05 -1.406604984790298040e+05 -1.311178850903071580e+05 -1.221712681306081213e+05 -1.137770160602496762e+05 -1.058940304929814010e+05 -9.848381779733981239e+04 -9.151043954497341474e+04 -8.494039352586357563e+04 -7.874245815023286559e+04 -7.288752078396083380e+04 -6.734840260219352785e+04 -6.209968739847104735e+04 -5.711755848141713795e+04 -5.237964569241883146e+04 -4.786488326770980348e+04 -4.355337847271318606e+04 -3.942629047401426214e+04 -3.546571866488164233e+04 -3.165459954566648594e+04 -2.797661122826273277e+04 -2.441608465055972556e+04 -2.095792063033920567e+04 -1.758751194423052948e+04 -1.429066967723881680e+04 -1.105355314652837478e+04 -7.862602756265269818e+03 -4.704475186559900067e+03 -1.565980357867149451e+03 0.000000000000000000e+00
0.000000000000000000e+00 -4.994720081952480541e+04 -1.568496941005148692e+05 -2.754801868302429793e+05 -3.703489917127011577e+05 -4.145977816245344002e+05 -4.236152479500396876e+05 -4.134510997746292851e+05 -3.941990212128083222e+05 -3.712721001482218853e+05 -3.474033767436464550e+05 -3.239349267492028885e+05 -3.015026559227381949e+05 -2.803810279041564208e+05 -2.606569939332818321e+05 -2.423200438268945145e+05 -2.253102757142201590e+05 -2.095446714060263766e+05 -1.949316066139405302e+05 -1.813788003872108820e+05 -1.687975254448193300e+05 -1.571046664823803585e+05 -1.462235433200479310e+05 -1.360840374929870886e+05 -1.266223410750179901e+05 -1.177805162165424990e+05 -1.095059756788931409e+05 -1.017509474504432146e+05 -9.447195804744846828e+04 -8.762935202016841504e+04 -8.118685507827725087e+04 -7.511118241489192587e+04 -6.937169058046741702e+04 -6.394006960715962487e+04 -5.879007137372928992e+04 -5.389727003675753804e+04 -4.923885049346139567e+04 -4.479342113713129220e+04 -4.054084752944528736e+04 -3.646210399259030237e+04 -3.253914048927386830e+04 -2.875476249498754260e+04 -2.509252186746202278e+04 -2.153661698136473206e+04 -1.807180062276740136e+04 -1.468329432998540324e+04 -1.135670802813416958e+04 -8.077963937088466992e+03 -4.833223839406049592e+03 -1.608818878624661693e+03 0.000000000000000000e+00
0.000000000000000000e+00 -5.042195733201740222e+04 -1.736756210229675344e+05 -3.610284652760826866e+05 -5.058137949118741672e+05 -5.374815539133545244e+05 -5.205766784053454176e+05 -4.874268632484488771e+05 -4.508373072085144231e+05 -4.152743852881095372e+05 -3.821491517886458314e+05 -3.517898401686066063e+05 -3.241383892481253133e+05 -2.990012145485271467e+05 -2.761447423812742345e+05 -2.553340411396085401e+05 -2.363487381303249567e+05 -2.189890076444212173e+05 -2.030769320938551973e+05 -1.884556774999755144e+05 -1.749876981243762420e+05 -1.625525977928813081e+05 -1.510449708256773883e+05 -1.403723804864775739e+05 -1.304535424598543323e+05 -1.212167320519190835e+05 -1.125984085555179190e+05 -1.045420382780089567e+05 -9.699709317413518147e+04 -8.991820142901111103e+04 -8.326442772774376499e+04 -7.699866321679740213e+04 -7.108710769756470108e+04 -6.549882907591150433e+04 -6.020538736952365434e+04 -5.518051258736527234e+04 -5.039982753219598817e+04 -4.584060805286256073e+04 -4.148157451401085564e+04 -3.730270928672220180e+04 -3.328509592381300172e+04 -2.941077639492246817e+04 -2.566262334290692161e+04 -2.202422480486387212e+04 -1.847977923547017417e+04 -1.501399899178923806e+04 -1.161202069892320287e+04 -8.259321124538631921e+03 -4.941637355343655145e+03 -1.644890195846355937e+03 0.000000000000000000e+00
0.000000000000000000e+00 -3.609679989410498092e+04 -1.530331557508917758e+05 -5.276649401307188673e+05 -7.239073258309382945e+05 -7.050468779990142211e+05 -6.333623743340715300e+05 -5.647995049148359103e+05 -5.064448747162137879e+05 -4.568386120772804134e+05 -4.141289725773575483e+05 -3.769368901186319417e+05 -3.442598461191591923e+05 -3.153406986409444362e+05 -2.895867199019251275e+05 -2.665226402196750278e+05 -2.457616280229011318e+05 -2.269856889473436750e+05 -2.099314366169589630e+05 -1.943792793943407887e+05 -1.801449917597104213e+05 -1.670730557389823953e+05 -1.550313617032104521e+05 -1.439069711672904668e+05 -1.336027162259002798e+05 -1.240344609756741411e+05 -1.151288882131647697e+05 -1.068217039318574098e+05 -9.905617494199867360e+04 -9.178193279391799297e+04 -8.495399118681336404e+04 -7.853193502692815673e+04 -7.247924791702156654e+04 -6.676275162933323008e+04 -6.135213644103148545e+04 -5.621956541093244596e+04 -5.133933899504663714e+04 -4.668760902806792728e+04 -4.224213318696921488e+04 -3.798206271643549553e+04 -3.388775752430059947e+04 -2.994062381794931571e+04 -2.612297030435767738e+04 -2.241787965969419747e+04 -1.880909252243323863e+04 -1.528090170276087338e+04 -1.181805465121879570e+04 -8.405662506790959014e+03 -5.029114261579846243e+03 -1.673994745258202101e+03 0.000000000000000000e+00
0.000000000000000000e+00 0.000000000000000000e+00 0.000000000000000000e+00 -3.397646730462890697e-28 -9.896088125570126576e+05 -8.804491145528934430e+05 -7.387462579124452313e+05 -6.316199393971660174e+05 -5.532778191033810144e+05 -4.915042386477979599e+05 -4.405910877923759981e+05 -3.975688904287854675e+05 -3.606234056238494231e+05 -3.285150139298393042e+05 -3.003387983607451897e+05 -2.754081718137402786e+05 -2.531894447940943646e+05 -2.332606835049573856e+05 -2.152838460321728489e+05 -1.989850117005983775e+05 -1.841399337810251745e+05 -1.705632717000179691e+05 -1.581004490808000846e+05 -1.466214262534740847e+05 -1.360158903006720066e+05 -1.261895074116256583e+05 -1.170609793895225012e+05 -1.085597142941682396e+05 -1.006239698680108995e+05 -9.319936361777267302e+04 -8.623766919858890469e+04 -7.969583778701198753e+04 -7.353519731420684548e+04 -6.772079308330746426e+04 -6.222084135426904686e+04 -5.700627362023613387e+04 -5.205035400894142367e+04 -4.732835587734842557e+04 -4.281728648932300712e+04 -3.849565086771179631e+04 -3.434324763896792138e+04 -3.034099104818422711e+04 -2.647075439685061065e+04 -2.271523100710083600e+04 -1.905780949178822993e+04 -1.548246064558568469e+04 -1.197363369639196208e+04 -8.516159989832694511e-30 -5.095162438927362253e-30 -1.695969268864824857e-30 0.000000000000000000e+00
0.000000000000000000e+00 0.000000000000000000e+00 0.000000000000000000e+00 -2.440577573422994323e-28 -8.522565650184162660e+05 -8.660159940160732949e+05 -7.714688815144563559e+05 -6.675928318509344244e+05 -5.834254716139863012e+05 -5.153023033852426452e+05 -4.591617911019925959e+05 -4.121241476214745198e+05 -3.721498699216397363e+05 -3.377571529465540079e+05 -3.078452877867979696e+05 -2.815818038795333705e+05 -2.583272958345830848e+05 -2.375837542460763652e+05 -2.189582523060510284e+05 -2.021369875947324326e+05 -1.868664599636499188e+05 -1.729396481991558685e+05 -1.601857366663973953e+05 -1.484623944650298799e+05 -1.376499113115901710e+05 -1.276466989805411868e+05 -1.183658076390407368e+05 -1.097322039871999295e+05 -1.016806266180290841e+05 -9.415388261049453286e+04 -8.710148420268633345e+04 -8.047854960825540184e+04 -7.424491046942844696e+04 -6.836438203535524372e+04 -6.280416227243753383e+04 -5.753433370675978949e+04 -5.252744754308380652e+04 -4.775817398301484354e+04 -4.320300602522347617e+04 -3.884000662607583217e+04 -3.464859111563433544e+04 -3.060933833894652344e+04 -2.670382522774107929e+04 -2.291448048004482553e+04 -1.922445379200387106e+04 -1.561749769138280863e+04 -1.207785949893753605e+04 -8.590181317176088745e-30 -5.139406235420131536e-30 -1.710689160136333984e-30 0.000000000000000000e+00
0.000000000000000000e+00 0.000000000000000000e+00 0.000000000000000000e+00 -2.144974038769922595e-28 -7.906309580316224601e+05 -8.433867553292470984e+05 -7.769939176327747991e+05 -6.814698661761679687e+05 -5.973851354327040026e+05 -5.271086929851914756e+05 -4.686290375779030146e+05 -4.196159994776330423e+05 -3.780947707650861703e+05 -3.425184399554023985e+05 -3.117033959464025102e+05 -2.847464600818590843e+05 -2.609541804184118519e+05 -2.397887853385740600e+05 -2.208284213510869886e+05 -2.037382264085054339e+05 -1.882492702795734222e+05 -1.741431244664476253e+05 -1.612404549204985087e+05 -1.493925036285502429e+05 -1.384746615000237362e+05 -1.283815695598206657e+05 -1.190233481988065032e+05 -1.103226673974753357e+05 -1.022124500063325540e+05 -9.463405600341215904e+04 -8.753583539333369117e+04 -8.087196597383035987e+04 -7.460151291983599367e+04 -6.868766231618596066e+04 -6.309709199330419506e+04 -5.779945139123070112e+04 -5.276692847357279243e+04 -4.797388648635569552e+04 -4.339655700243992760e+04 -3.901277849569108366e+04 -3.480177185851684044e+04 -3.074394596419526715e+04 -2.682072769509008504e+04 -2.301441189331251735e+04 -1.930802750477779045e+04 -1.568521682899298503e+04 -1.213012529080258537e+04 -8.627299544480551621e-30 -5.161592025432465795e-30 -1.718070296392199945e-30 0.000000000000000000e+00
0.000000000000000000e+00 0.000000000000000000e+00 0.000000000000000000e+00 -2.144974038769922595e-28 -7.906309580316224601e+05 -8.433867553292470984e+05 -7.769939176327747991e+05 -6.814698661761679687e+05 -5.973851354327040026e+05 -5.271086929851914756e+05 -4.686290375779030146e+05 -4.196159994776330423e+05 -3.780947707650861703e+05 -3.425184399554023985e+05 -3.117033959464025102e+05 -2.847464600818590843e+05 -2.609541804184118519e+05 -2.397887853385740600e+05 -2.208284213510869886e+05 -2.037382264085054339e+05 -1.882492702795734222e+05 -1.741431244664476253e+05 -1.612404549204985087e+05 -1.493925036285502429e+05 -1.384746615000237362e+05 -1.283815695598206657e+05 -1.190233481988065032e+05 -1.103226673974753357e+05 -1.022124500063325540e+05 -9.463405600341215904e+04 -8.753583539333369117e+04 -8.087196597383035987e+04 -7.460151291983599367e+04 -6.868766231618596066e+04 -6.309709199330419506e+04 -5.779945139123070112e+04 -5.276692847357279243e+04 -4.797388648635569552e+04 -4.339655700243992760e+04 -3.901277849569108366e+04 -3.480177185851684044e+04 -3.074394596419526715e+04 -2.682072769509008504e+04 -2.301441189331251735e+04 -1.930802750477779045e+04 -1.568521682899298503e+04 -1.213012529080258537e+04 -8.627299544480551621e-30 -5.161592025432465795e-30 -1.718070296392199945e-30 0.000000000000000000e+00
