1.000000000000000056e-01 1.000000000000000056e-01 1.000000000000000056e-01 1.000000000000000056e-01 2.913677017312451790e+04 2.295150795187227050e+04 1.991128417045020615e+04 1.749299589383701459e+04 1.544335820459670322e+04 1.370926872201269543e+04 1.224432009445583208e+04 1.100178910749770330e+04 9.940127745584588411e+03 9.025008857563176207e+03 8.229024985766860482e+03 7.530579180394065588e+03 6.912689949819990943e+03 6.361957659111009889e+03 5.867740662577861258e+03 5.421520750680674610e+03 5.016420880670901170e+03 4.646839743051496043e+03 4.308174231423881793e+03 3.996607640416706545e+03 3.708947045331785830e+03 3.442497638944507344e+03 3.194965003635111316e+03 2.964378636326459855e+03 2.749031746353558447e+03 2.547433588910767867e+03 2.358271508911794626e+03 2.180380544907103285e+03 2.012718945992877480e+03 1.854348332993649592e+03 1.704417521710746996e+03 1.562149244389991509e+03 1.426829172915960498e+03 1.297796776106823245e+03 1.174437643106205542e+03 1.056176982145158718e+03 9.424740640523946240e+02 8.328174267529776671e+02 7.267206935944680026e+02 6.237188869608006598e+02 5.233651410267417532e+02 4.252277350103116191e+02 3.288873819307578970e+02 1.000000000000000056e-01 1.000000000000000056e-01 1.000000000000000056e-01 1.000000000000000056e-01
1.000000000000000056e-01 1.000000000000000056e-01 1.000000000000000056e-01 1.000000000000000056e-01 2.917272588529317363e+04 2.299980924383136880e+04 1.995769889405222420e+04 1.753211911739055358e+04 1.547461763007503032e+04 1.373384850265757814e+04 1.226369386401584597e+04 1.101722813358769235e+04 9.952611065761113423e+03 9.035259904036725857e+03 8.237572006450876870e+03 7.537808574805923854e+03 6.918886697673131494e+03 6.367334315165170665e+03 5.872457751022708180e+03 5.425701064735134423e+03 5.020159557533600491e+03 4.650211425647976284e+03 4.311238214803176561e+03 3.999411613450939967e+03 3.711529844009639874e+03 3.444891297128954193e+03 3.197196299634557363e+03 2.966470274640401385e+03 2.751003273963216998e+03 2.549302118243112545e+03 2.360052301046125649e+03 2.182087494100147069e+03 2.014364998535369523e+03 1.855945868846578378e+03 1.705978725941918583e+03 1.563686497352288598e+03 1.428355494327223369e+03 1.299326370835332909e+03 1.175986619815314498e+03 1.057764358576046334e+03 9.441232523466999282e+02 8.345585474145905209e+02 7.285943871837858978e+02 6.257830048773647604e+02 5.257074336789088420e+02 4.279924311801412387e+02 3.323389794221421880e+02 1.000000000000000056e-01 1.000000000000000056e-01 1.000000000000000056e-01 1.000000000000000056e-01
1.000000000000000056e-01 1.000000000000000056e-01 1.000000000000000056e-01 1.000000000000000056e-01 3.250597926832650774e+04 2.440859549863877692e+04 2.054361019963067884e+04 1.773748221889463821e+04 1.551931558550235968e+04 1.371838292908569019e+04 1.223027847387621659e+04 1.098222790380504557e+04 9.921613281187561370e+03 9.009589170205732444e+03 8.216993522823737294e+03 7.521612747498852514e+03 6.906303534664842118e+03 6.357675838301544900e+03 5.865153354370316265e+03 5.420293416983735369e+03 5.016288257803227680e+03 4.647594920238894701e+03 4.309657640696534145e+03 3.998697504101543473e+03 3.711551611728024909e+03 3.445549084704945017e+03 3.198414747216203978e+03 2.968193799171360752e+03 2.753192535906769535e+03 2.551931426799399105e+03 2.363107776294461473e+03 2.185565861895708167e+03 2.018272944129040297e+03 1.860299922141017987e+03 1.710805700360376250e+03 1.569024562745260937e+03 1.434256043124356893e+03 1.305856953838705067e+03 1.183235415705223431e+03 1.065846959718755897e+03 9.531931186523444239e+02 8.448235509071757861e+02 7.403440015380092518e+02 6.394352183839106374e+02 5.418948143330823086e+02 4.477326275777422211e+02 3.574063064168992696e+02 1.000000000000000056e-01 1.000000000000000056e-01 1.000000000000000056e-01 1.000000000000000056e-01
1.000000000000000056e-01 1.000000000000000056e-01 1.000000000000000056e-01 1.000000000000000056e-01 4.148627445522604103e+04 2.687267476802840611e+04 2.127936307517807290e+04 1.789520065946000977e+04 1.548774182365021807e+04 1.363409269384316758e+04 1.214082333250743795e+04 1.090289202937699883e+04 9.855900355500536534e+03 8.956872259883366496e+03 8.175417890867689493e+03 7.489175933085663928e+03 6.881221810895842282e+03 6.338473652795632916e+03 5.850651080199675562e+03 5.409563662952387858e+03 5.008607916549001857e+03 4.642402453403059553e+03 4.306518003758424129e+03 3.997274444117095754e+03 3.711586228798930279e+03 3.446843428315460642e+03 3.200819356554451133e+03 2.971598301970894227e+03 2.757518620740392635e+03 2.557127676291090211e+03 2.369145990706270823e+03 2.192438618954958201e+03 2.025992239402332643e+03 1.868896823419795282e+03 1.720331039238175435e+03 1.579550789082772781e+03 1.445880500544858705e+03 1.318707023308124235e+03 1.197476263879794942e+03 1.081693096767327233e+03 9.709257582557188471e+02 8.648171383018406004e+02 7.631077378169075018e+02 6.656799042538713138e+02 5.726434505104380150e+02 4.845063297673062834e+02 4.025269138546905765e+02 1.000000000000000056e-01 1.000000000000000056e-01 1.000000000000000056e-01 1.000000000000000056e-01
3.219140443738358590e+04 3.222232961049379446e+04 3.529790824930802773e+04 4.323163973018631805e+04 3.204401874201775354e+04 2.503900826198839422e+04 2.057529469676156805e+04 1.748740660906870107e+04 1.519837128479938838e+04 1.341325546658118765e+04 1.196905070022447944e+04 1.076896937827809961e+04 9.751656803630143258e+03 8.875905138986527163e+03 8.112673566547618975e+03 7.440698092741045002e+03 6.843939195974195172e+03 6.310015028449743113e+03 5.829190357205575310e+03 5.393695251207864203e+03 4.997249128947048121e+03 4.634718410981217858e+03 4.301864449721230812e+03 3.995154442203729104e+03 3.711617466295883787e+03 3.448733559341690579e+03 3.204347430427585550e+03 2.976600810527356316e+03 2.763879079370337422e+03 2.564768946225280615e+03 2.378024775293123639e+03 2.202541742639779841e+03 2.037334460638174960e+03 1.881520055641940189e+03 1.734304970379970882e+03 1.594975013695487178e+03 1.462888425954278773e+03 1.337472004421458905e+03 1.218220691347498587e+03 1.104701554360469572e+03 9.965639356484186919e+02 8.935589904924452185e+02 7.955743881054391977e+02 7.026945236327879911e+02 6.153046366433221692e+02 5.342700300684762169e+02 4.612348563200977196e+02 3.990641231179072292e+02 3.522602538606957978e+02 3.265752320631117414e+02 3.234013512377566144e+02
2.575559922859909784e+04 2.579710407144666897e+04 2.698408208668599400e+04 2.883582808300841498e+04 2.592867879846486903e+04 2.229694194142938795e+04 1.917788900356304293e+04 1.668002408954843850e+04 1.468246514512188878e+04 1.305900822536482337e+04 1.171412109555449933e+04 1.058011823960334368e+04 9.609291070669894907e+03 8.767472724610428486e+03 8.029628590786554923e+03 7.376978432439302196e+03 6.795127325338874471e+03 6.272833715901187134e+03 5.801177942945168979e+03 5.372985904911030048e+03 4.982419041458115316e+03 4.624675674493015322e+03 4.295768990509986907e+03 3.992359163549378081e+03 3.711624634223912835e+03 3.451162294133017895e+03 3.208909384860636237e+03 2.983081952682860901e+03 2.772126086609673166e+03 2.574679139374910847e+03 2.389538831081002172e+03 2.215638653931574936e+03 2.052028393405135375e+03 1.897858897692765822e+03 1.752370494492909984e+03 1.614884699256768499e+03 1.484799109303534578e+03 1.361585667553658368e+03 1.244792854881462517e+03 1.134052901603207374e+03 1.029095903831784881e+03 9.297739468547907791e+02 8.361001721765511547e+02 7.483102906009769413e+02 6.669568412440928569e+02 5.930466320927630477e+02 5.282191047191205371e+02 4.749115582675153746e+02 4.363281867669475105e+02 4.158715495533413105e+02 4.134681208516371385e+02
2.273954894980815152e+04 2.277885880142671886e+04 2.316744181584936814e+04 2.344016766043218013e+04 2.198419824991210044e+04 1.982809449126901018e+04 1.765409533927425946e+04 1.570937882110600185e+04 1.403725393754020661e+04 1.261244160424979054e+04 1.139457105798866178e+04 1.034559169025095980e+04 9.434004138583259191e+03 8.634829959110300479e+03 7.928483641254533723e+03 7.299574566608869645e+03 6.735913266623644631e+03 6.227750088135766418e+03 5.767207254683452447e+03 5.347856995462676423e+03 4.964406290713693124e+03 4.612458849372608711e+03 4.288333324989000175e+03 3.988922946857298939e+03 3.711586068995285586e+03 3.454060123473596832e+03 3.214393523909779105e+03 2.990891500719626038e+03 2.782072867170317750e+03 2.586635451125552663e+03 2.403428472328432235e+03 2.231430559948536938e+03 2.069732431815164091e+03 1.917523525600302946e+03 1.774082107054500966e+03 1.638768602389875241e+03 1.511022132604073477e+03 1.390360491735606502e+03 1.276384139157974005e+03 1.168785204767259074e+03 1.067363072441719396e+03 9.720488233408246970e+02 8.829415925029123855e+02 8.003603014405016438e+02 7.249130101031768163e+02 6.575801364805533922e+02 5.997907715903202188e+02 5.534357093680054049e+02 5.207129747627907363e+02 5.036995736431939577e+02 5.018015200023587568e+02
2.037273044807032784e+04 2.040496151748239572e+04 2.043644571297124276e+04 2.022044603807052408e+04 1.924514656877455855e+04 1.780858288120063298e+04 1.623981925049487654e+04 1.472696942699625833e+04 1.334729482180337254e+04 1.211910263875819146e+04 1.103512202605158564e+04 1.007925789690072270e+04 9.233955440469535461e+03 8.483035194318012145e+03 7.812529671591874830e+03 7.210712111474306766e+03 6.667843321507331893e+03 6.175854753907235136e+03 5.728049911988565327e+03 5.318848935950719351e+03 4.943578792903817885e+03 4.598303851804495025e+03 4.279689907073568065e+03 3.984895147123751030e+03 3.711482608122079910e+03 3.457349731025713936e+03 3.220671568091178415e+03 2.999854932680246748e+03 2.793501373805567709e+03 2.600377317151697753e+03 2.419390078231024290e+03 2.249568746549996831e+03 2.090049182662823569e+03 1.940062579398685557e+03 1.798927228578588029e+03 1.666043318258838099e+03 1.540890775752141508e+03 1.423030380962172558e+03 1.312108613476317487e+03 1.207866967722403388e+03 1.110156751234131434e+03 1.018960587366951131e+03 9.344217482253053504e+02 8.568815217471729966e+02 7.869220137802617501e+02 7.254053559615006179e+02 6.734884083501128771e+02 6.325759440546237329e+02 6.041665963247727404e+02 5.895719314506452520e+02 5.880347920851759227e+02
1.838188090747853857e+04 1.840664030842111970e+04 1.830041913942442625e+04 1.796026048233185793e+04 1.721959072599017600e+04 1.617880259302859668e+04 1.499987546245001613e+04 1.380587238777327548e+04 1.266698358481845025e+04 1.161480379790868392e+04 1.065837185061005766e+04 9.795282627442200464e+03 9.018137304616595429e+03 8.317925791390915037e+03 7.685654082055478284e+03 7.113042595533637723e+03 6.592760807093945004e+03 6.118444585983713296e+03 5.684621118001235118e+03 5.286602138829648538e+03 4.920373512567934085e+03 4.582493028832012897e+03 4.270000562536041798e+03 3.980341209405235986e+03 3.711300520687416338e+03 3.460950436186498791e+03 3.227604428819125587e+03 3.009780473919695396e+03 2.806170624844225131e+03 2.615616160609275539e+03 2.437087449918702077e+03 2.269667842043663313e+03 2.112541048336839594e+03 1.964981621415166501e+03 1.826348276278024969e+03 1.696079933217220514e+03 1.573694499983755577e+03 1.458790551324348144e+03 1.351052201957819307e+03 1.250257583486714111e+03 1.156291374333522754e+03 1.069161681419817342e+03 9.890210125709874092e+02 9.161897270190025893e+02 8.511776551657287655e+02 7.946950262871630457e+02 7.476377521532912169e+02 7.110273342667079532e+02 6.858893475751914366e+02 6.730758556573380247e+02 6.718118661120066690e+02
1.671510829672849286e+04 1.673362529224729587e+04 1.658811005364608354e+04 1.624494830335165170e+04 1.565195946695132443e+04 1.485318145021815508e+04 1.393409051023449865e+04 1.297329777955347163e+04 1.202570875632126990e+04 1.112335508545791890e+04 1.028169468976513963e+04 9.505805063754394723e+03 8.794907361741821660e+03 8.145258113971887724e+03 7.551853321086930009e+03 7.009370125799736343e+03 6.512652245366739407e+03 6.056935222236172194e+03 5.637929299568824717e+03 5.251827917172807247e+03 4.895279931955639768e+03 4.565346363483673485e+03 4.259452686965391877e+03 3.975342268280106964e+03 3.711033570176261946e+03 3.464782167650419524e+03 3.235047779801011529e+03 3.020466113011926609e+03 2.819825127031888769e+03 2.632045277259267550e+03 2.456163296179994632e+03 2.291319123180789575e+03 2.136745657924048828e+03 1.991761089023776321e+03 1.855763631934486057e+03 1.728228594398851101e+03 1.608707770561085226e+03 1.496831238556163044e+03 1.392311685862171544e+03 1.294951381919913274e+03 1.204651802672334497e+03 1.121425590740659345e+03 1.045409858968401977e+03 9.768786203996036193e+02 9.162501928690861632e+02 8.640828822219489211e+02 8.210499181494598133e+02 7.878845932106612509e+02 7.652920682510936103e+02 7.538374968317011735e+02 7.527889738557857982e+02
1.532737069334783700e+04 1.534110754052421908e+04 1.519551555531862687e+04 1.488568696559808086e+04 1.439897877596080980e+04 1.376142126900527182e+04 1.302267589756329653e+04 1.223407716492736654e+04 1.143674566966123712e+04 1.065879774831918439e+04 9.917078729669283348e+03 9.220185564105287995e+03 8.571271807652283314e+03 7.970175874575666967e+03 7.414876442237254196e+03 6.902423679722495763e+03 6.429505181582305340e+03 5.992773138255784943e+03 5.589021973071382490e+03 5.215275384767755895e+03 4.868820201178717070e+03 4.547210156819485746e+03 4.248253592476988160e+03 3.969993404713743530e+03 3.710684101401226599e+03 3.468768716820767168e+03 3.242857078276680113e+03 3.031706167677112262e+03 2.834202885624220926e+03 2.649349280459044621e+03 2.476250176574344550e+03 2.314103080188512649e+03 2.162190228991150889e+03 2.019872667191226810e+03 1.886586257817222531e+03 1.761839580553119276e+03 1.645213696857904552e+03 1.536363782703771221e+03 1.435022614849117645e+03 1.341005820377268265e+03 1.254218617164810212e+03 1.174663422834472158e+03 1.102447117618838320e+03 1.037785856113720001e+03 9.810041710721109212e+02 9.325239703589587634e+02 8.928385783029968934e+02 8.624683554133903272e+02 8.418988092653499962e+02 8.315094660805852982e+02 8.306361225764919709e+02
1.417221187498954714e+04 1.418240583151219835e+04 1.405002439972019783e+04 1.378043403709951417e+04 1.337469902926056784e+04 1.285153567977179955e+04 1.224280709651546022e+04 1.158345867083600751e+04 1.090419170686779580e+04 1.022840981547949377e+04 9.572106934042933062e+03 8.945117394302294997e+03 8.352700992537467755e+03 7.796973034258509870e+03 7.278020354940388643e+03 6.794703117067503626e+03 6.345199799462301598e+03 5.927362067131016374e+03 5.538936906827533676e+03 5.177699656088387201e+03 4.841528953247425306e+03 4.528444797857394406e+03 4.236623812449889556e+03 3.964400900751346398e+03 3.710263212450448464e+03 3.472840158338107813e+03 3.250891807576156225e+03 3.043297086730444335e+03 2.849042616668868050e+03 2.667212655168370929e+03 2.496980385820816991e+03 2.337600658884226050e+03 2.188404214846474133e+03 2.048793384781702116e+03 1.918239247392934203e+03 1.796280218473189052e+03 1.682522042663616276e+03 1.576639136662290184e+03 1.478377180639462495e+03 1.387556748246182678e+03 1.304077576994056244e+03 1.227922779029488993e+03 1.159161855757397234e+03 1.097950823100251000e+03 1.044527176328107089e+03 9.991970689653334148e+02 9.623123736594093316e+02 9.342367523995287684e+02 9.153027848346656583e+02 9.057661362663146747e+02 9.050384141046946525e+02
1.320780633200804004e+04 1.321539580961467254e+04 1.309906589331501345e+04 1.286688694745020803e+04 1.252426732150303360e+04 1.208586646888404357e+04 1.157390883335430954e+04 1.101331980687743271e+04 1.042736279421939798e+04 9.835192251035286972e+03 9.251143895210052506e+03 8.685086966903663779e+03 8.143237603514501643e+03 7.629056636304813765e+03 7.144048099316625667e+03 6.688396045325324849e+03 6.261439403939773911e+03 5.862009848332209913e+03 5.488663520799667822e+03 5.139834824039737214e+03 4.813935047804970964e+03 4.509413012136090401e+03 4.224790166585963561e+03 3.958678908800573936e+03 3.709790177124228194e+03 3.476934437064620852e+03 3.259018826923266261e+03 3.055042292819382055e+03 2.864089905036580603e+03 2.685327116688313708e+03 2.517994438536299185e+03 2.361402815584828659e+03 2.214929870151615432e+03 2.078017099693679029e+03 1.950168068674008282e+03 1.830947598455193429e+03 1.719981925290240952e+03 1.616959751579357089e+03 1.521634046159965692e+03 1.433824340610191030e+03 1.353419105657717409e+03 1.280377565124614193e+03 1.214730020217036781e+03 1.156575453259804135e+03 1.106074951960754333e+03 1.063439510417977544e+03 1.028911245852282036e+03 1.002738216587323109e+03 9.851448322886715232e+02 9.763019098828315236e+02 9.756972055340669385e+02
1.239940886874700664e+04 1.240507750990591012e+04 1.230382714034411401e+04 1.210359647426104129e+04 1.181068478250864791e+04 1.143693594072076485e+04 1.099883871489345074e+04 1.051496355690003293e+04 1.000332952286733234e+04 9.479616066012858937e+03 8.956361267827827760e+03 8.442900745354032551e+03 7.945727518609410254e+03 7.469020940382344634e+03 7.015189380322869511e+03 6.585349515799857727e+03 6.179715171955414917e+03 5.797895712606034067e+03 5.439115984765852772e+03 5.102373334459115540e+03 4.786546580433367126e+03 4.490469559911907709e+03 4.212979233668229426e+03 3.952945931218457190e+03 3.709291328577166951e+03 3.480998199420582750e+03 3.267114811717018711e+03 3.066755982009620311e+03 2.879102177725378624e+03 2.703397614464276558e+03 2.538947982974939805e+03 2.385118223200120610e+03 2.241330612872839993e+03 2.107063334659586872e+03 1.981849612396281373e+03 1.865277450195863366e+03 1.756989956592560929e+03 1.656686178859475376e+03 1.564122300249903674e+03 1.479112956395848641e+03 1.401532300799260383e+03 1.331314294918830910e+03 1.268451531560579042e+03 1.212991760000314798e+03 1.165031237134017374e+03 1.124704179589602063e+03 1.092168041014466780e+03 1.067585139508551492e+03 1.051102233018334573e+03 1.042830711809257537e+03 1.042331111209597793e+03
1.171924303707514264e+04 1.172348326928355164e+04 1.163521139802814832e+04 1.146133295447718592e+04 1.120781544734718773e+04 1.088435075606220198e+04 1.050371428725658552e+04 1.008026643426976261e+04 9.628298575558641460e+03 9.160755343920480300e+03 8.688513752747207036e+03 8.220155661697541291e+03 7.762075883965171670e+03 7.318770172144284516e+03 6.893187828736678966e+03 6.487078399482690656e+03 6.101296896871653189e+03 5.736054834887321704e+03 5.391117243724055697e+03 5.065951970486763457e+03 4.759839677165809917e+03 4.471952916446997733e+03 4.201411670299353318e+03 3.947321430813895859e+03 3.708798616706521898e+03 3.484986993442602852e+03 3.275067841525726635e+03 3.078265889725094439e+03 2.893852472069620944e+03 2.721146948394190076e+03 2.559517118577333804e+03 2.408379134691801482e+03 2.267197251712937032e+03 2.135483638697792230e+03 2.012798384136713366e+03 1.898749759619014412e+03 1.792994745029918931e+03 1.695239757688669897e+03 1.605241460212988613e+03 1.522807442799442242e+03 1.447796484333656508e+03 1.380117999247644775e+03 1.319730189607961393e+03 1.266636374580176607e+03 1.220879006486462913e+03 1.182531056025113912e+03 1.151684799619967180e+03 1.128438567741519137e+03 1.112882636356346438e+03 1.105085996434968138e+03 1.104676849930513072e+03
1.114546510071622470e+04 1.114863248408942127e+04 1.107112701361251493e+04 1.091866384018470308e+04 1.069651719493580276e+04 1.041268848359062758e+04 1.007738889273602581e+04 9.702070300309331287e+03 9.298329689320098623e+03 8.876987683691704660e+03 8.447486999971528348e+03 8.017615448693159124e+03 7.593481704693979736e+03 7.179652235739528805e+03 6.779369598609825516e+03 6.394795132650496271e+03 6.027241292095108292e+03 5.677375920916111681e+03 5.345392096757499530e+03 5.031143799878720529e+03 4.734251008006883239e+03 4.454179104814393213e+03 4.190297612192496672e+03 3.941922798541803786e+03 3.708348027032350274e+03 3.488864981915620319e+03 3.282778242614039300e+03 3.089415103013606767e+03 2.908132065192469327e+03 2.738319065729961949e+03 2.579402205390788367e+03 2.430845534263803074e+03 2.292152279697682388e+03 2.162865780405455553e+03 2.042570295393168408e+03 1.930891781076366897e+03 1.827498665866726469e+03 1.732102592020138218e+03 1.644459034884048378e+03 1.564367647588896261e+03 1.491672116013655113e+03 1.426259250896953063e+03 1.368057004239323987e+03 1.317031095797131911e+03 1.273179997915807462e+03 1.236528177528127117e+03 1.207117744260084692e+03 1.184998986131133279e+03 1.170220631045777509e+03 1.162820955123014528e+03 1.162489945166565121e+03
1.066099105195997436e+04 1.066334474384231908e+04 1.059462389222847560e+04 1.045945607814476716e+04 1.026238770526329063e+04 1.001008813899040069e+04 9.710917678934889409e+03 9.374246375609944153e+03 9.009686762672563418e+03 8.626412748655102405e+03 8.232668753244352047e+03 7.835494106277249557e+03 7.440633831051874040e+03 7.052583825983486349e+03 6.674717354590603463e+03 6.309449695686572340e+03 5.958410817408212097e+03 5.622607728943529764e+03 5.302567130976277440e+03 4.998455026653667119e+03 4.710173600200504552e+03 4.437437595482607321e+03 4.179833229965700411e+03 3.936862812959323037e+03 3.707978010838726277e+03 3.492604313184746843e+03 3.290158819091776877e+03 3.100063045724383755e+03 2.921752091811194077e+03 2.754681177786197168e+03 2.598330331428811860e+03 2.452207787268077482e+03 2.315852511434603912e+03 2.188836142211343940e+03 2.070764541760814154e+03 1.961279078783640443e+03 1.860057698765325085e+03 1.766815782969837755e+03 1.681306746134664309e+03 1.603322274795112662e+03 1.532692064988973925e+03 1.469282884900819681e+03 1.412996773729728147e+03 1.363768204896553698e+03 1.321560102877852842e+03 1.286358718191452454e+03 1.258167533879636949e+03 1.237000581413677992e+03 1.222875745371554558e+03 1.215808778909791727e+03 1.215545289479066923e+03
1.025246655894341529e+04 1.025419794980032748e+04 1.019258799622541301e+04 1.007135001085580006e+04 9.894381701848755256e+03 9.667306256839881826e+03 9.397109484445181806e+03 9.091630151886334716e+03 8.758994128961554452e+03 8.407095072935393546e+03 8.043193503384598444e+03 7.673661757104263415e+03 7.303866281508189786e+03 6.938158649941900876e+03 6.579940742358153329e+03 6.231772517388673805e+03 5.895497788301966466e+03 5.572371095634101948e+03 5.263175427957969077e+03 4.968325578727945867e+03 4.687955361847832137e+03 4.421989029411348383e+03 4.170198391849602558e+03 3.932247647863122893e+03 3.707728034433141602e+03 3.496184281215957526e+03 3.297134615627783205e+03 3.110085788079867598e+03 2.934544313605926618e+03 2.770024878671941224e+03 2.616056649515531262e+03 2.472188042431973372e+03 2.337990374207138302e+03 2.213060697494599935e+03 2.097024035721125074e+03 1.989535159614469194e+03 1.890279987867112823e+03 1.798976644041715645e+03 1.715376158199562042e+03 1.639262764217414542e+03 1.570453713644317304e+03 1.508798507721786791e+03 1.454177446340174811e+03 1.406499412927342064e+03 1.365698863701992195e+03 1.331732071083275741e+03 1.304572780130204592e+03 1.284207559595004795e+03 1.270631241058439628e+03 1.263842909693210686e+03 1.263637587143017527e+03
9.909442715416160354e+03 9.910695353263119614e+03 9.854813167999331199e+03 9.744769461511585178e+03 9.583921481429901178e+03 9.377074376377904628e+03 9.130175639228791624e+03 8.849915936042560134e+03 8.543292564364568534e+03 8.217200453235172972e+03 7.878100654627693075e+03 7.531790699048037823e+03 7.183277381493202483e+03 6.836736757082084296e+03 6.495539078491391592e+03 6.162315938409260525e+03 5.839050173824124613e+03 5.527173837502982678e+03 5.227664274849121284e+03 4.941132327059151976e+03 4.667899680299418833e+03 4.408064441087335581e+03 4.161555307833735242e+03 3.928175423757455974e+03 3.707637315318312176e+03 3.499590385674756817e+03 3.303642349766119423e+03 3.119375839204099520e+03 2.946361218457538143e+03 2.784166467308730716e+03 2.632364813708911242e+03 2.490540652812175267e+03 2.358294163607920382e+03 2.235244932607944065e+03 2.121034811363062545e+03 2.015330167596837100e+03 1.917823635044806451e+03 1.828235421940972856e+03 1.746314200706817473e+03 1.671837571194272186e+03 1.604612067530653349e+03 1.544472666241101479e+03 1.491281753878961126e+03 1.444927529169856143e+03 1.405321850008522915e+03 1.372397589312012087e+03 1.346105631207893339e+03 1.326411710439723265e+03 1.313293358425374436e+03 1.306737252105024027e+03 1.306581691099458567e+03
9.623743237068014423e+03 9.624626679937204244e+03 9.573333829734347091e+03 9.472251289726829782e+03 9.324301392835795923e+03 9.133652886077945368e+03 8.905461985848063705e+03 8.645548564280732535e+03 8.360046121641014906e+03 8.055069379353164550e+03 7.736435252978128119e+03 7.409457484024869700e+03 7.078819252275211511e+03 6.748516093397889563e+03 6.421854789685776268e+03 6.101491905821188084e+03 5.789496790455379596e+03 5.487426639822272591e+03 5.196404480460260856e+03 4.917193978228748165e+03 4.650267487864126451e+03 4.395865631856499022e+03 4.154047985772795073e+03 3.924735255342814526e+03 3.707743778162894614e+03 3.502813378682466919e+03 3.309629637848498078e+03 3.127841575047952574e+03 2.957075626752950939e+03 2.796946674522591820e+03 2.647066743683523782e+03 2.507051873451764550e+03 2.376527554064700325e+03 2.255133037645360218e+03 2.142524755955165801e+03 2.038379017884509722e+03 1.942394110258872843e+03 1.854291885335768711e+03 1.773818885879808022e+03 1.700747033314991768e+03 1.634873886393371777e+03 1.576022468030377695e+03 1.524040657843195049e+03 1.478800158825551989e+03 1.440195069012133445e+03 1.408140121752162031e+03 1.382568697649620162e+03 1.363430750902376985e+03 1.350690824029227770e+03 1.344326338624813616e+03 1.344212851776738034e+03
9.388988407730741528e+03 9.389587935240098886e+03 9.341941517153221866e+03 9.247977689508688854e+03 9.110276598892129186e+03 8.932515454736279935e+03 8.719246551005169749e+03 8.475626692256710157e+03 8.207126902905960378e+03 7.919254092604363905e+03 7.617311357914207292e+03 7.306213605409359843e+03 6.990364129032584060e+03 6.673588668340323238e+03 6.359117662737073260e+03 6.049604877491823572e+03 5.747170542685823420e+03 5.453458649152166799e+03 5.169700242757055094e+03 4.896776854748433834e+03 4.635280254026198236e+03 4.385566352682681099e+03 4.147802311404699140e+03 3.922006719161219280e+03 3.708083235318541028e+03 3.505848360810548456e+03 3.315054119494398492e+03 3.135406439356674582e+03 2.966579969581954174e+03 2.808229984549063374e+03 2.660001929944916810e+03 2.521539071746872196e+03 2.392488622469776146e+03 2.272506643668054039e+03 2.161261959723145537e+03 2.058439264681583154e+03 1.963741560046096765e+03 1.876892025636719836e+03 1.797635396890980473e+03 1.725738899635625785e+03 1.660992777316021147e+03 1.603210436161250755e+03 1.552228231264707802e+03 1.507904921385520311e+03 1.470120832193383649e+03 1.438776785423169258e+03 1.413792872383732856e+03 1.395107170500676375e+03 1.382674516180124783e+03 1.376465451385901133e+03 1.376386895981175712e+03
9.200241196313520049e+03 9.200624719576255302e+03 9.155833286690065506e+03 9.067443938152584451e+03 8.937773067472257026e+03 8.770122825441005261e+03 8.568587676641189319e+03 8.337822022548598397e+03 8.082791923792783564e+03 7.808535312069557222e+03 7.519951546801197765e+03 7.221634219115888300e+03 6.917753090926983532e+03 6.611984011235028447e+03 6.307480702672817642e+03 6.006879690938470958e+03 5.712328999381837093e+03 5.425531941750524311e+03 5.147798805974133757e+03 4.880100944241981779e+03 4.623123445151602937e+03 4.377313984475777033e+03 4.142926563571491897e+03 3.920059650260761373e+03 3.708688775706945762e+03 3.508693967035531841e+03 3.319882564793961592e+03 3.142008035763843964e+03 2.974785384425141729e+03 2.817903719807227390e+03 2.671036468968865393e+03 2.533849657174364893e+03 2.406008605862137301e+03 2.287183336849905572e+03 2.177052916554629974e+03 2.075308927529554694e+03 1.981658215789409041e+03 1.895825030404013660e+03 1.817552645905502914e+03 1.746604537603255721e+03 1.682765164592464544e+03 1.625840404961528975e+03 1.575657682409958397e+03 1.532065823051120333e+03 1.494934685126005661e+03 1.464154611689904186e+03 1.439635765375013307e+03 1.421307412772198404e+03 1.409117231165539806e+03 1.403030709793565393e+03 1.402980353971011937e+03
9.053747067022648480e+03 9.053970149750719429e+03 9.011356527559648384e+03 8.927220642193566164e+03 8.803680996649549343e+03 8.643759827113515712e+03 8.451210967381302908e+03 8.230314751309408166e+03 7.985659318615283155e+03 7.721928225440355163e+03 7.443711456957924383e+03 7.155351710015054778e+03 6.860831673944304384e+03 6.563702404707131791e+03 6.267048662108069948e+03 5.973484568067109649e+03 5.685171999450129078e+03 5.403854364004720082e+03 5.130899374891178923e+03 4.867345744783966438e+03 4.613950075409613419e+03 4.371231443084830971e+03 4.139512187014436677e+03 3.918954171454619882e+03 3.709590331838794100e+03 3.511351665072141714e+03 3.324090028153952971e+03 3.147597207802920821e+03 2.981620751392413240e+03 2.825877033218613633e+03 2.680061989584894036e+03 2.543859904771433321e+03 2.416950576166212159e+03 2.299015135560731778e+03 2.189740757335969192e+03 2.088824443895932291e+03 1.995976044288227968e+03 1.910920633088760269e+03 1.833400352786383337e+03 1.763175803586150323e+03 1.700027049343430917e+03 1.643754296956661847e+03 1.594178298720170687e+03 1.551140522577380807e+03 1.514503133467374482e+03 1.484148829326470377e+03 1.459980576796552441e+03 1.441921293073505694e+03 1.429913520235890019e+03 1.423919135629142374e+03 1.423890552018310018e+03
8.946745848193348138e+03 8.946855462616296791e+03 8.905825852943067730e+03 8.824784571187099573e+03 8.705708222297545944e+03 8.551418784786796095e+03 8.365426586583380413e+03 8.151744086309267004e+03 7.914687510076742910e+03 7.658683459660810513e+03 7.388095177970400982e+03 7.107078907814563536e+03 6.819475783537542156e+03 6.528739997809807392e+03 6.237900309779188319e+03 5.949549612668637565e+03 5.665856215551656533e+03 5.388590457499478362e+03 5.119160924042271290e+03 4.858655553404149941e+03 4.607884048446034285e+03 4.367419078038719817e+03 4.137634663110363363e+03 3.918740860778345905e+03 3.710814386638577162e+03 3.513825174192229497e+03 3.327659094529622962e+03 3.152137182685388325e+03 2.987031769761123542e+03 2.832079926514339149e+03 2.686994603142004053e+03 2.551473814531082553e+03 2.425208178976545696e+03 2.307887076636742222e+03 2.199203654786907919e+03 2.098858871690718843e+03 2.006564740110522507e+03 1.922046905062898759e+03 1.845046668089941704e+03 1.775322551660657382e+03 1.712651481953712619e+03 1.656829655849950541e+03 1.607673148162492680e+03 1.565018307629909032e+03 1.528721984637077412e+03 1.498661629565582871e+03 1.474735297583629517e+03 1.456861592957571702e+03 1.444979582984013177e+03 1.439048707859750948e+03 1.439035686275680519e+03
8.877340001547428983e+03 8.877377452755210470e+03 8.837395470139046665e+03 8.758401341329037677e+03 8.642278731636524753e+03 8.491718415649766030e+03 8.310070934773711997e+03 8.101172396210604347e+03 7.869159095710832844e+03 7.618286423853447559e+03 7.352765251901036208e+03 7.076625270672522674e+03 6.793610423692465702e+03 6.507107464678168071e+03 6.220105376839436758e+03 5.935181200084592092e+03 5.654506722355669808e+03 5.379870315161129838e+03 5.112708659009598705e+03 4.854143937735035252e+03 4.605023054421515553e+03 4.365956374770237744e+03 4.137354340236399366e+03 3.919460969712547012e+03 3.712383778472279118e+03 3.516120002175832269e+03 3.330579248209713569e+03 3.155602835314672120e+03 2.990980152070555505e+03 2.836462387693184610e+03 2.691773982045425782e+03 2.556622118362529818e+03 2.430704550540761829e+03 2.313716022494888421e+03 2.205353503362918218e+03 2.105320431020187698e+03 2.013330128265873327e+03 1.929108531375167559e+03 1.852396349361070179e+03 1.782950753984407584e+03 1.720546684969688840e+03 1.664977841690925516e+03 1.616057421479735694e+03 1.573618655380679684e+03 1.537515184365460300e+03 1.507621312441178134e+03 1.483832167485882110e+03 1.466063795734904261e+03 1.454253211386428802e+03 1.448358418547593828e+03 1.448354891664171873e+03
8.844408478112618468e+03 8.844411809203436860e+03 8.804975951425192761e+03 8.727049167740226039e+03 8.612466835965598875e+03 8.463851181651427396e+03 8.284468648793303146e+03 8.078061721416519504e+03 7.848670265294105775e+03 7.600457026829936694e+03 7.337549675201647915e+03 7.063908269090566137e+03 6.783223022115574167e+03 6.498843450032082728e+03 6.213736927446238951e+03 5.930472615447291901e+03 5.651225654099813255e+03 5.377796287374703752e+03 5.111638964942552775e+03 4.853897199367744179e+03 4.605440840192202813e+03 4.366903306892741966e+03 4.138717107564959406e+03 3.921146614652929202e+03 3.714317563050199624e+03 3.518243090881993339e+03 3.332846381451185152e+03 3.157980111683125415e+03 2.993442992149864040e+03 2.838993716994497845e+03 2.694362645047192927e+03 2.559261518161317326e+03 2.433391497721571795e+03 2.316449770976674245e+03 2.208134948819440524e+03 2.108151447892106717e+03 2.016213023477031129e+03 1.932045595964666063e+03 1.855389492830914833e+03 1.786001209859100982e+03 1.723654779570558730e+03 1.668142821213010393e+03 1.619277334919917166e+03 1.576890292544233716e+03 1.540834068957211002e+03 1.510981750072822706e+03 1.487227347331650208e+03 1.469485942689057310e+03 1.457693783150381023e+03 1.451808339449242794e+03 1.451808316863758364e+03
8.847559239489884931e+03 8.847565356596844140e+03 8.808188445651188886e+03 8.730377047378451607e+03 8.615961233940539387e+03 8.467554763725202065e+03 8.288412325138780943e+03 8.082261718322240995e+03 7.853126117564661399e+03 7.605150929102867849e+03 7.342447375654405732e+03 7.068961400739047349e+03 6.788372531814219656e+03 6.504023651784897083e+03 6.218879682294341364e+03 5.935511203605544324e+03 5.656098021648159374e+03 5.382447485028773372e+03 5.116022723138953552e+03 4.857976685372765132e+03 4.609188712146886246e+03 4.370301217044150690e+03 4.141754817409115276e+03 3.923820875449602227e+03 3.716630893523046325e+03 3.520202556310749515e+03 3.334462449721582288e+03 3.159265635494479284e+03 2.994412344354108882e+03 2.839662088678713189e+03 2.694745503401713449e+03 2.559374212835494745e+03 2.433248999461501171e+03 2.316066524012350328e+03 2.207524817921382692e+03 2.107327741578108999e+03 2.015188575988718185e+03 1.930832891978160205e+03 1.854000820178264121e+03 1.784448826711991842e+03 1.721951083567598062e+03 1.666300508973266915e+03 1.617309541413376337e+03 1.574810701046368195e+03 1.538656983946921173e+03 1.508722127558190095e+03 1.484900779727386180e+03 1.467108598455002266e+03 1.455282304735728530e+03 1.449379706390885531e+03 1.449377213412923766e+03
8.887116761833221972e+03 8.887163479856750200e+03 8.847352642470805222e+03 8.768693864640170432e+03 8.653055906944613525e+03 8.503105333087407416e+03 8.322158544631583936e+03 8.114008500598877617e+03 7.882742051017266931e+03 7.632562957098887637e+03 7.367632986504694600e+03 7.091939650010303012e+03 6.809194988606880543e+03 6.522766031767110690e+03 6.235634595933443052e+03 5.950382170604820203e+03 5.669194709776575110e+03 5.393882023203521385e+03 5.125906898102219202e+03 4.866419835896548648e+03 4.616296163113404873e+03 4.376173131857399312e+03 4.146485380965835247e+03 3.927497746553965953e+03 3.719334884102280284e+03 3.522007506138094868e+03 3.335435271507295511e+03 3.159466508162115133e+03 2.993895033680320012e+03 2.838474375331784813e+03 2.692929699356819128e+03 2.556967748369077071e+03 2.430285064383254394e+03 2.312574748276041191e+03 2.203531978028853700e+03 2.102858480026330199e+03 2.010266121251826235e+03 1.925479766096319281e+03 1.848239519988741904e+03 1.778302463272445721e+03 1.715443962681192716e+03 1.659458634334144790e+03 1.610161021240182436e+03 1.567386039682033243e+03 1.530989242241815646e+03 1.500846940239531250e+03 1.476856224458467750e+03 1.458934919621217205e+03 1.447021504528258902e+03 1.441075025511816648e+03 1.441064043509551539e+03
8.964143738070561085e+03 8.964271938141566352e+03 8.923507645389683603e+03 8.842987536956225085e+03 8.724667009137467176e+03 8.571331944849347565e+03 8.386439777445770233e+03 8.173934236430036435e+03 7.938051326437229363e+03 7.683132932513568448e+03 7.413461232958232358e+03 7.133122692451935109e+03 6.845905760408735659e+03 6.555232305293329773e+03 6.264119754717182332e+03 5.975169034287487193e+03 5.690572603096906278e+03 5.412136924851535696e+03 5.141314302245453291e+03 4.879239875278751242e+03 4.626770539119553177e+03 4.384523439567013156e+03 4.152912480334977772e+03 3.932181897827433204e+03 3.722436427162812834e+03 3.523667915789242215e+03 3.335778462904836033e+03 3.158600299663706664e+03 2.991912699794415403e+03 2.835456241776511433e+03 2.688944746819578995e+03 2.552075202397622434e+03 2.424535956650120170e+03 2.306013439721622490e+03 2.196197637411360120e+03 2.094786512417647828e+03 2.001489540196481130e+03 1.916030500724311196e+03 1.838149644631335377e+03 1.767605332502908823e+03 1.704175229777070172e+03 1.647657126693497958e+03 1.597869443196970224e+03 1.554651472436670019e+03 1.517863413183287776e+03 1.487386240459358305e+03 1.463121463972351421e+03 1.444990824302195733e+03 1.432935975861276347e+03 1.426918202172749716e+03 1.426892607466342497e+03
9.080499064009663925e+03 9.080755170937536604e+03 9.038467678413277099e+03 8.954975811012271151e+03 8.832376979411965294e+03 8.673652895948276637e+03 8.482492672935501105e+03 8.263087741024608476e+03 8.019918851297793481e+03 7.757553843897265324e+03 7.480470786216127635e+03 7.192915663553315426e+03 6.898798296116118763e+03 6.601625520923840668e+03 6.304467419376989710e+03 6.009950565706072666e+03 5.720271702351432396e+03 5.437225566694068220e+03 5.162241440116495141e+03 4.896424066512601712e+03 4.640595681561277161e+03 4.395336879092094023e+03 4.161024856491614628e+03 3.937868213233679398e+03 3.725937938555981873e+03 3.525194542555964745e+03 3.335511489879204419e+03 3.156695215435122009e+03 2.988502061669465093e+03 2.830652496294874254e+03 2.682842962637443179e+03 2.544755692410901702e+03 2.416066779995967863e+03 2.296452782968282918e+03 2.185596078692690298e+03 2.083189173130004747e+03 1.988938126646413139e+03 1.902565233233166737e+03 1.823811064559105716e+03 1.752435969069347948e+03 1.688221099290819666e+03 1.630969027991960047e+03 1.580504006182621424e+03 1.536671913199508026e+03 1.499339950975067950e+03 1.468396140068693057e+03 1.443748682496092442e+03 1.425325263500654501e+03 1.413072368492367332e+03 1.406954689900433323e+03 1.406908188028878612e+03
9.238937365641813813e+03 9.239376401544353939e+03 9.194917585331415466e+03 9.107193012078483662e+03 8.978509289345925936e+03 8.812136459694049336e+03 8.612104166646273370e+03 8.382966655816311686e+03 8.129561146593931880e+03 7.856781917740355311e+03 7.569386940730558308e+03 7.271846798152503652e+03 6.968238728467753390e+03 6.662183183167230709e+03 6.356816779138175662e+03 6.054793896870729441e+03 5.758308998831719691e+03 5.469132507426139455e+03 5.188654325433089980e+03 4.917930459205259467e+03 4.657729498930378213e+03 4.408576809171018795e+03 4.170795149440092246e+03 3.944541086729384006e+03 3.729837010612312042e+03 3.526598855666935833e+03 3.334659813634803868e+03 3.153790411984448383e+03 2.983715372884757016e+03 2.824127667049859156e+03 2.674700154966509672e+03 2.535095173639504537e+03 2.404972386797307081e+03 2.283995174660659814e+03 2.171835798383036490e+03 2.068179535533951821e+03 1.972727947305923180e+03 1.885201405953459926e+03 1.805340982763563488e+03 1.732909773130717213e+03 1.667693716782752290e+03 1.609501958733974561e+03 1.558166790977165192e+03 1.513543216839163506e+03 1.475508189203314259e+03 1.443959589250154522e+03 1.418815031393088248e+03 1.400010598691001178e+03 1.387499626279901577e+03 1.381251653353496067e+03 1.381177705032750964e+03
9.443259174623222862e+03 9.443948733343042477e+03 9.396556761883324725e+03 9.303120296290206170e+03 9.166239840245571031e+03 8.989590218058550818e+03 8.777677836952783764e+03 8.535562104061136779e+03 8.268572242678164912e+03 7.982047631798111070e+03 7.681121840177301237e+03 7.370560633181944468e+03 7.054655164497637998e+03 6.737164972908724849e+03 6.421301708030594455e+03 6.109743297675414397e+03 5.804668781093861071e+03 5.507805499597174276e+03 5.220482159763379968e+03 4.943683075246322005e+03 4.678100443711305161e+03 4.424182747815007133e+03 4.182178284509525838e+03 3.952173466337957052e+03 3.734125957205436407e+03 3.527892958456593533e+03 3.333255096707076518e+03 3.149936420817397902e+03 2.977621020207066977e+03 2.815966750777902234e+03 2.664616511977174923e+03 2.523207468075219367e+03 2.391378554158848601e+03 2.268776555906679278e+03 2.155061003585919934e+03 2.049908075654224376e+03 1.953013666164640199e+03 1.864095733019813679e+03 1.782896011361245655e+03 1.709181148695815182e+03 1.642743296925990762e+03 1.583400182859663801e+03 1.530994674859666247e+03 1.485393870642654292e+03 1.446487750495700084e+03 1.414187470225502693e+03 1.388423405307184339e+03 1.369143095481944783e+03 1.356309268757636119e+03 1.349898136133646403e+03 1.349789870290870567e+03
9.698525834698335530e+03 9.699551468604024194e+03 9.648304958357150099e+03 9.547371209718281534e+03 9.399754398308887176e+03 9.209685479568377559e+03 8.982324078242983887e+03 8.723416898281713657e+03 8.438954790069825322e+03 8.134865920933633788e+03 7.816770105319163122e+03 7.489804675714654877e+03 7.158519865671692969e+03 6.826833665216992813e+03 6.498032517199405447e+03 6.174803952926434249e+03 5.859288965412229118e+03 5.553144461638247776e+03 5.257608770194947283e+03 4.973565500893321769e+03 4.701602899119867288e+03 4.442067199096471995e+03 4.195109419534523113e+03 3.960725650685682467e+03 3.738791240801659114e+03 3.529089477049090874e+03 3.331335429182287044e+03 3.145195626506896133e+03 2.970304199695770876e+03 2.806276058731068133e+03 2.652717609239723060e+03 2.509235439281942035e+03 2.375443341321969001e+03 2.250967971526170913e+03 2.135453391224980805e+03 2.028564683137424936e+03 1.929990787356538704e+03 1.839446658780109829e+03 1.756674808762459634e+03 1.681446260065630895e+03 1.613560917436132968e+03 1.552847339023535142e+03 1.499161889828494623e+03 1.452387270954552832e+03 1.412430450108616697e+03 1.379220069355836586e+03 1.352703471040183103e+03 1.332843552095563382e+03 1.319615715825125562e+03 1.313005221525376783e+03 1.312855329284043364e+03
1.001135982368459554e+04 1.001283257053552370e+04 9.956589892603520639e+03 9.845950244793304591e+03 9.684466131327495532e+03 9.477126289006415391e+03 9.229978972199030977e+03 8.949698317765212778e+03 8.643154759474851744e+03 8.317042557707967717e+03 7.977596453465814193e+03 7.630406378706713440e+03 7.280321733724317710e+03 6.931427320364534353e+03 6.587070386124002653e+03 6.249919913503868884e+03 5.922042985279882487e+03 5.604987189479581502e+03 5.299861735938844504e+03 5.007412897090612205e+03 4.728091522622902630e+03 4.462111819758438287e+03 4.209501493819031566e+03 3.970143858614768305e+03 3.743812778515252830e+03 3.530201388874784698e+03 3.328945526308191347e+03 3.139642730653346462e+03 2.961867585500813675e+03 2.795184061625520371e+03 2.639155427513202540e+03 2.493352198400771613e+03 2.357358511680684387e+03 2.230777242119695984e+03 2.113234104080466295e+03 2.004380928301102813e+03 1.903898246306874626e+03 1.811497265050673377e+03 1.726921267513334215e+03 1.649946432505095345e+03 1.580382031098169591e+03 1.518069932134414557e+03 1.462883340994667151e+03 1.414724711219440451e+03 1.373522813873230007e+03 1.339229027477057343e+03 1.311813017650395523e+03 1.291258096123788391e+03 1.277556658922244196e+03 1.270706172167073191e+03 1.270506773306059586e+03
1.039035975978843999e+04 1.039242691126927639e+04 1.032974548007824706e+04 1.020661050135156802e+04 1.002731408287207523e+04 9.797876719085192235e+03 9.525558223391915817e+03 9.218285893338146707e+03 8.884096382892839756e+03 8.530671638295654702e+03 8.165010038269018878e+03 7.793235829422153074e+03 7.420525538703501297e+03 7.051120233549406294e+03 6.688392851720986073e+03 6.334945279963447319e+03 5.992716769923496940e+03 5.663091637526545128e+03 5.346999204913200629e+03 5.045002511556063837e+03 4.757374655306195564e+03 4.484163026608263863e+03 4.225242454027275926e+03 3.980358613655730551e+03 3.749163134094821544e+03 3.531241764866682388e+03 3.326136841581786030e+03 3.133365119918431901e+03 2.952431887568723596e+03 2.782842111714592647e+03 2.624109244876538924e+03 2.475762195299430459e+03 2.337350868149866528e+03 2.208450598185266244e+03 2.088665720192524532e+03 1.977632457231936087e+03 1.875021245670116514e+03 1.780538557825722592e+03 1.693928226451984528e+03 1.614972220531170706e+03 1.543490771590153145e+03 1.479341709698135901e+03 1.422418847781471186e+03 1.372649264275530413e+03 1.329989390744376806e+03 1.294419922671487257e+03 1.265939737609592157e+03 1.244559207336518284e+03 1.230293490492033470e+03 1.223156533542805846e+03 1.222899003310454418e+03
1.084666932605052170e+04 1.084953012470999238e+04 1.077856106383638689e+04 1.063934873828560012e+04 1.043717354114806585e+04 1.017946604728413513e+04 9.875153992131017731e+03 9.533872934494811489e+03 9.165210812182864174e+03 8.778115783489100068e+03 8.380517496097749245e+03 7.979147618375461207e+03 7.579513131952789081e+03 7.185969500899531340e+03 6.801848482989130389e+03 6.429607647109540267e+03 6.070980423972184326e+03 5.727114723622814381e+03 5.398694529686068563e+03 5.086042888757007859e+03 4.789206995858423397e+03 4.508027211916093620e+03 4.242192277496281349e+03 3.991283013177684552e+03 3.754806617048051521e+03 3.532223402739117773e+03 3.322967534554847589e+03 3.126463044698379690e+03 2.942136177088426393e+03 2.769424897489608156e+03 2.607786239487156763e+03 2.456702016177087444e+03 2.315683313112281667e+03 2.184274083520225304e+03 2.062054086703772555e+03 1.948641339768111038e+03 1.843694186732252092e+03 1.746913023706125841e+03 1.658041651238841496e+03 1.576868154186416177e+03 1.503225137633470922e+03 1.436989081445949978e+03 1.378078529185766229e+03 1.326450819698271971e+03 1.282097127174710295e+03 1.245035722256443478e+03 1.215303614140720811e+03 1.192947064420237439e+03 1.178011819000524611e+03 1.170534186464426512e+03 1.170208924927827184e+03
1.139474617541987391e+04 1.139867501998018815e+04 1.131703469641571610e+04 1.115709336280885327e+04 1.092542458520211221e+04 1.063139967143311151e+04 1.028628319376312538e+04 9.902076444715603429e+03 9.490446193545929418e+03 9.061955317882599047e+03 8.625642686072529614e+03 8.188892805083783969e+03 7.757500502801095536e+03 7.335843472248342550e+03 6.927098756083778426e+03 6.533462967271419984e+03 6.156354444592499021e+03 5.796587849309387821e+03 5.454519061628078816e+03 5.130162141887316466e+03 4.823281863700612121e+03 4.533465822951126029e+03 4.260179972821114461e+03 4.002810988898555934e+03 3.760698330399212864e+03 3.533158336961773784e+03 3.319502231866426428e+03 3.119049507293975239e+03 2.931137844838121509e+03 2.755130467148557273e+03 2.590421613948840786e+03 2.436440677124637205e+03 2.292655405225667892e+03 2.158574488697817287e+03 2.033749755543877200e+03 1.917778135713492475e+03 1.810303484697701606e+03 1.711018286403408410e+03 1.619665177071840390e+03 1.536038142183665514e+03 1.459983136884394526e+03 1.391397773786395874e+03 1.330229626551601996e+03 1.276472643566433362e+03 1.230161197715601702e+03 1.191361467695278179e+03 1.160160194313491502e+03 1.136651380117412145e+03 1.120922124060543865e+03 1.113039336066403848e+03 1.112635453073214649e+03
1.205336155847529335e+04 1.205874258100123916e+04 1.196338727080460194e+04 1.177666282948450680e+04 1.150674771848270393e+04 1.116571416681301343e+04 1.076819366489021741e+04 1.032954093366359666e+04 9.864236445709251711e+03 9.384884174121956676e+03 8.901795399412780171e+03 8.422988674172116589e+03 7.954423083099741234e+03 7.500327980444199966e+03 7.063545320933399125e+03 6.645841393059899019e+03 6.248170757292457893e+03 5.870889724845671481e+03 5.513923761835929326e+03 5.176895890221494483e+03 4.859223545690570063e+03 4.560190677259219228e+03 4.279000812879829027e+03 4.014815712404745682e+03 3.766783236112143186e+03 3.534057225428950915e+03 3.315811525320878445e+03 3.111249756991014692e+03 2.919612050377661035e+03 2.740179643929463509e+03 2.572278032562352109e+03 2.415279175392133311e+03 2.268603147926327892e+03 2.131719526676349233e+03 2.004148717330452882e+03 1.885463371560710357e+03 1.775289973555629786e+03 1.673310606800744608e+03 1.579264825746713996e+03 1.492951447732791394e+03 1.414229942615318350e+03 1.343020932775665869e+03 1.279305140392265230e+03 1.223119971004369063e+03 1.174552872260758249e+03 1.133730753252931663e+03 1.100805197198155611e+03 1.075934001444568594e+03 1.059260654030423893e+03 1.050894430418785078e+03 1.050399304322369517e+03
1.284675154566240599e+04 1.285412999233650589e+04 1.274134557145920553e+04 1.252008742568376692e+04 1.220024449809469297e+04 1.179772421805634804e+04 1.133222348210333985e+04 1.082400196310690808e+04 1.029138748877083526e+04 9.749516934766877966e+03 9.210063420101701922e+03 8.681530188949562216e+03 8.169780485299381326e+03 7.678606378803264306e+03 7.210241568000552434e+03 6.765784512238633397e+03 6.345529626588116116e+03 5.949217710271712349e+03 5.576220749166542191e+03 5.225675789928379345e+03 4.896580439784886948e+03 4.587860028058616081e+03 4.298414146122204329e+03 4.027148355805527899e+03 3.772995342043306664e+03 3.534928634243465240e+03 3.311971163847053958e+03 3.103200296718008758e+03 2.907750522395255757e+03 2.724814653431569695e+03 2.553644152918398959e+03 2.393549041098412090e+03 2.243897713251199093e+03 2.104116915871371930e+03 1.973692064508389876e+03 1.852168034002518652e+03 1.739150499957306465e+03 1.634307848006574886e+03 1.537373581919876642e+03 1.448149038267880997e+03 1.366506039547889714e+03 1.292388879581349784e+03 1.225814740303156441e+03 1.166871326615531643e+03 1.115710270808984887e+03 1.072534868263813678e+03 1.037581187268827762e+03 1.011092744933649783e+03 9.932907535058969870e+02 9.843440128394811381e+02 9.837426558635058882e+02
1.380536199493824643e+04 1.381551881477751340e+04 1.368142339404316044e+04 1.341633525354593257e+04 1.303099634579231133e+04 1.254700056187901464e+04 1.199217305433430192e+04 1.139423411905534522e+04 1.077680716087966539e+04 1.015805102247387185e+04 9.550891930940766542e+03 8.963923185537036261e+03 8.402431542761438322e+03 7.869310658654315375e+03 7.365789072964367733e+03 6.891975944222912403e+03 6.447254744768064484e+03 6.030559797703248478e+03 5.640566535980814479e+03 5.275820001754844270e+03 4.934819973287770154e+03 4.616076058002527134e+03 4.318142232272786714e+03 4.039637479580987019e+03 3.779257154154882755e+03 3.535778269877706862e+03 3.308060917701738163e+03 3.095047323901040727e+03 2.895759585568759121e+03 2.709296794291651622e+03 2.534832038523405117e+03 2.371609627943098531e+03 2.218942786482882184e+03 2.076211998435574969e+03 1.942864151584119099e+03 1.818412591946614839e+03 1.702438175710746236e+03 1.594591362501406593e+03 1.494595323531721988e+03 1.402249915975651675e+03 1.317436172443419537e+03 1.240120640375654830e+03 1.170358458378133946e+03 1.108293489412584449e+03 1.054153243504304100e+03 1.008235960964240917e+03 9.708875177815790494e+02 9.424672792480282624e+02 9.233049636998256346e+02 9.136545326766890867e+02 9.129286513529917784e+02
1.496373986623303426e+04 1.497779299767279554e+04 1.482070727338742472e+04 1.450308847557521040e+04 1.403207243356802246e+04 1.343853359685983742e+04 1.276455253798771082e+04 1.204972452487578084e+04 1.132494889622367555e+04 1.061169760439153288e+04 9.923601619067179854e+03 9.268516734588583859e+03 8.650332467521791841e+03 8.070344280942808837e+03 7.528222761405878373e+03 7.022669878078580041e+03 6.551850679453053999e+03 6.113670618389322044e+03 5.705949502394854790e+03 5.326527427038624410e+03 4.973326561246461097e+03 4.644384645728992837e+03 4.337870644506001554e+03 4.052089377562646405e+03 3.785479576859015197e+03 3.536608239331937966e+03 3.304163122567674691e+03 3.086944557771847030e+03 2.883857319520356668e+03 2.693903013021459628e+03 2.516173265009359056e+03 2.349843899460685407e+03 2.194170221209651118e+03 2.048483503736576949e+03 1.912188770815690077e+03 1.784763966210105082e+03 1.665760611794049055e+03 1.554806050007436625e+03 1.451607332730380676e+03 1.355956726103544270e+03 1.267738604659951761e+03 1.186937145328133283e+03 1.113643627473184097e+03 1.048061241981587727e+03 9.905041471401149238e+02 9.413863542404276359e+02 9.011955680675591793e+02 8.704484948515731730e+02 8.496285346619090433e+02 8.391141789808475551e+02 8.382407364246759016e+02
1.634633600995818597e+04 1.636585572732281798e+04 1.619491840633325046e+04 1.582644427636665569e+04 1.524640196702867615e+04 1.450372425039384325e+04 1.366833233080774880e+04 1.279974637765548687e+04 1.193874185296061842e+04 1.110975030902451181e+04 1.032568386589228066e+04 9.592114018908006983e+03 8.910217896357557038e+03 8.278684600486953059e+03 7.694894428111568232e+03 7.155626194126920382e+03 6.657469478698120838e+03 6.197056442053520186e+03 5.771185068807521020e+03 5.376878040461986529e+03 5.011404130090882973e+03 4.672278380269443915e+03 4.357250846043457386e+03 4.064289746337714860e+03 3.791562472671391333e+03 3.537416447985556715e+03 3.300360945409184296e+03 3.079050446033466869e+03 2.872269802018004611e+03 2.678921294485295221e+03 2.498013584142324817e+03 2.328652515280934949e+03 2.170033731610603809e+03 2.021437083541913353e+03 1.882222843713721204e+03 1.751829795437271287e+03 1.629775311834386684e+03 1.515657593133126056e+03 1.409160259646962459e+03 1.310059477342871560e+03 1.218233664745202759e+03 1.133675496888318321e+03 1.056505233498728785e+03 9.869831588802713895e+02 9.255169666746254507e+02 8.726573547241321194e+02 8.290727425679501721e+02 7.954939945420594540e+02 7.726255793869509034e+02 7.610328811667251330e+02 7.599818098804789770e+02
1.791822285256145915e+04 1.794529019586092909e+04 1.780487488052870322e+04 1.743165444325267890e+04 1.672633762876118999e+04 1.578013737379689883e+04 1.472331376945380907e+04 1.365116158329836071e+04 1.261760340280272430e+04 1.164809855013370543e+04 1.075180577523992724e+04 9.929355628414838066e+03 9.177241940745107058e+03 8.490186670183560636e+03 7.862373672535803962e+03 7.288066571272886904e+03 6.761896486332356289e+03 6.278975848767276148e+03 5.834922861313512840e+03 5.425842015369011278e+03 5.048284868018556153e+03 4.699203832380429958e+03 4.375905546934279300e+03 4.076007039976578199e+03 3.797396095781292843e+03 3.538196263161035404e+03 3.296736448047176509e+03 3.071524792737802727e+03 2.861226450676657350e+03 2.664644852549438838e+03 2.480706090922177737e+03 2.308446106659252564e+03 2.147000430574306847e+03 1.995596313554920698e+03 1.853547166626807211e+03 1.720249329858873580e+03 1.595181296813928384e+03 1.477905638632292266e+03 1.368073991730309217e+03 1.265435573498773465e+03 1.169849717823108449e+03 1.081302762047516808e+03 9.999290464121153263e+02 9.260344197808304898e+02 8.601179236263791381e+02 8.028827327879035920e+02 7.552212857065582057e+02 7.181547095411315240e+02 6.927103509281206470e+02 6.797427922316387594e+02 6.784731806462300483e+02
1.956352805589490890e+04 1.960035371381018922e+04 1.958718259028968896e+04 1.935671771374548916e+04 1.853403080688487898e+04 1.730911743206333995e+04 1.594509476540062678e+04 1.460345476084754227e+04 1.335379418507215269e+04 1.221692518198276775e+04 1.119248685412401937e+04 1.027201539336916176e+04 9.444633560406195102e+03 8.699434233499121547e+03 8.026398946074205014e+03 7.416672980349608224e+03 6.862568664186949718e+03 6.357464059693439594e+03 5.895670554905110293e+03 5.472300341887402283e+03 5.083145737623516652e+03 4.724573948748756266e+03 4.393437330695599485e+03 4.086997794612728285e+03 3.802863577214212000e+03 3.538936569301183226e+03 3.293368551857660350e+03 3.064524901776225761e+03 2.850954551732342679e+03 2.651365199115592986e+03 2.464602950049826632e+03 2.289635756234823475e+03 2.125540158111740311e+03 1.971490993313298532e+03 1.826753871624001704e+03 1.690680365258195025e+03 1.562706026011918311e+03 1.442351529371112292e+03 1.329227469187957695e+03 1.223043586409945874e+03 1.123623488553192374e+03 1.030926117563233674e+03 9.450751225362620289e+02 8.663963610770600781e+02 7.954609237992229964e+02 7.331245882689564723e+02 6.805426179871399199e+02 6.391225681868354513e+02 6.103689590799073130e+02 5.955999718482856906e+02 5.940533252998731086e+02
2.172892187871057104e+04 2.177553212051422452e+04 2.191124419446192042e+04 2.193373276004200670e+04 2.083235090245685205e+04 1.913906460684880949e+04 1.733089522034654146e+04 1.563735036218485038e+04 1.412585509384590841e+04 1.279737426739753391e+04 1.163255535717258499e+04 1.060836467510350303e+04 9.703489871946525454e+03 8.899719130256880817e+03 8.181927239808494960e+03 7.537655951560123867e+03 6.956640306803882595e+03 6.430388792990902402e+03 5.951838448438013984e+03 5.515078971544863634e+03 5.115133739499672629e+03 4.747786035161981090e+03 4.409440770562761827e+03 4.097014040365193978e+03 3.807844550189377060e+03 3.539622310135085627e+03 3.290331021254323332e+03 3.058201380432958103e+03 2.841673145098435270e+03 2.639364278608481527e+03 2.450045874725115027e+03 2.272621862049280480e+03 2.106112738093811913e+03 1.949642795838342408e+03 1.802430499619364355e+03 1.663781858753407732e+03 1.533086855212346791e+03 1.409819229110480592e+03 1.293540242169022576e+03 1.183907460893516600e+03 1.080690164831084303e+03 9.837937026042125126e+02 8.932958944136219088e+02 8.094989920188355654e+02 7.329994778658393670e+02 6.647719363073897512e+02 6.062460499986570994e+02 5.593198222762024443e+02 5.262038105446315512e+02 5.089890305323181678e+02 5.070764462098701415e+02
2.684589142205020471e+04 2.689612549348905304e+04 2.727646118485999978e+04 2.758315117347003252e+04 2.444081416392962274e+04 2.135923364771892375e+04 1.881825052510789828e+04 1.668976449245072945e+04 1.488798201445251652e+04 1.335760554940397014e+04 1.204993889979831147e+04 1.092299574935451710e+04 9.942933959944968592e+03 9.083267670398574410e+03 8.323340431225611610e+03 7.646919582375572645e+03 7.041108055621941276e+03 6.495542540259320049e+03 6.001806525716073338e+03 5.552996909576320832e+03 5.143399839977610100e+03 4.768245100150602411e+03 4.423517820234223109e+03 4.105812657884637701e+03 3.812219861924389988e+03 3.540235551936264983e+03 3.287690580382160533e+03 3.052693788693508395e+03 2.833586513751221901e+03 2.628905969506328802e+03 2.437355702868281696e+03 2.257781760589361056e+03 2.089153545800902066e+03 1.930548620241246908e+03 1.781140946650743217e+03 1.640192289106976204e+03 1.507046723088222052e+03 1.381128484558221089e+03 1.261943754931209014e+03 1.149087506884201048e+03 1.042257332765181673e+03 9.412774017042212336e+02 8.461375423265631071e+02 7.570550399121304963e+02 6.745695662883265413e+02 5.996818062537134892e+02 5.340335368308623174e+02 4.800745981563781584e+02 4.410318987964150779e+02 4.203355817575184119e+02 4.179108358826138101e+02
4.063546900731953065e+04 4.067270452364318771e+04 4.344968722977918515e+04 4.887251857063619536e+04 3.196230044159232420e+04 2.409050712259775537e+04 2.019145555674450952e+04 1.761370101273237378e+04 1.555875226415582802e+04 1.385094971091092339e+04 1.241631106952390837e+04 1.119783304611870699e+04 1.015094977446956727e+04 9.241835588965619536e+03 8.444850325597686606e+03 7.740334827608710839e+03 7.112996173124551206e+03 6.550769170222746652e+03 6.044011479467112622e+03 5.584926096147676617e+03 5.167139924766793229e+03 4.785391398449490225e+03 4.435295707355731793e+03 4.113166211379339074e+03 3.815877138197516615e+03 3.540757016549014679e+03 3.285505256652430944e+03 3.048126347249181890e+03 2.826877593144477942e+03 2.620227361509973434e+03 2.426821566741806691e+03 2.245456688204570582e+03 2.075058042415117598e+03 1.914662364291710674e+03 1.763404024284067646e+03 1.620504448122835583e+03 1.485264542600669301e+03 1.357060200059026783e+03 1.235341308662684924e+03 1.119635221786536249e+03 1.009556490998625691e+03 9.048261232101181122e+02 8.053062001819944271e+02 7.110603230223658784e+02 6.224584791666102319e+02 5.403578727159957680e+02 4.664046940426022161e+02 4.034808136976855621e+02 3.561250882233550783e+02 3.301421505852297287e+02 3.269370587889332000e+02
1.000000000000000056e-01 1.000000000000000056e-01 1.000000000000000056e-01 1.000000000000000056e-01 4.780726752291135926e+04 2.677910950477956430e+04 2.099474309071569951e+04 1.817298535353681291e+04 1.602895407157136651e+04 1.422380038224390773e+04 1.270233272605436832e+04 1.141518657440694915e+04 1.031610142725136575e+04 9.367688692494873976e+03 8.541077703763905447e+03 7.814095395793737225e+03 7.169583256335283295e+03 6.594112335506241834e+03 6.077045599471856804e+03 5.609857866317018306e+03 5.185639427505530875e+03 4.798730032034446594e+03 4.444445988981736264e+03 4.118874461393920683e+03 3.818716783122926699e+03 3.541167939533846948e+03 3.283823011380630305e+03 3.044603927414159898e+03 2.821701663373983138e+03 2.613530300934473416e+03 2.418690279530991120e+03 2.235938845077032965e+03 2.064166197063007985e+03 1.902376212120864466e+03 1.749670916603874048e+03 1.605238123839235413e+03 1.468341871530497656e+03 1.338315522754559424e+03 1.214557674229591839e+03 1.096531421988677494e+03 9.837682065631478281e+02 8.758786800648709914e+02 7.725754134999032203e+02 6.737171606502184886e+02 5.793950025280346381e+02 4.901045260121435376e+02 4.071016579912042630e+02 1.000000000000000056e-01 1.000000000000000056e-01 1.000000000000000056e-01 1.000000000000000056e-01
1.000000000000000056e-01 1.000000000000000056e-01 1.000000000000000056e-01 1.000000000000000056e-01 4.144142507054874295e+04 2.606809383131811046e+04 2.074949079172084384e+04 1.821779593458860836e+04 1.623328184543895804e+04 1.444421397916848218e+04 1.288922616574983113e+04 1.156263162806019500e+04 1.042975016574808433e+04 9.454711323909630664e+03 8.607661957209129469e+03 7.865080128102506023e+03 7.208629716542860479e+03 6.623963258926287381e+03 6.099754665322602705e+03 5.626968341647678244e+03 5.198316965373221137e+03 4.807859725760493347e+03 4.450703001156938626e+03 4.122775512064583381e+03 3.820657853381632776e+03 3.541452030023496718e+03 3.282680680712425783e+03 3.042208539005897819e+03 2.818180705180366203e+03 2.608973742326204501e+03 2.413156642355039367e+03 2.229459455049690405e+03 2.056747920459264151e+03 1.894002850950059155e+03 1.740303316075873909e+03 1.594812922131197865e+03 1.456768673545759157e+03 1.325472078095653160e+03 1.200282339068261308e+03 1.080611705586557264e+03 9.659234022125099273e+02 8.557331886891730619e+02 7.496168762620746975e+02 6.472289706003497258e+02 5.483445605013279192e+02 4.529553389419556879e+02 3.615074444183385936e+02 1.000000000000000056e-01 1.000000000000000056e-01 1.000000000000000056e-01 1.000000000000000056e-01
1.000000000000000056e-01 1.000000000000000056e-01 1.000000000000000056e-01 1.000000000000000056e-01 3.842824816613294388e+04 2.550951703473133239e+04 2.050395643363362615e+04 1.813871959051558952e+04 1.628675182342923836e+04 1.453830021582064364e+04 1.297870970407384084e+04 1.163616056355668479e+04 1.048733574038758525e+04 9.499074185295572534e+03 8.641668748106414569e+03 7.891120406817390176e+03 7.228557873066489265e+03 6.639182948187622060e+03 6.111320899628014558e+03 5.635674519961916303e+03 5.204761954994586631e+03 4.812497666343727360e+03 4.453879788697097865e+03 4.124755453519019284e+03 3.821643184158315307e+03 3.541597266162290452e+03 3.282103219007992720e+03 3.040996509208535826e+03 2.816398785261716966e+03 2.606667438590427992e+03 2.410355385570637736e+03 2.226178752859101223e+03 2.052990721057085011e+03 1.889760202465469547e+03 1.735554340731377579e+03 1.589524054184142415e+03 1.450892022576170120e+03 1.318942655091171900e+03 1.193013688876516653e+03 1.072489164191035343e+03 9.567936195133418096e+02 8.453874729283498937e+02 7.377637596374048599e+02 6.334468201178284517e+02 5.319945920133668551e+02 4.330092489679640835e+02 3.361717131020623128e+02 1.000000000000000056e-01 1.000000000000000056e-01 1.000000000000000056e-01 1.000000000000000056e-01
1.000000000000000056e-01 1.000000000000000056e-01 1.000000000000000056e-01 1.000000000000000056e-01 3.838760436723633029e+04 2.545346269788809150e+04 2.045017552378556138e+04 1.809426238518137325e+04 1.625208297721285453e+04 1.451146179837862110e+04 1.295773187588638575e+04 1.161951122021060473e+04 1.047389420159953806e+04 9.488036525803809127e+03 8.632459002390407477e+03 7.883322578462599267e+03 7.221867685047252962e+03 6.633374577563521598e+03 6.106224200646965073e+03 5.631159365619796517e+03 5.200727369641434962e+03 4.808864191403058612e+03 4.450584048001603151e+03 4.121746231329905640e+03 3.818878555773334483e+03 3.539042469614676065e+03 3.279729054291663488e+03 3.038778116547912305e+03 2.814314697568911470e+03 2.604698832688458424e+03 2.408485476651126191e+03 2.224392289937302849e+03 2.051273549720159281e+03 1.888098866033656350e+03 1.733935692498842400e+03 1.587934851506414134e+03 1.449318467291110437e+03 1.317369831965867434e+03 1.191424830145885608e+03 1.070864625135450297e+03 9.551093694961371057e+02 8.436127493735629059e+02 7.358572083513089410e+02 6.313497251462231361e+02 5.296180419078863224e+02 4.302072575533089207e+02 3.326767144472181030e+02 1.000000000000000056e-01 1.000000000000000056e-01 1.000000000000000056e-01 1.000000000000000056e-01
