0.000000000000000000e+00 0.000000000000000000e+00 0.000000000000000000e+00 0.000000000000000000e+00 2.509081688970423329e+03 9.572983992319499293e+02 5.346272157883728369e+02 3.516806338897986279e+02 2.519635929371104908e+02 1.898180599124077901e+02 1.476303429228162543e+02 1.172782491052937672e+02 9.452307841266470234e+01 7.694275137593692193e+01 6.305381865143578324e+01 5.189641650096807979e+01 4.282100534514688661e+01 3.537122271147687513e+01 2.921592676719759396e+01 2.410795706428374530e+01 1.985815246071565809e+01 1.631846342468190514e+01 1.337068865443420762e+01 1.091880096145380108e+01 8.883624268224961540e+00 7.199082803577125489e+00 5.809517580297360873e+00 4.667734398058681400e+00 3.733555682028890210e+00 2.972719858610930910e+00 2.356020579901241252e+00 1.858611990640336220e+00 1.459430162082895777e+00 1.140697733406685899e+00 8.874906106523061666e-01 6.873536030303163402e-01 5.299571134260417926e-01 4.067902122506623641e-01 3.108872202070502855e-01 2.365857836142441772e-01 1.793147105055750978e-01 1.354098126110781786e-01 1.019558503028912683e-01 7.665252103867001288e-02 5.770233178994765844e-02 4.371818190442362112e-02 3.364856100986281240e-02 -1.602176633999999922e+02 -1.602176633999999922e+02 -1.602176633999999922e+02 -1.602176633999999922e+02
0.000000000000000000e+00 0.000000000000000000e+00 0.000000000000000000e+00 0.000000000000000000e+00 2.509081688970423329e+03 9.572983992319499293e+02 5.346272157883728369e+02 3.516806338897986279e+02 2.519635929371104908e+02 1.898180599124077901e+02 1.476303429228162543e+02 1.172782491052937672e+02 9.452307841266470234e+01 7.694275137593692193e+01 6.305381865143578324e+01 5.189641650096807979e+01 4.282100534514688661e+01 3.537122271147687513e+01 2.921592676719759396e+01 2.410795706428374530e+01 1.985815246071565809e+01 1.631846342468190514e+01 1.337068865443420762e+01 1.091880096145380108e+01 8.883624268224961540e+00 7.199082803577125489e+00 5.809517580297360873e+00 4.667734398058681400e+00 3.733555682028890210e+00 2.972719858610930910e+00 2.356020579901241252e+00 1.858611990640336220e+00 1.459430162082895777e+00 1.140697733406685899e+00 8.874906106523061666e-01 6.873536030303163402e-01 5.299571134260417926e-01 4.067902122506623641e-01 3.108872202070502855e-01 2.365857836142441772e-01 1.793147105055750978e-01 1.354098126110781786e-01 1.019558503028912683e-01 7.665252103867001288e-02 5.770233178994765844e-02 4.371818190442362112e-02 3.364856100986281240e-02 -1.602176633999999922e+02 -1.602176633999999922e+02 -1.602176633999999922e+02 -1.602176633999999922e+02
0.000000000000000000e+00 0.000000000000000000e+00 0.000000000000000000e+00 0.000000000000000000e+00 2.457387614290110832e+03 9.319746810149658813e+02 5.206158393538210021e+02 3.432312394047444855e+02 2.465722229575977167e+02 1.862322330112032489e+02 1.451649667195891880e+02 1.155357552472531211e+02 9.326246539265173396e+01 7.601263551094247362e+01 6.235612638804363428e+01 5.136583050033281239e+01 4.241292099126646775e+01 3.505447814601469503e+01 2.896829538618458244e+01 2.391328347610075511e+01 1.970449121548024607e+01 1.619684408227369232e+01 1.327428063929087187e+01 1.084233873573853657e+01 8.823005115403500298e+00 7.151080956814223732e+00 5.771577935390048708e+00 4.637821398364227576e+00 3.710040931498848948e+00 2.954297253898586550e+00 2.341641245648675262e+00 1.847433662936795340e+00 1.450777275740513739e+00 1.134029574165490883e+00 8.823756543109708694e-01 6.834486876803361755e-01 5.269904521677348797e-01 4.045475031655952902e-01 3.092002834860681504e-01 2.353232774342086941e-01 1.783745644984143230e-01 1.347130820962935405e-01 1.014417435978280935e-01 7.627439088793089295e-02 5.742445345067819645e-02 4.351316661579711365e-02 3.349527532641716210e-02 -1.602176633999999922e+02 -1.602176633999999922e+02 -1.602176633999999922e+02 -1.602176633999999922e+02
0.000000000000000000e+00 0.000000000000000000e+00 0.000000000000000000e+00 0.000000000000000000e+00 2.180505419133664873e+03 8.429225124963680855e+02 4.818704381656853570e+02 3.230129476297682913e+02 2.347357778862547946e+02 1.787441799096100112e+02 1.401608055843819614e+02 1.120539183419118672e+02 9.076451436915893112e+01 7.417735032444004162e+01 6.098208339866415173e+01 5.032155599878472430e+01 4.160971480621650898e+01 3.443080756327343295e+01 2.848044103410557781e+01 2.352952829079386987e+01 1.940139944772139202e+01 1.595681589890453189e+01 1.308390828273595297e+01 1.069127918978607106e+01 8.703192912465512521e+00 7.056169243666943203e+00 5.696535250679993112e+00 4.578636224901398322e+00 3.663501839213430866e+00 2.917826740626326743e+00 2.313168224739274415e+00 1.825294159714168973e+00 1.433636037171016397e+00 1.120817450560794626e+00 8.722390937944581868e-01 6.757087044882434945e-01 5.211091326234813526e-01 4.001005981973905778e-01 3.058547731953030202e-01 2.328190298339934128e-01 1.765093802590563532e-01 1.333305423972795112e-01 1.004213739526963883e-01 7.552372946576155210e-02 5.687267412808406225e-02 4.310595818459664330e-02 3.319072119442617597e-02 -1.602176633999999922e+02 -1.602176633999999922e+02 -1.602176633999999922e+02 -1.602176633999999922e+02
2.538291383347446299e+03 2.538291383347446299e+03 2.483715621264047059e+03 2.197699602667092677e+03 1.086138007971730076e+03 6.226245091428353362e+02 4.066136514139626001e+02 2.886424193929383364e+02 2.160326752987774057e+02 1.673745671376358359e+02 1.327245071894417094e+02 1.069380711405646167e+02 8.711471455172197409e+01 7.150207908919367128e+01 5.898026219861802844e+01 4.879952621525300316e+01 4.043796735529458886e+01 3.351993866903709574e+01 2.776707653714077040e+01 2.296772302777380048e+01 1.895719182728389285e+01 1.560467567329869176e+01 1.280435967331005287e+01 1.046927509991350469e+01 8.526981035095205996e+00 6.916487115681174025e+00 5.586029253517081017e+00 4.491435436806939130e+00 3.594900471511396578e+00 2.864043734030534250e+00 2.271162420288829864e+00 1.792620080060360221e+00 1.408329819260893734e+00 1.101305557553557302e+00 8.572645562353022886e-01 6.642711012852758889e-01 5.124155279287277986e-01 3.935253439297417555e-01 3.009065683314786077e-01 2.291139658912347554e-01 1.737489452962529268e-01 1.312837354671415602e-01 9.891021944784200715e-02 7.441158998481353648e-02 5.605484967130243412e-02 4.250213377880986132e-02 3.273888754741396956e-02 2.601707067575539933e-02 2.181177493032758832e-02 1.978990857542564305e-02 1.978990857542564305e-02
9.830715454892489333e+02 9.830715454892489333e+02 9.554753677820516486e+02 8.605285768857116864e+02 6.301245346925937838e+02 4.498765518367805498e+02 3.294610306493119651e+02 2.490148951130929618e+02 1.933419362682982694e+02 1.532705145183553554e+02 1.234033489604683638e+02 1.004887852630829741e+02 8.249548446228580190e+01 6.810522229108138959e+01 5.643103470388387422e+01 4.685600179455755665e+01 3.893793859352309994e+01 3.235116172465370710e+01 2.684978779908712454e+01 2.224394032648558195e+01 1.838393564671419256e+01 1.514954411921613264e+01 1.244256477489984469e+01 1.018161296118538672e+01 8.298413747965957654e+00 6.735134041006461736e+00 5.442437271456031844e+00 4.378042339376072789e+00 3.505633993244466229e+00 2.794017134588819840e+00 2.216439746195484339e+00 1.750032457978253575e+00 1.375329734537547255e+00 1.075849912156654486e+00 8.377199417469258780e-01 6.493365409168956326e-01 5.010591932540628957e-01 3.849326153620767355e-01 2.944374074172581568e-01 2.242679887179836740e-01 1.701368890935130440e-01 1.286042349521131500e-01 9.693098203397997048e-02 7.295419653146688332e-02 5.498252041807288187e-02 4.170989375754527440e-02 3.214564548994912341e-02 2.555919232165777821e-02 2.143778663335260681e-02 1.945601068855757482e-02 1.945601068855757482e-02
5.575976231703226631e+02 5.575976231703226631e+02 5.418384674288660108e+02 4.990406680884839830e+02 4.173814562560682475e+02 3.341777564077881948e+02 2.650251679107257701e+02 2.112061650651265552e+02 1.698899692000594541e+02 1.379720175410717218e+02 1.129873859095251873e+02 9.314343034845585123e+01 7.716646622926819532e+01 6.415028254134082886e+01 5.344234483847888129e+01 4.456491428428838475e+01 3.716171510577846249e+01 3.096197850523807205e+01 2.575603315027602491e+01 2.137854967712446097e+01 1.769689692682912607e+01 1.460295371463530856e+01 1.200728873771977412e+01 9.834984693160450320e+00 8.022616172162269521e+00 6.516042794750663170e+00 5.268779772660835192e+00 4.240776564454710851e+00 3.397482192308654003e+00 2.709110261348514737e+00 2.150042087095238141e+00 1.698325220982222383e+00 1.335238699111990002e+00 1.044906602681070273e+00 8.139487920455281689e-01 6.311625890279586315e-01 4.872322724551961248e-01 3.744649917275214013e-01 2.865524973821545474e-01 2.183582709364252084e-01 1.657294711637337936e-01 1.253327933071970990e-01 9.451299245866165433e-02 7.117253259367263551e-02 5.367062921144764159e-02 4.073986976934519666e-02 3.141861776910650356e-02 2.499751967015935439e-02 2.097862107924214695e-02 1.904584172528284505e-02 1.904584172528284505e-02
3.727054904730014186e+02 3.727054904730014186e+02 3.629009529228928272e+02 3.397515447048407395e+02 3.009700188813038721e+02 2.566368944058702368e+02 2.146311720397520446e+02 1.781811434289904810e+02 1.477613682097299090e+02 1.227450011040660343e+02 1.022294199012336833e+02 8.535773828859416312e+01 7.141242466289102708e+01 5.982153236614072966e+01 5.013747867663490609e+01 4.201121342270278802e+01 3.516930744752331606e+01 2.939566000784790134e+01 2.451753548068147737e+01 2.039511854995451756e+01 1.691376910569040248e+01 1.397829703247898436e+01 1.150873204975712483e+01 9.437195080904956512e+00 7.705578782186147002e+00 6.263819964033300103e+00 5.068601946857005380e+00 4.082365980041054776e+00 3.272541895334075690e+00 2.610932029023925516e+00 2.073200988190549321e+00 1.638438232841260334e+00 1.288771468412969412e+00 1.009017049628986085e+00 7.863594497256163329e-01 6.100557752387695265e-01 4.711637128985341483e-01 3.622925637924498954e-01 2.773774933262017073e-01 2.114770934342901643e-01 1.605940456853857390e-01 1.215182596260839937e-01 9.169145398426532811e-02 6.909181726026532300e-02 5.213716178196464712e-02 3.960487953393485722e-02 3.056701159828060718e-02 2.433884010648086973e-02 2.043958349800486726e-02 1.856400395612855733e-02 1.856400395612855733e-02
2.716056177199665171e+02 2.716056177199665171e+02 2.651482526881015360e+02 2.511033569746749663e+02 2.291614524862052065e+02 2.027857615496438655e+02 1.757488753289749184e+02 1.504386249789673116e+02 1.279078207625217374e+02 1.083851720603906585e+02 9.169747054191144287e+01 7.751891610204695837e+01 6.549539277987764763e+01 5.529790058479393622e+01 4.664055458863038695e+01 3.928253620046882588e+01 3.302367237618192064e+01 2.769814671199863199e+01 2.316827568730902698e+01 1.931906884508073929e+01 1.605374794981900521e+01 1.329017548673955851e+01 1.095806412506244598e+01 8.996823373194061446e+00 7.353909499870241895e+00 5.983563064018210476e+00 4.845838133179034557e+00 3.905845877166008506e+00 3.133151876347336273e+00 2.501280990283865968e+00 1.987295980523866801e+00 1.571426302944334497e+00 1.236731644941187147e+00 9.687909994266161728e-01 7.554125261548980674e-01 5.863623979852120582e-01 4.531125517797710001e-01 3.486080587780099882e-01 2.670549798588111590e-01 2.037293224927771151e-01 1.548072656257540869e-01 1.172163112817955766e-01 8.850655412764717178e-02 6.674088862794427812e-02 5.040272239954068922e-02 3.831963671538644867e-02 2.960142024943115957e-02 2.359098237730552008e-02 1.982680791974405360e-02 1.801582720220340841e-02 1.801582720220340841e-02
2.084340756067647931e+02 2.084340756067647931e+02 2.039959344571587962e+02 1.947874736188135785e+02 1.809266484786337230e+02 1.638828314239897566e+02 1.455559196924005505e+02 1.274728259634844392e+02 1.105687418214737079e+02 9.528721047472755856e+01 8.175238856146886235e+01 6.991136082405346031e+01 5.962752905046052376e+01 5.073457946762498949e+01 4.306470109146980718e+01 3.646170359885208967e+01 3.078591727214941542e+01 2.591493099117703736e+01 2.174242205236735259e+01 1.817627064707586015e+01 1.513655629003726233e+01 1.255371037373877918e+01 1.036692901517544207e+01 8.522864207196892750e+00 6.974570298302918303e+00 5.680665914465962807e+00 4.604667264911373792e+00 3.714451236259159295e+00 2.981812413630748448e+00 2.382085234265323592e+00 1.893809700576399191e+00 1.498425721744295114e+00 1.179986783791144633e+00 9.248880621384328871e-01 7.216072606729014849e-01 5.604584899805123976e-01 4.333605708720144611e-01 3.336214931815491558e-01 2.557406019966124155e-01 1.952296286598756425e-01 1.484530980251612675e-01 1.124880485524421408e-01 8.500247780193444236e-02 6.415151684975183011e-02 4.849005970194902870e-02 3.690042564556821059e-02 2.853359977257597865e-02 2.276266047554940247e-02 1.914714161037681106e-02 1.740727232415687289e-02 1.740727232415687289e-02
1.654485100338990264e+02 1.654485100338990264e+02 1.622902919453699155e+02 1.559086153903857337e+02 1.464887178311539913e+02 1.347741512496338316e+02 1.217955854615475602e+02 1.085113963280151239e+02 9.562766953921430968e+01 8.357938861854121626e+01 7.258570828744673520e+01 6.271920190449176857e+01 5.396359866728252541e+01 4.625443983404068149e+01 3.950497932889540920e+01 3.362147744435055330e+01 2.851157665330437752e+01 2.408845012887411130e+01 2.027250529301151261e+01 1.699175582878846313e+01 1.418152802933615853e+01 1.178388344514761954e+01 9.746965710398473703e+00 8.024375444032044058e+00 6.574616704975475123e+00 5.360624814801457916e+00 4.349368037919619567e+00 3.511508205828860696e+00 2.821103859912787559e+00 2.255341270793746578e+00 1.794282057897611971e+00 1.420619949063101073e+00 1.119442770703867218e+00 8.779986406032922464e-01 6.854673810353092422e-01 5.327393817899207518e-01 4.122046321500607569e-01 3.175545754474031757e-01 2.435990022738445393e-01 1.860995571808701787e-01 1.416207267452835317e-01 1.073985048308542800e-01 8.122635776710171451e-02 6.135767102684965002e-02 4.642355877691026200e-02 3.536475147671651331e-02 2.737622772926640718e-02 2.186330404085311957e-02 1.840801885644309174e-02 1.674482541162338606e-02 1.674482541162338606e-02
1.344448120535832913e+02 1.344448120535832913e+02 1.321300028047178046e+02 1.275197633120381369e+02 1.207818979750854709e+02 1.123466737522436034e+02 1.028174242679128980e+02 9.280751369419238017e+01 8.282625062107135250e+01 7.323812021558973129e+01 6.427106763645353738e+01 5.604542554801007981e+01 4.860566156536668814e+01 4.194711661430762462e+01 3.603579170435887846e+01 3.082185146791938024e+01 2.624830001792531675e+01 2.225626454835520462e+01 1.878803411294871140e+01 1.578868245033717521e+01 1.320683764833272988e+01 1.099496364097624834e+01 9.109380499419938104e+00 7.510158027406967918e+00 6.160957290601517755e+00 5.028857320209844772e+00 4.084182068030209223e+00 3.300330648896915076e+00 2.653608412052435028e+00 2.123054912975033126e+00 1.690265628445501322e+00 1.339206033047529720e+00 1.056018616515038699e+00 8.288250795638462121e-01 6.475270639469860035e-01 5.036092949223049953e-01 3.899490036909954993e-01 3.006350792483259426e-01 2.307997206508444754e-01 1.764645602348147158e-01 1.344024197277831623e-01 1.020151257342963996e-01 7.722719889027225559e-02 5.839476470470945230e-02 4.422871610999080244e-02 3.373097677834993591e-02 2.614265118174433772e-02 2.090288011321898148e-02 1.761732743416945593e-02 1.603538533526488452e-02 1.603538533526488452e-02
1.111302428077159448e+02 1.111302428077159448e+02 1.093896760318281451e+02 1.059494847782648606e+02 1.009449366077334531e+02 9.464984234592445489e+01 8.744254118084130312e+01 7.972857418343966174e+01 7.187306423880760065e+01 6.416477532247294846e+01 5.680852207011334798e+01 4.993431144743810535e+01 4.361304072580228564e+01 3.787258719291474307e+01 3.271148737126267037e+01 2.810944140429431570e+01 2.403486378611338381e+01 2.045005592144987716e+01 1.731461568824063946e+01 1.458761113866748893e+01 1.222892419225306959e+01 1.020005655326414029e+01 8.464597857455020247e+00 6.988486792664531322e+00 5.740146646246992113e+00 4.690543278012023976e+00 3.813191981373247330e+00 3.084126776177298357e+00 2.481838725336897422e+00 1.987186815353620295e+00 1.583284215206569812e+00 1.255363179908509874e+00 9.906227063992925075e-01 7.780637928489446686e-01 6.083175476711574214e-01 4.734713648733161473e-01 3.668979650486415278e-01 2.830913950902044229e-01 2.175132054310865981e-01 1.664510960101542314e-01 1.268914345902318330e-01 9.640626857475724509e-02 7.305481173915544246e-02 5.529890416787536928e-02 4.193161369571232061e-02 3.201795539667984247e-02 2.484663112687490391e-02 1.989171101715804871e-02 1.678327117414059669e-02 1.528614740030112724e-02 1.528614740030112724e-02
9.304590478358436201e+01 9.304590478358436201e+01 9.170762438433175134e+01 8.907257364113310416e+01 8.524596427958812228e+01 8.041389574784903971e+01 7.482786262431186231e+01 6.876574046646773297e+01 6.249199942049519763e+01 5.623113633230007480e+01 5.015657029254241195e+01 4.439101720271861495e+01 3.901316494852996897e+01 3.406662763761031698e+01 2.956877247862946589e+01 2.551829335557829381e+01 2.190120267271069210e+01 1.869532529602675908e+01 1.587354570168135304e+01 1.340609319783879982e+01 1.126212180113628669e+01 9.410791188143766917e+00 7.822003192554007889e+00 6.466903229389054708e+00 5.318220501541618184e+00 4.350494762100500346e+00 3.540219464000423866e+00 2.865919646026022338e+00 2.308176204380494756e+00 1.849604784181148931e+00 1.474796154700610540e+00 1.170224649133028816e+00 9.241313756548714675e-01 7.263890134339687776e-01 5.683548717392425953e-01 4.427184424435790522e-01 3.433489461538588583e-01 2.651474444065049507e-01 2.039070678443384577e-01 1.561838894422558355e-01 1.191800297851253881e-01 9.063976939694194657e-02 6.875878833297870141e-02 5.210616215274535556e-02 3.955840771794964794e-02 3.024467401131622837e-02 2.350209032169210677e-02 1.884029309906922606e-02 1.591423197518160304e-02 1.450448582613726028e-02 1.450448582613726028e-02
7.868267578185457012e+01 7.868267578185457012e+01 7.763340183769290093e+01 7.557086538662595387e+01 7.257620795981418382e+01 6.878194459060647148e+01 6.436344527115129210e+01 5.951778834921275774e+01 5.443989001461503818e+01 4.930394931043483808e+01 4.425311721922886932e+01 3.939650520011831958e+01 3.481114008221815936e+01 3.054649279574611853e+01 2.662984669967729090e+01 2.307147129542398289e+01 1.986910647303460919e+01 1.701160615844745294e+01 1.448177692121796767e+01 1.225852928943322695e+01 1.031848079353307313e+01 8.637140043860837224e+00 7.189778725311318119e+00 5.952073413053194706e+00 4.900576597010975810e+00 4.013058260707718539e+00 3.268746139503396542e+00 2.648483878418304904e+00 2.134820841681637660e+00 1.712044326111366699e+00 1.366163504774094983e+00 1.084853845260791871e+00 8.573704751583289818e-01 6.744386676068494513e-01 5.281291200741864422e-01 4.117249539708168204e-01 3.195864075468773935e-01 2.470181089430528998e-01 1.901426917569509767e-01 1.457834352718139215e-01 1.113576391685793393e-01 8.478161869616165913e-02 6.438754897132124844e-02 4.885189709639801287e-02 3.713484561029962994e-02 2.842991076180073975e-02 2.212287090952064564e-02 1.775912073264874699e-02 1.501863445945842042e-02 1.369783769206782929e-02 1.369783769206782929e-02
6.706260114133736749e+01 6.706260114133736749e+01 6.622563135454872452e+01 6.458129441336521381e+01 6.219236633211974663e+01 5.915653992512550730e+01 5.560096440909340032e+01 5.166989284164002783e+01 4.750987504974884956e+01 4.325696521582423060e+01 3.902826862082695669e+01 3.491803734639293566e+01 3.099733683122340011e+01 2.731597884123243247e+01 2.390558047059479918e+01 2.078294349428054844e+01 1.795327356229591231e+01 1.541300511910726456e+01 1.315215757805273178e+01 1.115623795659606898e+01 9.407746733153249608e+00 7.887355900481688664e+00 6.574824675782456218e+00 5.449707945153163813e+00 4.491900522059354195e+00 3.682049452832128811e+00 3.001858073052428466e+00 2.434299508065115525e+00 1.963753494425999779e+00 1.576078223096921471e+00 1.258627777869214093e+00 1.000225149213267883e+00 7.911003608170861234e-01 6.228027149601802481e-01 4.880954327864982512e-01 3.808400239438776702e-01 2.958766164225407613e-01 2.289052914972487807e-01 1.763722848805339694e-01 1.353638070821467643e-01 1.035092564655278602e-01 7.889477939389798189e-02 5.998748414823230207e-02 4.557013486894603144e-02 3.468582338543106658e-02 2.659191918904854970e-02 2.072250751977423519e-02 1.665851955579550348e-02 1.410481622789255818e-02 1.287359079293802500e-02 1.287359079293802500e-02
5.752347566629143927e+01 5.752347566629143927e+01 5.684556956614578382e+01 5.551365456503739182e+01 5.357673261740051629e+01 5.110884008860398353e+01 4.820517634913112914e+01 4.497435076622441841e+01 4.152882048777762236e+01 3.797599957737730136e+01 3.441166379366174510e+01 3.091614662698612648e+01 2.755301600330551892e+01 2.436955940484540761e+01 2.139837031563548564e+01 1.865945959462348469e+01 1.616249266696457454e+01 1.390891367407717816e+01 1.189383762984505033e+01 1.010767005037780741e+01 8.537458509270077656e+00 7.168002164262569309e+00 5.982752337943586518e+00 4.964536347378533776e+00 4.096132428607753617e+00 3.360718489706045808e+00 2.742212953441230727e+00 2.225522650161617211e+00 1.796710597172391344e+00 1.443095285505454628e+00 1.153292431891671743e+00 9.172097110485220028e-01 7.260045136197180726e-01 5.720141347266488596e-01 4.486669380824807596e-01 3.503819834911773845e-01 2.724634169475312340e-01 2.109946851832490700e-01 1.627364310290253246e-01 1.250308176057922938e-01 9.571406358644854451e-02 7.303817225831277238e-02 5.560220996204126576e-02 4.229302633230153791e-02 3.223499275103719475e-02 2.474814425155192482e-02 1.931402064013079331e-02 1.554849241525533415e-02 1.318090634356320311e-02 1.203897766642550958e-02 1.203897766642550958e-02
4.960034580446027519e+01 4.960034580446027519e+01 4.904370635273581058e+01 4.794967724872756776e+01 4.635697158420042996e+01 4.432302262288588679e+01 4.192107068509808698e+01 3.923497266646639048e+01 3.635275686316948907e+01 3.336032376330582139e+01 3.033637398357658199e+01 2.734905491300817459e+01 2.445430542635610038e+01 2.169557922244083770e+01 1.910452750970471314e+01 1.670224948290904621e+01 1.450080449154015660e+01 1.250477595678246523e+01 1.071275986283419712e+01 9.118711865324719668e+00 7.713127305384146482e+00 6.484051955975504100e+00 5.417933197027761771e+00 4.500325950948506737e+00 3.716468453946864869e+00 3.051742023400839887e+00 2.492027706328344028e+00 2.023971669366035897e+00 1.635170575326947873e+00 1.314287894916125188e+00 1.051111934915325952e+00 8.365661377522777276e-01 6.626817879902173747e-01 5.225425883364894775e-01 4.102096476573768302e-01 3.206343110916964334e-01 2.495650386257105280e-01 1.934532897836968579e-01 1.493621759160820572e-01 1.148805568361709328e-01 8.804432396380974801e-02 6.726584524218404137e-02 5.127194966496867456e-02 3.905039022390695280e-02 2.980442506882733170e-02 2.291497560157275057e-02 1.790973406274447288e-02 1.443858084357400005e-02 1.225471427578004278e-02 1.120097769761329611e-02 1.120097769761329611e-02
4.295667011898655829e+01 4.295667011898655829e+01 4.249390919200963879e+01 4.158398621884582269e+01 4.025791247426454333e+01 3.856117737943766599e+01 3.655147596319039138e+01 3.429503537403627433e+01 3.186208176055407293e+01 2.932226299463952301e+01 2.674073852251973804e+01 2.417534203667407411e+01 2.167490681352266080e+01 1.927862216194466427e+01 1.701618243183681756e+01 1.490847161209985750e+01 1.296855930372609045e+01 1.120283673378502698e+01 9.612174871656751662e+00 8.193031085476746966e+00 6.938463358493598854e+00 5.839032776430108207e+00 4.883588217140093057e+00 4.059934577866052052e+00 3.355389724116239147e+00 2.757237283022952568e+00 2.253083469249135717e+00 1.831126865898604406e+00 1.480350687668687604e+00 1.190647532564985012e+00 9.528869037132593478e-01 7.589357720086393755e-01 6.016421093395218911e-01 4.747906576677451418e-01 3.730392635408524282e-01 2.918429825327752969e-01 2.273719365315572671e-01 1.764276780867859162e-01 1.363616537651519967e-01 1.049983167656589750e-01 8.056454968762639945e-02 6.162633470850104045e-02 4.703304815283697315e-02 3.586934697840853115e-02 2.741433665434840627e-02 2.110754163492631688e-02 1.652111916184303281e-02 1.333774426231801140e-02 1.133363109117499316e-02 1.036622893873157848e-02 1.036622893873157848e-02
3.734246742990076484e+01 3.734246742990076484e+01 3.695336642796365112e+01 3.618793764377979016e+01 3.507139826947439332e+01 3.364047870867295842e+01 3.194160424846918644e+01 3.002816951253966593e+01 2.795721735514095485e+01 2.578601704985194232e+01 2.356901399956558052e+01 2.135546436285422445e+01 1.918787490134443274e+01 1.710121199429937278e+01 1.512275045367341697e+01 1.327239754385078108e+01 1.156333227401433739e+01 1.000282558529518795e+01 8.593139262963857661e+00 7.332431797951193708e+00 6.215624190616845013e+00 5.235197036015289740e+00 4.381902940163218574e+00 3.645386762099606770e+00 3.014711725238906403e+00 2.478793181007470370e+00 2.026744468993536774e+00 1.648141311716519342e+00 1.333212689592689681e+00 1.072967208339673295e+00 8.592645896376057690e-01 6.848420798886689642e-01 5.433053043881844735e-01 4.290924540394608910e-01 3.374197658733991134e-01 2.642151488943507154e-01 2.060456143749883340e-01 1.600429838974625485e-01 1.238312394538920586e-01 9.545789548432886962e-02 7.333093992211311973e-02 5.616221870084050355e-02 4.291762085948766514e-02 3.277404547704822896e-02 2.508287749015210288e-02 1.933954628634504055e-02 1.515866773416462733e-02 1.225425843152587978e-02 1.042454427926512231e-02 9.540950908943468534e-03 9.540950908943468534e-03
3.256787457773286576e+01 3.256787457773286576e+01 3.223725227607048538e+01 3.158660524952917470e+01 3.063676543906260719e+01 2.941794111126590749e+01 2.796823015713523830e+01 2.633151395731068689e+01 2.455492876405653391e+01 2.268623042802074607e+01 2.077137331192895786e+01 1.885254047522176535e+01 1.696674331983026107e+01 1.514500035094011388e+01 1.341202963695641337e+01 1.178635132507498007e+01 1.028068752747110537e+01 8.902556116819880572e+00 7.654972817875264290e+00 6.537195785819516658e+00 5.545464908799629278e+00 4.673702863737715596e+00 3.914156350787280747e+00 3.257964447170510258e+00 2.695647354085301650e+00 2.217513584489239520e+00 1.813987302334725715e+00 1.475860342900824573e+00 1.194475553317203564e+00 9.618495515799432294e-01 7.707438477069518123e-01 6.146935488303681971e-01 4.880026526719178359e-01 3.857143174152851683e-01 3.035635923060821528e-01 2.379190163269266911e-01 1.857183473689125452e-01 1.444025580778447726e-01 1.118511923139104275e-01 8.632125985965968806e-02 6.639107833671800685e-02 5.090985537962221252e-02 3.895333362397158938e-02 2.978548132066870940e-02 2.282598313100927395e-02 1.762314897704602215e-02 1.383179414210779744e-02 1.119563399475781949e-02 9.533767103665857431e-03 8.730879293724843476e-03 8.730879293724843476e-03
2.848588018267921029e+01 2.848588018267921029e+01 2.820215948674657014e+01 2.764364193042293039e+01 2.682782096228470436e+01 2.577998975041439778e+01 2.453199940114448907e+01 2.312057154373305323e+01 2.158530206518991434e+01 1.996656953199397222e+01 1.830357371396173249e+01 1.663268404281121704e+01 1.498620300068522582e+01 1.339157384651476690e+01 1.187100357231163450e+01 1.044143643542254374e+01 9.114798573017372618e+00 7.898434191909028179e+00 6.795662419562078504e+00 5.806396187428673805e+00 4.927777321267180710e+00 4.154793672729628184e+00 3.480854027259340455e+00 2.898304642958885236e+00 2.398877841163228997e+00 1.974068352228233847e+00 1.615437335830234300e+00 1.314847285181267367e+00 1.064633474601404339e+00 8.577192809792998363e-01 6.876836666725245628e-01 5.487894377424531456e-01 4.359806930211857501e-01 3.448572780894677003e-01 2.716331806182344932e-01 2.130847698402275892e-01 1.664936971957016176e-01 1.295882199430365145e-01 1.004857432690652308e-01 7.763853522868394141e-02 5.978386939589919180e-02 4.589929414775714006e-02 3.516330601507769438e-02 2.692140240536341350e-02 2.065728763142535285e-02 1.596888678000030898e-02 1.254876656910316503e-02 1.016855538062750967e-02 8.666982936041567331e-03 7.941213096727567713e-03 7.941213096727567713e-03
2.498072331798114831e+01 2.498072331798114831e+01 2.473494875238055002e+01 2.425103524462897653e+01 2.354392266460303063e+01 2.263516685954948926e+01 2.155187871293543722e+01 2.032532626227257211e+01 1.898930365675623833e+01 1.757842068247396838e+01 1.612647793177311328e+01 1.466506636887472759e+01 1.322248109091554191e+01 1.182298536535305011e+01 1.048641559424607550e+01 9.228086717326775101e+00 8.058941005124355073e+00 6.985878311795886475e+00 6.012208783296979497e+00 5.138176260611444057e+00 4.361509627337977868e+00 3.677968543599150042e+00 3.081858557814211697e+00 2.566498153057942933e+00 2.124626780503874546e+00 1.748748378419651361e+00 1.431409317527078562e+00 1.165413198198260725e+00 9.439775001783393682e-01 7.608388135711914302e-01 6.103143455623274427e-01 4.873277104872723586e-01 3.874067999917530369e-01 3.066609319885901797e-01 2.417436256936466021e-01 1.898063652811504687e-01 1.484476959163588961e-01 1.156610187682436675e-01 8.978356700141923441e-02 6.944828276907830111e-02 5.353968741336070231e-02 4.115434248658127875e-02 3.156612740105398107e-02 2.419629520285018071e-02 1.858809363182574795e-02 1.438563673452492378e-02 1.131666641503058582e-02 9.178839758268192428e-03 7.829204674139762440e-03 7.176574491443728394e-03 7.176574491443728394e-03
2.195990082141633337e+01 2.195990082141633337e+01 2.174505256344113846e+01 2.132200057458098641e+01 2.070372661590521091e+01 1.990892860651961627e+01 1.896109173534131287e+01 1.788729286032061694e+01 1.671682336748877162e+01 1.547974863010692914e+01 1.420553079965701926e+01 1.292182483246682345e+01 1.165352373512879502e+01 1.042208942646078285e+01 9.245169804071657893e+00 8.136475853224562016e+00 7.105876298483027043e+00 6.159660153177858533e+00 5.300917216170324409e+00 4.529990651534769874e+00 3.844962253557364651e+00 3.242138423206813780e+00 2.716512363320445544e+00 2.262185018044332807e+00 1.872733557017211670e+00 1.541521592747017833e+00 1.261949755233018555e+00 1.027648716637711290e+00 8.326192890864508866e-01 6.713258775522800148e-01 5.387504595962001597e-01 4.304145122105924037e-01 3.423760559696502614e-01 2.712083815919589802e-01 2.139661978171071566e-01 1.681440071199967468e-01 1.316305687411706560e-01 1.026624134974709890e-01 7.977857498031203087e-02 6.177802034976429685e-02 4.768070832759375294e-02 3.669276842863160304e-02 2.817597260748554849e-02 2.162144337144160031e-02 1.662739445518599674e-02 1.288061528419552799e-02 1.014137420060786006e-02 8.231415230461188934e-03 7.024748891633060717e-03 6.440981282559601721e-03 6.440981282559601721e-03
1.934853726319166256e+01 1.934853726319166256e+01 1.915904391523130101e+01 1.878594174180927467e+01 1.824071257388642309e+01 1.753986525286256182e+01 1.670410066315339392e+01 1.575725675342577858e+01 1.472510837896784075e+01 1.363411886631632797e+01 1.251024562661326200e+01 1.137788966491279652e+01 1.025905342169212453e+01 9.172740677908675977e+00 8.134603182567405000e+00 7.156815638891328213e+00 6.248145402777008250e+00 5.414175367060301447e+00 4.657636599473914174e+00 3.978809620969313787e+00 3.375958147655990338e+00 2.845765405009282212e+00 2.383749846846327625e+00 1.984643662675010578e+00 1.642723443744955603e+00 1.352087565123308632e+00 1.106879102532323023e+00 9.014563978895194785e-01 7.305157422598438366e-01 5.891721378994211333e-01 4.730048499832423259e-01 3.780746042053120815e-01 3.009189778093370182e-01 2.385319127248357318e-01 1.883324782211805160e-01 1.481271332004126529e-01 1.160688658409188417e-01 9.061577747527854720e-02 7.049096318717354426e-02 5.464494040779600825e-02 4.222139208538455701e-02 3.252661680220169521e-02 2.500280251583715876e-02 1.920504911232852330e-02 1.478194208211326341e-02 1.145941105420681359e-02 9.027579749432778841e-03 7.330317085190057522e-03 6.257224158395615667e-03 5.737831627348600680e-03 5.737831627348600680e-03
1.708533961142036617e+01 1.708533961142036617e+01 1.691672644420341598e+01 1.658480695391618909e+01 1.609992166013787696e+01 1.547690906984098191e+01 1.473433392358947280e+01 1.389352724872691880e+01 1.297750797714521021e+01 1.200987071694398622e+01 1.101372660880137744e+01 1.001077321213150739e+01 9.020548448762705007e+00 8.059898262516568934e+00 7.142663102770928418e+00 6.279568263091399594e+00 5.478289183605006940e+00 4.743655125648967186e+00 4.077952227780914818e+00 3.481288523250763767e+00 2.951987695865980754e+00 2.486984020856606747e+00 2.082197183830767351e+00 1.732871846900212454e+00 1.433872497957105807e+00 1.179929005208602222e+00 9.658322634938004692e-01 7.865823227798866002e-01 6.374934718999375471e-01 5.142620077755941654e-01 4.130029835759121970e-01 3.302622473797470204e-01 2.630097053361403203e-01 2.086191083434012494e-01 1.648388868366088000e-01 1.297577387326984688e-01 1.017678795899487898e-01 7.952813802727952408e-02 6.192844950377621865e-02 4.805677853603073507e-02 3.716908301924570779e-02 2.866261663562151216e-02 2.205263424965011113e-02 1.695240700673046608e-02 1.305635435704440364e-02 1.012604678123270666e-02 7.978814078700409776e-03 6.478700553737702823e-03 5.529532569180726186e-03 5.069900409403700625e-03 5.069900409403700625e-03
1.511963779656810303e+01 1.511963779656810303e+01 1.496826876772308168e+01 1.467040658466499892e+01 1.423553709812710366e+01 1.367723968288331093e+01 1.301245300417323136e+01 1.226057471863549964e+01 1.144246359251429546e+01 1.057942222966708812e+01 9.692237919488404074e+00 8.800347867758476994e+00 7.921176057821011085e+00 7.069666538077583162e+00 6.258016280213018590e+00 5.495592947545044460e+00 4.789010461856746836e+00 4.142328331629225424e+00 3.557338595648260604e+00 3.033905814206686813e+00 2.570329599175309454e+00 2.163704632303718345e+00 1.810259107072201168e+00 1.505658400093979665e+00 1.245266097134267724e+00 1.024359005017031254e+00 8.382963532832830023e-01 6.826460146438241283e-01 5.532723160126190587e-01 4.463909874282275814e-01 3.585971480613548423e-01 2.868721080127840661e-01 2.285743165486492090e-01 1.814191392346572729e-01 1.434514029007643854e-01 1.130138885379883829e-01 8.871423407822945362e-02 6.939206705644658524e-02 5.408763937874416783e-02 4.201278838403348093e-02 3.252469655785735630e-02 2.510265743661783608e-02 1.932786544206176529e-02 1.486611978642798058e-02 1.145325437353405043e-02 8.883065812210570386e-03 6.997500171589961238e-03 5.678868359202421390e-03 4.843883452411202467e-03 4.439346496569584327e-03 4.439346496569584327e-03
1.340918372450928686e+01 1.340918372450928686e+01 1.327206929687147507e+01 1.300240650835342038e+01 1.260906172221555366e+01 1.210468957278688684e+01 1.150501366058530728e+01 1.082795689076620071e+01 1.009269181390750880e+01 9.318687004214497804e+00 8.524821638321709472e+00 7.728627648385782756e+00 6.945699904290827398e+00 6.189293663748705043e+00 5.470108638968205206e+00 4.796243030033766175e+00 4.173289998297538439e+00 3.604543363089144581e+00 3.091278086072863029e+00 2.633073263345192760e+00 2.228149711736011174e+00 1.873699767787324610e+00 1.566192782199588018e+00 1.301645384735004907e+00 1.075850523746621157e+00 8.845633378215259635e-01 7.236450212079406086e-01 5.891680281823058474e-01 4.774873207580301870e-01 3.852830342509517836e-01 3.095800672685752319e-01 2.477498453731108996e-01 1.974989955102346706e-01 1.568490145455860296e-01 1.241103087821402162e-01 9.785328663667755555e-02 7.687854719084921684e-02 6.018764765203766381e-02 4.695546403077446168e-02 3.650478192549985040e-02 2.828346258170614733e-02 2.184431314506319124e-02 1.682763773322369302e-02 1.294634580183290883e-02 9.973435106894265254e-03 7.731638592400605879e-03 6.085019576759007412e-03 4.932311106166250257e-03 4.201817946054379853e-03 3.847729901049145706e-03 3.847729901049145706e-03
1.191848919556170294e+01 1.191848919556170294e+01 1.179314084949800545e+01 1.154680390518379518e+01 1.118792462363302498e+01 1.072851332017466675e+01 1.018341887527054723e+01 9.569464392108439910e+00 8.904519226368854845e+00 8.206584594721229919e+00 7.492962412127068816e+00 6.779561519986544660e+00 6.080375253362174881e+00 5.407143121879314229e+00 4.769190523177476493e+00 4.173426008029084144e+00 3.624466519638583684e+00 3.124857015301080398e+00 2.675351050035155609e+00 2.275222071872183172e+00 1.922580159613168194e+00 1.614674709276387565e+00 1.348169370237690901e+00 1.119380820311767000e+00 9.244774432761859728e-01 7.596374990084148182e-01 6.211689497800861881e-01 5.055948055923780160e-01 4.097088058855876680e-01 3.306066155533174400e-01 2.656976326373898245e-01 2.127021236004558447e-01 1.696378395452089738e-01 1.347996186533740592e-01 1.067348183598814393e-01 8.421679410990512427e-02 6.621808060389391959e-02 5.188445184837205126e-02 4.051064213241288570e-02 3.151819851586490362e-02 2.443569850469332061e-02 1.888139422207424020e-02 1.454822548691036763e-02 1.119106830845909353e-02 8.616042509027806856e-03 6.671684540181574592e-03 5.241791865643078904e-03 4.239758521529937881e-03 3.604243101555636760e-03 3.296037792248906161e-03 3.296037792248906161e-03
1.061755272902215097e+01 1.061755272902215097e+01 1.050187087843077194e+01 1.027475282091014464e+01 9.944400747032407395e+00 9.522424726307356480e+00 9.023089898229228467e+00 8.462433782482042588e+00 7.857336979203018323e+00 7.224628508159121054e+00 6.580294872358650515e+00 5.938842495840424895e+00 5.312840482936329600e+00 4.712648682095070818e+00 4.146317871195036808e+00 3.619636176306217035e+00 3.136288900394752943e+00 2.698097086247422283e+00 2.305302146450896039e+00 1.956868401016291115e+00 1.650781136746825473e+00 1.384323870856161376e+00 1.154324189351686902e+00 9.573624339443829179e-01 7.899414410571656830e-01 6.486184623326561871e-01 5.301023897298487997e-01 4.313206012452230897e-01 3.494602925389925230e-01 2.819892247719857359e-01 2.266605467933549833e-01 1.815058661040990784e-01 1.448201491172436128e-01 1.151414029181964394e-01 9.122748198210975379e-02 7.203180805333227188e-02 5.667930852907527434e-02 4.444347551838934152e-02 3.472512339554599536e-02 2.703317116396141903e-02 2.096758846133921217e-02 1.620451044674144081e-02 1.248343713323966236e-02 9.596377594839443012e-03 7.378770728479989646e-03 5.702004962916588579e-03 4.467363942327500989e-03 3.601239540442794252e-03 3.051474065776975646e-03 2.784718205701594042e-03 2.784718205701594042e-03
9.480871050155199597e+00 9.480871050155199597e+00 9.373056924439080007e+00 9.161646671313768309e+00 8.854761552668037439e+00 8.463833412761905706e+00 8.002801857563774490e+00 7.487189488963653439e+00 6.933150189289765564e+00 6.356578429043078238e+00 5.772349312342350380e+00 5.193734186915394346e+00 4.632010348585456683e+00 4.096260112736882064e+00 3.593337120952186936e+00 3.127967200192735664e+00 2.702946927083546669e+00 2.319403921921443068e+00 1.977087142414300391e+00 1.674661497488919792e+00 1.409987704588407942e+00 1.180374600131338880e+00 9.827965664234159515e-01 8.140731232382817373e-01 6.710110099268448147e-01 5.505113385692689265e-01 4.496457810213197459e-01 3.657064386264868849e-01 2.962342072782724878e-01 2.390302503877551610e-01 1.921547609919457833e-01 1.539166375139877363e-01 1.228570948604710000e-01 9.772963935822960579e-02 7.747828853064164800e-02 6.121543550371934955e-02 4.820035127018294091e-02 3.781898723953926178e-02 2.956548011576726892e-02 2.302556373666952289e-02 1.786194852761081864e-02 1.380162937303045477e-02 1.062501793803170141e-02 8.156757821909098663e-03 6.258063686848584425e-03 4.820422930387324896e-03 3.760506374281814574e-03 3.016149233922695537e-03 2.543282924571333564e-03 2.313720261458090434e-03 2.313720261458090434e-03
8.486661669908167838e+00 8.486661669908167838e+00 8.385146286482667577e+00 8.186391737240990452e+00 7.898598110329974276e+00 7.533231386132510643e+00 7.104144622008099041e+00 6.626585713151075474e+00 6.116202964080644122e+00 5.588145802106794235e+00 5.056331337977622020e+00 4.532915240166596860e+00 4.027974460839370607e+00 3.549384704977591731e+00 3.102859490130728481e+00 2.692110155498908419e+00 2.319085658814896700e+00 1.984255225398252165e+00 1.686903716920505891e+00 1.425417232957065572e+00 1.197543765539738292e+00 1.000620023786255475e+00 8.317605508344564358e-01 6.880089480538306157e-01 5.664535318318129065e-01 4.643112754786640761e-01 3.789846510615364483e-01 3.080961877752799727e-01 2.495053821156037466e-01 2.013121746402909418e-01 1.618506592145917689e-01 1.296760945211318516e-01 1.035477002229393401e-01 8.240917702631238295e-02 6.536841086399858280e-02 5.167741536303887412e-02 4.071323382919475597e-02 3.196025822855769194e-02 2.499422002290050890e-02 1.946795795083081093e-02 1.509896153514752801e-02 1.165861780205345449e-02 8.963044722659727070e-03 6.865371517628076140e-03 5.249317816790432904e-03 4.023926395255907583e-03 3.119314119538574986e-03 2.483320709875829792e-03 2.078952724150118572e-03 1.882539674386873299e-03 1.882539674386873299e-03
7.616243892046516528e+00 7.616243892046516528e+00 7.519628932268870969e+00 7.330824038012456079e+00 7.058273963963297426e+00 6.713693192104803309e+00 6.311079704871993989e+00 5.865626534435073758e+00 5.392664323868767262e+00 4.906744192269793636e+00 4.420931803857212294e+00 3.946341529234363765e+00 3.491903155784188417e+00 3.064328094463871111e+00 2.668228670923746826e+00 2.306341126408696152e+00 1.979807221011008034e+00 1.688477548943064122e+00 1.431209201933815178e+00 1.206139497762533264e+00 1.010925183946383976e+00 8.429424910276778204e-01 6.994476803064036963e-01 5.777005358576257077e-01 4.750548896979092661e-01 3.890210393961634483e-01 3.173050804465334385e-01 2.578299423983308469e-01 2.087424500644498304e-01 1.684101467753023884e-01 1.354109978597773101e-01 1.085184925892875990e-01 8.668411456110634850e-02 6.901867060048783031e-02 5.477356298388570688e-02 4.332275824826378741e-02 3.414594247786085363e-02 2.681314997639980269e-02 2.097100083461718445e-02 1.633057406643092374e-02 1.265686852592854024e-02 9.759756120281393860e-03 7.486304677014404656e-03 5.714335757747273856e-03 4.347081539959386266e-03 3.308811288347726816e-03 2.541309230921814499e-03 2.001100168785887191e-03 1.657335356018861542e-03 1.490268386006187839e-03 1.490268386006187839e-03
6.853540034379209445e+00 6.853540034379209445e+00 6.760546506595344951e+00 6.579234636472304665e+00 6.318476178602409732e+00 5.990462504416257161e+00 5.609571275911761745e+00 5.191147809145413738e+00 4.750363921054303162e+00 4.301277914693637960e+00 3.856164145810707211e+00 3.425125795988656741e+00 3.015962130643575989e+00 2.634236712946049330e+00 2.283484730982831223e+00 1.965501284719869846e+00 1.680662884141941094e+00 1.428247126689351054e+00 1.206727652106969861e+00 1.014031536071635875e+00 8.477538244123373756e-01 7.053290734925601324e-01 5.841629669664513136e-01 4.817288094317077052e-01 3.956343958382603776e-01 3.236647806008866035e-01 2.638060911695733757e-01 2.142549378001289140e-01 1.734172922779345649e-01 1.399000251918399995e-01 1.124976521983045430e-01 9.017627073932685255e-02 7.205618040731581742e-02 5.739427381058374161e-02 4.556695571587664889e-02 3.605408860791274595e-02 2.842426332474920492e-02 2.232154448973357880e-02 1.745373303014985389e-02 1.358211371596630170e-02 1.051260723274018150e-02 8.088217651400655614e-03 6.182651988834757945e-03 4.694985201509454566e-03 3.545247763204745998e-03 2.670821762841527666e-03 2.023543419785178883e-03 1.567423521848942611e-03 1.276911919225723899e-03 1.135647144450176909e-03 1.135647144450176909e-03
6.184668759783137126e+00 6.184668759783137126e+00 6.094089937272509694e+00 5.917977218570475983e+00 5.665840672568295489e+00 5.350604492518534983e+00 4.987274658469639022e+00 4.591548620991016350e+00 4.178569476347584022e+00 3.761964347417484866e+00 3.353227124054190433e+00 2.961434496777969549e+00 2.593236660167905328e+00 2.253043294619569092e+00 1.943325983998289264e+00 1.664971395106885854e+00 1.417637449101643021e+00 1.200082061568382485e+00 1.010448172730050276e+00 8.464990027356505964e-01 7.058040904354266898e-01 5.858804798789610802e-01 4.842952301592640119e-01 3.987359417083524149e-01 3.270557415368401943e-01 2.672985152413103749e-01 2.177093486102837094e-01 1.767342884409202342e-01 1.430127289846318261e-01 1.153650161519322037e-01 9.277725052279461870e-02 7.438476240096165981e-02 5.945532039904584398e-02 4.737280843838806432e-02 3.762185239789100216e-02 2.977368512439411072e-02 2.347339604895632911e-02 1.842860920971104224e-02 1.439956284337684522e-02 1.119051738045345572e-02 8.642390939326491384e-03 6.626507364526764907e-03 5.039337641212757006e-03 3.798118111892048645e-03 2.837236298021925639e-03 2.105285173138074766e-03 1.562698564349207292e-03 1.179893032922392461e-03 9.358543969821015579e-04 8.171199412803976415e-04 8.171199412803976415e-04
5.597609541666143329e+00 5.597609541666143329e+00 5.508264879773027367e+00 5.335137857937535699e+00 5.088633224371968744e+00 4.782707881363545077e+00 4.433269656112903689e+00 4.056563425285200530e+00 3.667800551191799485e+00 3.280187199128862918e+00 2.904391943945351162e+00 2.548401737087323760e+00 2.217665732007084056e+00 1.915416044168708920e+00 1.643069675602806923e+00 1.400641840134381866e+00 1.187127262177482212e+00 1.000827355359329207e+00 8.396160678085825557e-01 7.011462792568051716e-01 5.830033940990669850e-01 4.828146535506372961e-01 3.983228538457067591e-01 3.274324206585146890e-01 2.682346680820300033e-01 2.190178633753668003e-01 1.782665819837389309e-01 1.446538412603410595e-01 1.170286656838086387e-01 9.440105623516829858e-02 7.592579555547591952e-02 6.088609747110024228e-02 4.867778470080841996e-02 3.879443291870993127e-02 3.081373722475237720e-02 2.438522474559027403e-02 1.921934359056809774e-02 1.507789472693775966e-02 1.176573218307934952e-02 9.123632687236687272e-03 7.022223799030792232e-03 5.356856250431436123e-03 4.043309063455739934e-03 3.014222583177236098e-03 2.216163933086959421e-03 1.607239915265954062e-03 1.155183670647238429e-03 8.358527547140446158e-04 6.320874789815777431e-04 5.328892749222872332e-04 5.328892749222872332e-04
5.081922328817404022e+00 5.081922328817404022e+00 4.992608922067431898e+00 4.820250959996624118e+00 4.576471045914590086e+00 4.276623793782575511e+00 3.937829165604133319e+00 3.577069071653068200e+00 3.209675944028757222e+00 2.848379916081412944e+00 2.502913667752847182e+00 2.180060228258711152e+00 1.883985865666446768e+00 1.616711207451742460e+00 1.378611440882250294e+00 1.168878502817733755e+00 9.859126146199903573e-01 8.276338792465894878e-01 6.917181150243487675e-01 5.757674237378047621e-01 4.774278831908492782e-01 3.944662521837240532e-01 3.248159989496254840e-01 2.666010744271698485e-01 2.181440378564272198e-01 1.779635699810016014e-01 1.447651229459941680e-01 1.174274416921017444e-01 9.498691112148942295e-02 7.662109363760083447e-02 6.163238219605602503e-02 4.943237079580417581e-02 3.952730956412076058e-02 3.150484364882857879e-02 2.502211714085235406e-02 1.979524271385054227e-02 1.559008440412919250e-02 1.221426810605924854e-02 9.510315925551038677e-03 7.349792524342904122e-03 5.628350954688336912e-03 4.261569393479301866e-03 3.181477629717923035e-03 2.333681096659865652e-03 1.675000393665690814e-03 1.171554588659894916e-03 7.972269234497264632e-04 5.324615652955453152e-04 3.633495659979421523e-04 2.809713059723740417e-04 2.809713059723740417e-04
4.628510014231173031e+00 4.628510014231173031e+00 4.537947649464187272e+00 4.364047954637838345e+00 4.120071908839714858e+00 3.823230630939998598e+00 3.492216257607561047e+00 3.144924076061109464e+00 2.796794984993244082e+00 2.459940478773431582e+00 2.142967656433189649e+00 1.851288954604219272e+00 1.587683511733919861e+00 1.352927750178758437e+00 1.146382586544964166e+00 9.664841937052589538e-01 8.111248757336702031e-01 6.779321553830726099e-01 5.644631538724141917e-01 4.683330606443529276e-01 3.872947018886425119e-01 3.192831627475025136e-01 2.624362565143925630e-01 2.150988652758628605e-01 1.758169480637772619e-01 1.433253073391805021e-01 1.165319415112723578e-01 9.450089647538131854e-02 7.643487720773188554e-02 6.165842197506003763e-02 4.960212277390164959e-02 3.978815650903830270e-02 3.181724306880081427e-02 2.535704791790988413e-02 2.013198365192151937e-02 1.591432601361360971e-02 1.251653835323541381e-02 9.784688519169094587e-03 7.592840265908879123e-03 5.838304671736549087e-03 4.437643784178800684e-03 3.323327324229355222e-03 2.440953161661022289e-03 1.746952295144588857e-03 1.206709110637104983e-03 7.930374100940739508e-04 4.849618282996057779e-04 2.667629060330157890e-04 1.272520380311126904e-04 5.925004196719810544e-05 5.925004196719810544e-05
4.229413747361786768e+00 4.229413747361786768e+00 4.136178761551554395e+00 3.958226702338962788e+00 3.711018707257252469e+00 3.414215717968051678e+00 3.088505848320147518e+00 2.752841552045068862e+00 2.422656767608677431e+00 2.109181098806697907e+00 1.819612218512842050e+00 1.557776364666175306e+00 1.324953536266417098e+00 1.120661564534114030e+00 9.433033622131675733e-01 7.906548361588773277e-01 6.602085342784378419e-01 5.494018050919302620e-01 4.557592111451506667e-01 3.769745470521522202e-01 3.109520631675463109e-01 2.558211788843762768e-01 2.099346830102984396e-01 1.718572094249715687e-01 1.403484801232987023e-01 1.143442148343803977e-01 9.293652559465907792e-02 7.535489403163586619e-02 6.094835596397882305e-02 4.916921185912245112e-02 3.955838737173661412e-02 3.173244751091845728e-02 2.537219593953151178e-02 2.021275030426038580e-02 1.603496445813027207e-02 1.265806123336229820e-02 9.933340685126882882e-03 7.738834744153366522e-03 5.974788217342513752e-03 4.559856612723288058e-03 3.427922288819381953e-03 2.525441481804045242e-03 1.809245539745215660e-03 1.244729699409559539e-03 8.043722039263889343e-04 4.665351967857967147e-04 2.145067270450119452e-04 3.575043662505256192e-05 -7.866396506581679979e-05 -1.344702099528581368e-04 -1.344702099528581368e-04
3.877632777182226320e+00 3.877632777182226320e+00 3.780074918465914369e+00 3.595230190908107915e+00 3.341527202008546471e+00 3.041865739182696871e+00 2.719431421686699046e+00 2.394303378780572533e+00 2.081626524677382406e+00 1.791318600452144860e+00 1.528778111775268567e+00 1.295995884579777435e+00 1.092659155296438867e+00 9.170551194549853014e-01 7.667296633466040845e-01 6.389294874296549409e-01 5.308784919859831364e-01 4.399377713206228946e-01 3.636885979557838433e-01 2.999668754243695057e-01 2.468684509649155812e-01 2.027379476622337140e-01 1.661491055123245075e-01 1.358815140801455656e-01 1.108966136026977439e-01 9.031457717353030823e-02 7.339290736106658664e-02 5.950711168420732416e-02 4.813354733761542742e-02 3.883437226118020141e-02 3.124445956518476231e-02 2.506009603812138498e-02 2.002927479439423758e-02 1.594339548419715716e-02 1.263019673514446245e-02 9.947760087705377618e-03 7.779440723159440629e-03 6.029596296483073249e-03 4.620000316063252802e-03 3.486840814700932750e-03 2.578217918330279277e-03 1.852065739807649131e-03 1.274434416536806202e-03 8.180776878534570893e-04 4.612996103545624941e-04 1.870215350196463404e-04 -1.796286931695380873e-05 -1.635709673342694700e-04 -2.568738657588528649e-04 -3.024147642253432544e-04 -3.024147642253432544e-04
3.566961927811207023e+00 3.566961927811207023e+00 3.463097965316716653e+00 3.268023986502369027e+00 3.004204419130854120e+00 2.698861355896997161e+00 2.378266431503053280e+00 2.063534271592790681e+00 1.768965752261629998e+00 1.502512782101270483e+00 1.267282884020114908e+00 1.063186708681409298e+00 8.882857225222466901e-01 7.397370262284779230e-01 6.143903987246268628e-01 5.091337290336561683e-01 4.210735962551208078e-01 3.476149790323386224e-01 2.864827807147385941e-01 2.357119570123740182e-01 1.936223172479878962e-01 1.587872566177037925e-01 1.300015089529980850e-01 1.062505370902264989e-01 8.668275407812350841e-02 7.058497619643655518e-02 5.736108903409973397e-02 4.651370267868004671e-02 3.762848697419298588e-02 3.036085784450839528e-02 2.442469840822316177e-02 1.958282649234881906e-02 1.563895320233422634e-02 1.243091027075262679e-02 9.824954767395128671e-03 7.710987263661706059e-03 5.998543645666608998e-03 4.613441517516163846e-03 3.494980011333044274e-03 2.593607071866174413e-03 1.868981318403146541e-03 1.288366826894605079e-03 8.253086832454763298e-04 4.585455802308156868e-04 1.711226520263757955e-04 -5.032587257491371501e-05 -2.161493901300303388e-04 -3.341293413504910713e-04 -4.098196222209991315e-04 -4.467913959833988338e-04 -4.467913959833988338e-04
3.291844250599063937e+00 3.291844250599063937e+00 3.179223510445170486e+00 2.969865914853646149e+00 2.691792899826690455e+00 2.378092490464886133e+00 2.058778159086569470e+00 1.755577718816154764e+00 1.480953032452813067e+00 1.239958497247406255e+00 1.032861205916092429e+00 8.573265332496693425e-01 7.098774149019361213e-01 5.867453427051564363e-01 4.843136444844547972e-01 3.993173208816802600e-01 3.289086117241609708e-01 2.706539329512780423e-01 2.224992892034259873e-01 1.827241100181856981e-01 1.498936457883084106e-01 1.228146510494841498e-01 1.004962057731072361e-01 8.211606401226571872e-02 6.699222952298682088e-02 5.455917713564606419e-02 4.434806605811956320e-02 3.597031755502606148e-02 2.910399726851411670e-02 2.348252194282984817e-02 1.888528769609299982e-02 1.512988609496459386e-02 1.206563329342942928e-02 9.568186802198288057e-03 7.535064820458925797e-03 5.881916049254803415e-03 4.539414691207758860e-03 3.450677111128234737e-03 2.569114391567565645e-03 1.856649564668196896e-03 1.282240230787864543e-03 8.206572025042057055e-04 4.514780358686735942e-04 1.582612365949944994e-04 -7.212721925879018320e-05 -2.500584954940463433e-04 -3.835758106202991156e-04 -4.787350968374646859e-04 -5.398637002765929163e-04 -5.697465488753743939e-04 -5.697465488753743939e-04
3.047292665536796452e+00 3.047292665536796452e+00 2.922811467197171886e+00 2.694038825773565904e+00 2.396990673822388285e+00 2.072684870981857941e+00 1.755412416700703471e+00 1.466572170195542979e+00 1.215134139971333793e+00 1.002026684236776877e+00 8.241884487038894092e-01 6.770744760155280595e-01 5.559436650197363550e-01 4.564299648386599406e-01 3.747424456561878614e-01 3.076895094547780207e-01 2.526285618420532897e-01 2.073907242866176726e-01 1.702033392428443370e-01 1.396196529051207946e-01 1.144586610448673630e-01 9.375521581989662567e-02 7.671932880441856284e-02 6.270326012485527567e-02 5.117500261468992812e-02 4.169693152056087176e-02 3.390859051115552997e-02 2.751277739966047700e-02 2.226426107141320915e-02 1.796059997862132704e-02 1.443464449089801316e-02 1.154839389631055757e-02 9.187948053155162165e-03 7.259347768638857619e-03 5.685140114518855321e-03 4.401537595184883654e-03 3.356065816857775087e-03 2.505614350431919352e-03 1.814821587800215501e-03 1.254736868511602483e-03 8.017135135237212808e-04 4.364945006843669578e-04 1.434592933753923083e-04 -8.999414279323404372e-05 -2.739535543657832159e-04 -4.164003541438687284e-04 -5.235356825722160823e-04 -6.000359977670627213e-04 -6.492473464707953449e-04 -6.733252564702093363e-04 -6.733252564702093363e-04
2.831041063656616341e+00 2.831041063656616341e+00 2.689541186444757148e+00 2.431549489225665273e+00 2.113641115129900161e+00 1.778179033222649474e+00 1.464502193912827543e+00 1.194465019383004867e+00 9.707364226330572610e-01 7.884172105419092746e-01 6.408519537418181367e-01 5.216551492402557999e-01 4.253245680798412587e-01 3.473350318523950042e-01 2.840462651914270054e-01 2.325588762761048311e-01 1.905712831027575049e-01 1.562557160125198630e-01 1.281570030224447321e-01 1.051123545066386250e-01 8.618870949706622375e-02 7.063410486139309885e-02 5.783997849577062617e-02 4.731189604274436272e-02 3.864673335901706169e-02 3.151480208582457115e-02 2.564576713555762055e-02 2.081748416715322597e-02 1.684709712749865931e-02 1.358389559629698609e-02 1.090355151383405261e-02 8.703444484115420779e-03 6.898852289033876282e-03 5.419833601782110023e-03 4.208668332158852117e-03 3.217749802935697314e-03 2.407845193446340147e-03 1.746657665583023792e-03 1.207636734025049289e-03 7.689937766065803012e-04 4.128876764600978092e-04 1.247520372330813108e-04 -1.072593535031471894e-04 -2.927279827786753393e-04 -4.393426552983239683e-04 -5.532009141672448354e-04 -6.390502821524455613e-04 -7.004776357198666363e-04 -7.400533137795942780e-04 -7.594349949350958110e-04 -7.594349949350958110e-04
2.428435379325518895e+00 2.428435379325518895e+00 2.015846779591063065e+00 1.906084629194645386e+00 1.869479767487877142e+00 1.520242793806109383e+00 1.190573493949668826e+00 9.405880022349266678e-01 7.491839840669494155e-01 6.002134741123779094e-01 4.831993683115254345e-01 3.906579985128788568e-01 3.170164979421694618e-01 2.580732363122010264e-01 2.106411857012153444e-01 1.722882428167522850e-01 1.411453978827795497e-01 1.157653369836383339e-01 9.501841213098738415e-02 7.801601250008273480e-02 6.405389894075132207e-02 5.257005455179800113e-02 4.311310657574764921e-02 3.531847721966370479e-02 2.889021728491381058e-02 2.358704661158091825e-02 1.921153252781664794e-02 1.560162829220013841e-02 1.262400167001407995e-02 1.016873337853872912e-02 8.145073200220906764e-03 6.478019915733844447e-03 5.105548561108277580e-03 3.976350609688431709e-03 3.047983798338111099e-03 2.285351618851064279e-03 1.659449941584000129e-03 1.146331421762744737e-03 7.262485523491505517e-04 3.829439411995743422e-04 1.030625194882119251e-04 -1.243348280091288510e-04 -3.081729184732617506e-04 -4.556928273830030936e-04 -5.727225191990802230e-04 -6.638965901399026311e-04 -7.328325094596341944e-04 -7.822692736825304560e-04 -8.141730812674158237e-04 -8.298136398788311194e-04 -8.298136398788311194e-04
6.408959552128213488e+01 6.408959552128213488e+01 4.697301461082648899e+01 2.087370668379882233e+01 4.866837780331934482e+00 1.717380281685148447e+00 9.703381338169262404e-01 7.113997438170492904e-01 5.542590475896526092e-01 4.396299020174854189e-01 3.519967408019394894e-01 2.837549539148959132e-01 2.299841507308463817e-01 1.872187240327284896e-01 1.529386593447583376e-01 1.252771276721530158e-01 1.028306996414899005e-01 8.453045071250332720e-02 6.955244312991432087e-02 5.725458071328663051e-02 4.713146416030064567e-02 3.878170336498384940e-02 3.188395573949987655e-02 2.617914821801197237e-02 2.145713120082648820e-02 1.754654471964878573e-02 1.430703874119885338e-02 1.162323773679277937e-02 9.400011812701787595e-03 7.558736962040396926e-03 6.034312181562390132e-03 4.772761587866864927e-03 3.729293282666579657e-03 2.866718270710314712e-03 2.154155767414350428e-03 1.565968243319303989e-03 1.080882258547588093e-03 6.812606291201307122e-04 3.524986059998677711e-04 8.252241530689165359e-05 -1.386273540840930458e-04 -3.191416433473568326e-04 -4.657295509888186025e-04 -5.838550518098945766e-04 -6.779314854436490354e-04 -7.514799983898460493e-04 -8.072570321449254200e-04 -8.473548987814420990e-04 -8.732786359425065642e-04 -8.860016036330388206e-04 -8.860016036330388206e-04
8.586589193600655108e+02 8.586589193600655108e+02 7.118058724351669753e+02 3.984770545555685999e+02 5.408529271799520188e+01 4.924587982979104162e+00 8.428315081988961843e-01 5.130729853979860700e-01 3.910628890150971149e-01 3.092899128246941465e-01 2.479178413987778995e-01 2.004024027220916715e-01 1.630169629988195146e-01 1.332568580082375276e-01 1.093443582035288769e-01 8.998231677541904117e-02 7.420524265602833347e-02 6.128241634032650237e-02 5.065261592145926112e-02 4.187912093308478190e-02 3.461811373294731986e-02 2.859611763066187765e-02 2.359363604644933513e-02 1.943311334958026590e-02 1.596995166387029860e-02 1.308571862185090723e-02 1.068294696952824287e-02 8.681105530786355565e-03 7.013442948130855885e-03 5.624489589598380412e-03 4.468061602971545691e-03 3.505652463874696194e-03 2.705126830713336632e-03 2.039652707294174923e-03 1.486823362313135187e-03 1.027931721383335386e-03 6.473683955949459607e-04 3.321207000064668930e-04 7.135482008930110948e-05 -1.439331489310761091e-04 -3.212087173503294928e-04 -4.666423900898599591e-04 -5.853124695305835174e-04 -6.813734428984627878e-04 -7.581950218497527207e-04 -8.184759804637510268e-04 -8.643361328979398857e-04 -8.973891885659836384e-04 -9.187986082795943045e-04 -9.293181326012114191e-04 -9.293181326012114191e-04
0.000000000000000000e+00 0.000000000000000000e+00 0.000000000000000000e+00 0.000000000000000000e+00 4.103712575558602680e+02 2.327120550251514075e+01 7.106275631673349968e-01 3.499340083505184107e-01 2.649480047369444091e-01 2.112925087478794706e-01 1.710620253931067203e-01 1.396609020591342842e-01 1.147039594902668352e-01 9.462593029457662397e-02 7.832077655825031570e-02 6.497983269839066600e-02 5.399810448469113261e-02 4.491447237050427005e-02 3.737180663071600073e-02 3.108962395787603222e-02 2.584493412056638670e-02 2.145856722441066844e-02 1.778524208840335033e-02 1.470623386747341686e-02 1.212387737380174121e-02 9.957386883581430606e-03 8.139634023937034404e-03 6.614632655324811407e-03 5.335552534257371332e-03 4.263133617830140894e-03 3.364407681944348461e-03 2.611658580565388941e-03 1.981569931431672541e-03 1.454521658157890886e-03 1.014005975244269570e-03 6.461402122314361101e-04 3.392587999571774820e-04 8.357056163336786555e-05 -1.291297176269608292e-04 -3.057043101873421873e-04 -4.518773183373043221e-04 -5.724070239882554298e-04 -6.712306375002080952e-04 -7.515853826866385982e-04 -8.161091464191012109e-04 -8.669234222290430909e-04 -9.057007018189022068e-04 -1.602176633999999922e+02 -1.602176633999999922e+02 -1.602176633999999922e+02 -1.602176633999999922e+02
0.000000000000000000e+00 0.000000000000000000e+00 0.000000000000000000e+00 0.000000000000000000e+00 7.450455505893889949e+02 5.298360586505980052e+01 1.116930199495441478e+00 2.436394331799733026e-01 1.804903513532028769e-01 1.464849633024615794e-01 1.207883699484708223e-01 1.002644044495839409e-01 8.357365915993754391e-02 6.985992254172133931e-02 5.850881661179754140e-02 4.906001730571166175e-02 4.116000844555053884e-02 3.453229456087041072e-02 2.895736156295381294e-02 2.425871843017667062e-02 2.029293331123037392e-02 1.694237500168878710e-02 1.410982878417926106e-02 1.171443602679677828e-02 9.688584932983614062e-03 7.975495639589200159e-03 6.527319753837483932e-03 5.303626542136112565e-03 4.270183582273780719e-03 3.397964581805873723e-03 2.662334685058134493e-03 2.042376054581485426e-03 1.520325624938672097e-03 1.081103538022987415e-03 7.119156221577999186e-04 4.019169179832017612e-04 1.419260161256133055e-04 -7.581804030012403517e-05 -2.578628624636879565e-04 -4.097192202489689772e-04 -5.360113903870142478e-04 -6.406049748327824435e-04 -7.267152477069305531e-04 -7.969985857316641683e-04 -8.536290497205315745e-04 -8.983619439164759876e-04 -9.325857960285498151e-04 -1.602176633999999922e+02 -1.602176633999999922e+02 -1.602176633999999922e+02 -1.602176633999999922e+02
0.000000000000000000e+00 0.000000000000000000e+00 0.000000000000000000e+00 0.000000000000000000e+00 9.040092506381149633e+02 7.267820516270772657e+01 1.894623944484932654e+00 1.933992504711162241e-01 1.385500937792880083e-01 1.144232129143720050e-01 9.604483611195822890e-02 8.095906709618075348e-02 6.837220919884012815e-02 5.779916968959171453e-02 4.888075063871780146e-02 4.133557902347263086e-02 3.493804634347700416e-02 2.950471675392640769e-02 2.488489475829313430e-02 2.095374136727383083e-02 1.760711319260855126e-02 1.475762130347448194e-02 1.233157654022738227e-02 1.026659080503269754e-02 8.509670999967692412e-03 7.015687674846233200e-03 5.746132125424513806e-03 4.668098053200958261e-03 3.753439951322319872e-03 2.978072030759585428e-03 2.321380087228497487e-03 1.765725048005525226e-03 1.296021630713156247e-03 8.993791522139133040e-04 5.647942127718409179e-04 2.828870033019748541e-04 4.567463709322211441e-05 -1.536239451882222349e-04 -3.207559333283916650e-04 -4.605791568657074042e-04 -5.771862541841184550e-04 -6.740110623762679640e-04 -7.539194770029959431e-04 -8.192865946624585055e-04 -8.720617481276634816e-04 -9.138227225524645902e-04 -9.458203087357435618e-04 -1.602176633999999922e+02 -1.602176633999999922e+02 -1.602176633999999922e+02 -1.602176633999999922e+02
0.000000000000000000e+00 0.000000000000000000e+00 0.000000000000000000e+00 0.000000000000000000e+00 9.040092506381149633e+02 7.267820516270772657e+01 1.894623944484932654e+00 1.933992504711162241e-01 1.385500937792880083e-01 1.144232129143720050e-01 9.604483611195822890e-02 8.095906709618075348e-02 6.837220919884012815e-02 5.779916968959171453e-02 4.888075063871780146e-02 4.133557902347263086e-02 3.493804634347700416e-02 2.950471675392640769e-02 2.488489475829313430e-02 2.095374136727383083e-02 1.760711319260855126e-02 1.475762130347448194e-02 1.233157654022738227e-02 1.026659080503269754e-02 8.509670999967692412e-03 7.015687674846233200e-03 5.746132125424513806e-03 4.668098053200958261e-03 3.753439951322319872e-03 2.978072030759585428e-03 2.321380087228497487e-03 1.765725048005525226e-03 1.296021630713156247e-03 8.993791522139133040e-04 5.647942127718409179e-04 2.828870033019748541e-04 4.567463709322211441e-05 -1.536239451882222349e-04 -3.207559333283916650e-04 -4.605791568657074042e-04 -5.771862541841184550e-04 -6.740110623762679640e-04 -7.539194770029959431e-04 -8.192865946624585055e-04 -8.720617481276634816e-04 -9.138227225524645902e-04 -9.458203087357435618e-04 -1.602176633999999922e+02 -1.602176633999999922e+02 -1.602176633999999922e+02 -1.602176633999999922e+02
