0.000000000000000000e+00 0.000000000000000000e+00 0.000000000000000000e+00 4.790600226097091236e-29 2.913677017312451790e+04 2.295150795187227050e+04 1.991128417045020615e+04 1.749299589383701459e+04 1.544335820459670322e+04 1.370926872201269543e+04 1.224432009445583208e+04 1.100178910749770330e+04 9.940127745584588411e+03 9.025008857563176207e+03 8.229024985766860482e+03 7.530579180394065588e+03 6.912689949819990943e+03 6.361957659111009889e+03 5.867740662577861258e+03 5.421520750680674610e+03 5.016420880670901170e+03 4.646839743051496043e+03 4.308174231423881793e+03 3.996607640416706545e+03 3.708947045331785830e+03 3.442497638944507344e+03 3.194965003635111316e+03 2.964378636326459855e+03 2.749031746353558447e+03 2.547433588910767867e+03 2.358271508911794626e+03 2.180380544907103285e+03 2.012718945992877480e+03 1.854348332993649592e+03 1.704417521710746996e+03 1.562149244389991509e+03 1.426829172915960498e+03 1.297796776106823245e+03 1.174437643106205542e+03 1.056176982145158718e+03 9.424740640523946240e+02 8.328174267529776671e+02 7.267206935944680026e+02 6.237188869608006598e+02 5.233651410267417532e+02 4.252277350103116191e+02 3.288873819307578970e+02 2.339271056116049746e-29 1.399641925207871594e-29 4.658948446725363006e-30 0.000000000000000000e+00
0.000000000000000000e+00 0.000000000000000000e+00 0.000000000000000000e+00 4.790600226097091236e-29 2.913677017312451790e+04 2.295150795187227050e+04 1.991128417045020615e+04 1.749299589383701459e+04 1.544335820459670322e+04 1.370926872201269543e+04 1.224432009445583208e+04 1.100178910749770330e+04 9.940127745584588411e+03 9.025008857563176207e+03 8.229024985766860482e+03 7.530579180394065588e+03 6.912689949819990943e+03 6.361957659111009889e+03 5.867740662577861258e+03 5.421520750680674610e+03 5.016420880670901170e+03 4.646839743051496043e+03 4.308174231423881793e+03 3.996607640416706545e+03 3.708947045331785830e+03 3.442497638944507344e+03 3.194965003635111316e+03 2.964378636326459855e+03 2.749031746353558447e+03 2.547433588910767867e+03 2.358271508911794626e+03 2.180380544907103285e+03 2.012718945992877480e+03 1.854348332993649592e+03 1.704417521710746996e+03 1.562149244389991509e+03 1.426829172915960498e+03 1.297796776106823245e+03 1.174437643106205542e+03 1.056176982145158718e+03 9.424740640523946240e+02 8.328174267529776671e+02 7.267206935944680026e+02 6.237188869608006598e+02 5.233651410267417532e+02 4.252277350103116191e+02 3.288873819307578970e+02 2.339271056116049746e-29 1.399641925207871594e-29 4.658948446725363006e-30 0.000000000000000000e+00
0.000000000000000000e+00 0.000000000000000000e+00 0.000000000000000000e+00 5.706265963140703933e-29 3.196862313576076849e+04 2.384592520051407337e+04 2.007190143560469005e+04 1.736673316486172916e+04 1.523309931294531816e+04 1.349694714254072460e+04 1.205698581331327841e+04 1.084450455818811861e+04 9.810324021626051035e+03 8.918169518885366415e+03 8.140715016101677975e+03 7.457039029397375089e+03 6.850907333870631192e+03 6.309573865736125299e+03 5.822923197169989180e+03 5.382846356842585010e+03 4.982780086968592514e+03 4.617362681625731966e+03 4.282174201764338250e+03 3.973538526383972567e+03 3.688371232570626034e+03 3.424061790289958935e+03 3.178381690500470995e+03 2.949412336337763918e+03 2.735488106743825483e+03 2.535151143913147280e+03 2.347115251253769657e+03 2.170236906411423206e+03 2.003491855598569373e+03 1.845956103628525170e+03 1.696790378678143270e+03 1.555227353268300703e+03 1.420561058721790687e+03 1.292138050744321617e+03 1.169349977160295566e+03 1.051627271499161679e+03 9.384337528048600916e+02 8.292619563426510467e+02 7.236290545534267267e+02 6.210732547794281118e+02 5.211505815807943236e+02 4.234319681354432987e+02 3.275005942357346385e+02 2.329418806090976518e-29 1.393751399572518368e-29 4.639347931707157727e-30 0.000000000000000000e+00
0.000000000000000000e+00 0.000000000000000000e+00 0.000000000000000000e+00 8.619600125510553161e-29 3.617604715687816497e+04 2.440585627418642252e+04 1.971405287553130256e+04 1.679758199222198527e+04 1.468185124854112473e+04 1.302416725040783240e+04 1.166773507288084511e+04 1.052794163976194795e+04 9.552892648064263994e+03 8.707639329606899992e+03 7.967100056099122412e+03 7.312502828882381436e+03 6.729396670208601790e+03 6.206433994853818149e+03 5.734569883149220914e+03 5.306507118051581529e+03 4.916296866972764292e+03 4.559043581698864728e+03 4.230682649265983855e+03 3.927810414782901262e+03 3.647552779359264605e+03 3.387462707789573869e+03 3.145439693639370034e+03 2.919666076334453464e+03 2.708556399262275136e+03 2.510716926795778363e+03 2.324913117879354104e+03 2.150043359263820548e+03 1.985117642283383930e+03 1.829240157013020962e+03 1.681595000255915465e+03 1.541434365836735196e+03 1.408068719282634220e+03 1.280858563133699363e+03 1.159207480566147069e+03 1.042556208833841765e+03 9.303775441328484703e+02 8.221719188715912878e+02 7.174635233068715934e+02 6.157968678869196992e+02 5.167337018227613044e+02 4.198502184757376199e+02 3.247344899501388795e+02 2.309766925626501007e-29 1.382001636594514450e-29 4.600250728062036021e-30 0.000000000000000000e+00
0.000000000000000000e+00 1.411384382833246718e+03 5.746783854973587040e+03 1.984123327959647577e+04 2.215987146031029988e+04 1.984482075233548312e+04 1.739672545425047429e+04 1.534137654751112132e+04 1.365588177272495341e+04 1.225657013449251644e+04 1.107406289210945579e+04 1.005894322919162005e+04 9.176409247669917022e+03 8.401280122459353151e+03 7.714712626984436611e+03 7.102186380563802231e+03 6.552255008917345549e+03 6.055740176582969980e+03 5.605185672205320770e+03 5.194470737868839024e+03 4.818526081212191457e+03 4.473119533141581087e+03 4.154691042931256561e+03 3.860223847259900140e+03 3.587142854847823401e+03 3.333233894272158523e+03 3.096579170802094268e+03 2.875505436341309178e+03 2.668542197715637485e+03 2.474387889354495201e+03 2.291882386990477698e+03 2.119984583280053812e+03 1.957754012906954131e+03 1.804335723266694686e+03 1.658947750979167495e+03 1.520870694225689704e+03 1.389438973733512739e+03 1.264033456838074926e+03 1.144075183863793427e+03 1.029019987550069573e+03 9.183538371448235011e+02 8.115887712643916529e+02 7.082593093963574802e+02 6.079192523661413361e+02 5.101387982795302491e+02 4.145019132477299308e+02 3.206039062684337750e+02 2.280491655052067870e+02 1.364490192841747387e+02 4.541968972448486852e+01 0.000000000000000000e+00
0.000000000000000000e+00 1.462766847052507273e+03 5.120533141498543955e+03 1.103266689227393363e+04 1.471389754075455312e+04 1.524623878045157471e+04 1.452039422558809201e+04 1.343341674411357235e+04 1.231340380835224823e+04 1.126581818677898082e+04 1.031635597842370225e+04 9.463948671406376889e+03 8.699608597390071736e+03 8.012876248021924766e+03 7.393887177554892332e+03 6.833926472037354870e+03 6.325477879016671068e+03 5.862116741449924120e+03 5.438366099458191457e+03 5.049555552360347974e+03 4.691694853961043918e+03 4.361364698148452590e+03 4.055623944398215372e+03 3.771931542637742041e+03 3.508081214751310199e+03 3.262147028798156498e+03 3.032438177199164784e+03 2.817461471804123903e+03 2.615890269002227342e+03 2.426538725249608888e+03 2.248340452718007327e+03 2.080330794583933312e+03 1.921632069802839851e+03 1.771441249027020604e+03 1.629019618143543539e+03 1.493684065502186968e+03 1.364799695144452471e+03 1.241773523064991195e+03 1.124049058452248573e+03 1.011101608523467121e+03 9.024341753695196076e+02 7.975738373470595661e+02 6.960685270122706925e+02 5.974841332320695528e+02 5.014018676442358355e+02 4.074158456365159395e+02 3.151308399489536214e+02 2.241601712492506238e+02 1.341237048792442863e+02 4.464592665981125919e+01 0.000000000000000000e+00
0.000000000000000000e+00 1.337655357188229345e+03 4.301088689012242867e+03 7.835327147920625066e+03 1.057539988042307596e+04 1.175990077478125750e+04 1.189705300501298916e+04 1.149909968127870161e+04 1.087060483408802611e+04 1.016654032023849140e+04 9.460023326789283601e+03 8.783340107926058408e+03 8.149176264350368001e+03 7.560997062197751802e+03 7.018030675000886731e+03 6.517659119521086723e+03 6.056571307032321783e+03 5.631318814455836218e+03 5.238578097691337462e+03 4.875265612157286341e+03 4.538578306662398973e+03 4.225996397584278384e+03 3.935267729448757564e+03 3.664384014290395498e+03 3.411554465955267005e+03 3.175179738112695304e+03 2.953827620396300972e+03 2.746211128142218968e+03 2.551169163096725697e+03 2.367649673798990989e+03 2.194695118548934261e+03 2.031429979994884661e+03 1.877050067826048917e+03 1.730813356258951444e+03 1.592032124694431332e+03 1.460066196345551589e+03 1.334317096869431225e+03 1.214222980912504454e+03 1.099254197913793860e+03 9.889093890841476195e+02 8.827120251500394943e+02 7.802073093849098768e+02 6.809593829183095295e+02 5.845487796176495294e+02 4.905700862838406806e+02 3.986297707658512195e+02 3.083441461284826914e+02 2.193374434154997061e+02 1.312399690077297123e+02 4.368632522492304560e+01 0.000000000000000000e+00
0.000000000000000000e+00 1.146432998568039238e+03 3.525967197524301810e+03 5.992537392560669105e+03 8.030187335593645912e+03 9.247502516607324651e+03 9.742579637566070232e+03 9.752557942590727180e+03 9.479438665973772004e+03 9.058028378878905642e+03 8.569400654934876002e+03 8.059704678487310957e+03 7.554214316149882507e+03 7.066183636781927817e+03 6.602061022343389595e+03 6.164476674573805212e+03 5.753941799948703192e+03 5.369817043144323179e+03 5.010867072484635173e+03 4.675578901876237069e+03 4.362343710882472806e+03 4.069558870587000456e+03 3.795682935600553719e+03 3.539262850881730174e+03 3.298944852245875609e+03 3.073475979502557948e+03 2.861700393355582491e+03 2.662553029248403163e+03 2.475052102172288869e+03 2.298291346280641847e+03 2.131432483603983655e+03 1.973698177088909461e+03 1.824365578750545865e+03 1.682760498832068151e+03 1.548252174224911187e+03 1.420248589800288983e+03 1.298192295666219479e+03 1.181556660926367840e+03 1.069842506651397343e+03 9.625750652268606018e+02 8.593012186521200420e+02 7.595869739361287429e+02 6.630151390198939225e+02 5.691831674368753511e+02 4.777011441095465329e+02 3.881898882553896897e+02 3.002791523727499907e+02 2.136058987360979415e+02 1.278126368071982171e+02 4.254580651237289857e+01 0.000000000000000000e+00
0.000000000000000000e+00 9.543907726236293456e+02 2.871650588940489342e+03 4.737126902122631691e+03 6.318521445863636472e+03 7.418033697283967740e+03 8.030690833053605274e+03 8.257188466624140347e+03 8.215892158055699838e+03 8.004666707267730999e+03 7.693575986571973772e+03 7.329209317354170707e+03 6.941247525750873137e+03 6.548052002288006406e+03 6.160678417553656800e+03 5.785553462071577997e+03 5.426199122273893408e+03 5.084326794713672825e+03 4.760528185652983666e+03 4.454711596841353639e+03 4.166377819570262545e+03 3.894794678120638764e+03 3.639107191481475184e+03 3.398406620063169157e+03 3.171773152741879130e+03 2.958301666816239049e+03 2.757116632847143592e+03 2.567380092980688460e+03 2.388295261641665093e+03 2.219107402659918534e+03 2.059103053431171702e+03 1.907608285111720988e+03 1.763986438066740448e+03 1.627635608537455028e+03 1.497986056190596628e+03 1.374497633425219192e+03 1.256657293203945983e+03 1.143976704258760719e+03 1.035989985165619146e+03 9.322515582707748081e+02 8.323341183285407396e+02 7.358267073628380786e+02 6.423328856355881271e+02 5.514689880156313393e+02 4.628624550495286485e+02 3.761502283601620320e+02 2.909772004724199519e+02 2.069947096730224416e+02 1.238590709965649665e+02 4.123013485256836930e+01 0.000000000000000000e+00
0.000000000000000000e+00 7.870006670751422462e+02 2.344032818573176883e+03 3.819366932823337265e+03 5.090576246911180533e+03 6.050824160388491691e+03 6.675596322063362095e+03 7.004839610822631585e+03 7.104256841458769486e+03 7.039206110104109939e+03 6.863659382260570055e+03 6.618137129669538808e+03 6.331432390844821384e+03 6.023310209115729776e+03 5.707012153693055552e+03 5.391226482193284937e+03 5.081524129273817380e+03 4.781365062851906259e+03 4.492789312636518844e+03 4.216886763918455472e+03 3.954115212480578975e+03 3.704515440282981672e+03 3.467856668457294745e+03 3.243734944737229398e+03 3.031639659209666661e+03 2.830998424412630357e+03 2.641207231249688448e+03 2.461650561867297256e+03 2.291714640342646362e+03 2.130795989159601959e+03 1.978306773091097966e+03 1.833677945373262219e+03 1.696360892682796248e+03 1.565828057662241918e+03 1.441572868425929073e+03 1.323109201874858627e+03 1.209970537002995115e+03 1.101708905633874792e+03 9.978937143268726686e+02 8.981104878476196518e+02 8.019595683851661079e+02 7.090547934173808926e+02 6.190221672521900018e+02 5.314985357648895388e+02 4.461302699871104096e+02 3.625719614871745762e+02 2.804851305672695503e+02 1.995369469541541889e+02 1.193989617150416080e+02 3.974584847047763247e+01 0.000000000000000000e+00
0.000000000000000000e+00 6.490671757459833771e+02 1.924987792397873591e+03 3.123029096246816152e+03 4.169508812881858830e+03 5.001234063674494791e+03 5.594260007130169470e+03 5.962459072892491349e+03 6.141321417149945773e+03 6.172728271952479190e+03 6.095803987196376511e+03 5.943079939457158616e+03 5.739833050592337713e+03 5.504883838410888529e+03 5.251850720640874897e+03 4.990383825573726426e+03 4.727201651694180327e+03 4.466898125201088078e+03 4.212545272665227458e+03 3.966132747311572075e+03 3.728884132710200902e+03 3.501482958704963949e+03 3.284233666277146312e+03 3.077176121704872912e+03 2.880167099273149688e+03 2.692938302324992492e+03 2.515137707714543012e+03 2.346359033375269973e+03 2.186162724067183262e+03 2.034090860070458348e+03 1.889677696123965461e+03 1.752457046391498807e+03 1.621967384277563269e+03 1.497755280401480604e+03 1.379377627778044825e+03 1.266402979128770767e+03 1.158412232486541825e+03 1.054998837500065520e+03 9.557686488395278275e+02 8.603395197372576604e+02 7.683407043711068809e+02 6.794121199700603029e+02 5.932035063803371031e+02 5.093735110978980174e+02 4.275887205293872739e+02 3.475226528332318026e+02 2.688547236413046448e+02 1.912691929325305296e+02 1.144540990772445070e+02 3.810018441833228309e+01 0.000000000000000000e+00
0.000000000000000000e+00 5.376297425891706325e+02 1.592275018451583264e+03 2.581517525148620280e+03 3.456397271736168477e+03 4.176051275036777042e+03 4.720674798280444520e+03 5.093087910344966076e+03 5.312024424594470474e+03 5.403755572734711677e+03 5.395707889879091454e+03 5.312811230433893797e+03 5.175981184632005352e+03 5.001895341111505331e+03 4.803405352729619153e+03 4.590177658238329059e+03 4.369349648045965296e+03 4.146108590127055322e+03 3.924165605623770716e+03 3.706127562951473010e+03 3.493781548772483802e+03 3.288309153424891065e+03 3.090446436723931129e+03 2.900602754366228510e+03 2.718948822310322157e+03 2.545481942171648825e+03 2.380074327473615540e+03 2.222508936407800320e+03 2.072506059733903840e+03 1.929743053052881578e+03 1.793868970046517234e+03 1.664515389815352364e+03 1.541304392606016563e+03 1.423854390495879898e+03 1.311784338220015570e+03 1.204716716174821840e+03 1.102279579555808368e+03 1.004107895047111356e+03 9.098443325915131936e+02 8.191396395444761538e+02 7.316526943390754241e+02 6.470503140439657273e+02 5.650068729683769106e+02 4.852037763647829252e+02 4.073288232779314626e+02 3.310754849370643456e+02 2.561421192318866815e+02 1.822311373424137457e+02 1.090481352090952498e+02 3.630100000919220093e+01 0.000000000000000000e+00
0.000000000000000000e+00 4.478150298386349277e+02 1.326202333009556241e+03 2.152140864763860463e+03 2.890850644154845668e+03 3.513892463050808146e+03 4.005374475836936654e+03 4.363513104674981150e+03 4.597818974200822595e+03 4.724556723070667431e+03 4.762593873688986605e+03 4.730509906935210893e+03 4.644983890580010666e+03 4.520134075663370822e+03 4.367444747965421811e+03 4.195997542698173675e+03 4.012824491682517419e+03 3.823279812416987170e+03 3.631380305361733463e+03 3.440095258276203822e+03 3.251583106253058304e+03 3.067379627811391856e+03 2.888545149271798891e+03 2.715778502483040029e+03 2.549504695323837950e+03 2.389942120767423148e+03 2.237153988588680477e+03 2.091087655204754810e+03 1.951604693015581461e+03 1.818503876351267991e+03 1.691538744124977939e+03 1.570431002496430892e+03 1.454880728839615813e+03 1.344574109462336082e+03 1.239189270415841747e+03 1.138400629765123767e+03 1.041882100453168732e+03 9.493093975120059440e+02 8.603616459383891879e+02 7.747224416388262398e+02 6.920804841514561758e+02 6.121298739004834033e+02 5.345701466891454174e+02 4.591061025960626125e+02 3.854474743738453526e+02 3.133084710720003727e+02 2.424072253259302556e+02 1.724651671285612338e+02 1.032063425956239939e+02 3.435669299972447988e+01 0.000000000000000000e+00
0.000000000000000000e+00 3.749769758418073025e+02 1.111070863782202878e+03 1.805818006928405566e+03 2.433428634046181742e+03 2.973013405316254648e+03 3.411782684402465748e+03 3.746156792357935501e+03 3.980557960519916378e+03 4.124928697282014582e+03 4.192104504453767731e+03 4.195700425053461004e+03 4.148706816897986755e+03 4.062719393156105980e+03 3.947631047128073533e+03 3.811613687864263738e+03 3.661257206517544546e+03 3.501776694604330260e+03 3.337234868170192840e+03 3.170751597210541149e+03 3.004688072316106172e+03 2.840802091149551870e+03 2.680375581260973377e+03 2.524317533500361151e+03 2.373246150858999499e+03 2.227553924671282857e+03 2.087458938551136725e+03 1.953045188666694685e+03 1.824294205600298483e+03 1.701109815287824631e+03 1.583337499127008186e+03 1.470779505208275850e+03 1.363206615910734399e+03 1.260367281945176501e+03 1.161994679652217428e+03 1.067812128453321066e+03 9.775372117088592177e+02 8.908848711210617921e+02 8.075696876863431726e+02 7.273075174996223495e+02 6.498166156749426818e+02 5.748183541358038156e+02 5.020376173917170490e+02 4.312029433805672625e+02 3.620464630335771972e+02 2.943036816526139887e+02 2.277131368955353139e+02 1.620159616876364055e+02 9.695537538235058150e+01 3.227612270964430508e+01 0.000000000000000000e+00
0.000000000000000000e+00 3.152817837064752098e+02 9.348705353793557151e+02 1.522016798719507506e+03 2.057065596687838934e+03 2.524099541716529529e+03 2.912728078218318842e+03 3.218827234462382421e+03 3.444009867762239537e+03 3.594241352353530147e+03 3.678185954770302033e+03 3.705718079308977394e+03 3.686802180210213010e+03 3.630769437157878201e+03 3.545927086801986661e+03 3.439407632318984270e+03 3.317171304015863370e+03 3.184094664635634672e+03 3.044099193321026178e+03 2.900291003172470482e+03 2.755095371113929559e+03 2.610378018163051365e+03 2.467550120370994591e+03 2.327656872018566446e+03 2.191450862818988753e+03 2.059452133475082519e+03 1.931996908175832459e+03 1.809276896884078724e+03 1.691370848594653353e+03 1.578269793419553253e+03 1.469897174557749395e+03 1.366124858279754562e+03 1.266785826891963325e+03 1.171684206267718764e+03 1.080603153268283222e+03 9.933110255551931687e+02 9.095661731501598979e+02 8.291206241614796681e+02 7.517228833533399666e+02 6.771200191539167008e+02 6.050591801968615755e+02 5.352886548769726005e+02 4.675585653067002454e+02 4.016212693964714617e+02 3.372315306793873333e+02 2.741465042660153131e+02 2.121255784047490351e+02 1.509301041064431104e+02 9.032303983648030510e+01 3.006853412232097611e+01 0.000000000000000000e+00
0.000000000000000000e+00 2.657328621200780390e+02 7.885457158852492512e+02 1.285883693147770828e+03 1.742498298373357329e+03 2.145968402406740552e+03 2.487785226970270742e+03 2.763850069304929548e+03 2.974242622586038578e+03 3.122429544013686154e+03 3.214217506441511432e+03 3.256720993134533273e+03 3.257507952555708926e+03 3.223982387040402500e+03 3.162993727114754620e+03 3.080629594397606070e+03 2.982140411053983826e+03 2.871949578404558451e+03 2.753713254000558663e+03 2.630404392540859135e+03 2.504404614853260682e+03 2.377594098699812548e+03 2.251434240582184884e+03 2.127040765596112124e+03 2.005246724646476423e+03 1.886655798939499846e+03 1.771686816039926953e+03 1.660610567363959262e+03 1.553580033233201902e+03 1.450655049665689830e+03 1.351822339587022725e+03 1.257011707933052321e+03 1.166109080116799987e+03 1.078966953779284495e+03 9.954127374680545017e+02 9.152553673020106544e+02 8.382905229744785629e+02 7.643047062703428765e+02 6.930783971028406540e+02 6.243884624261954741e+02 5.580099608890158152e+02 4.937174595614723103e+02 4.312859574716262614e+02 3.704914931547992296e+02 3.111114992387317670e+02 2.529249556614587675e+02 1.957123839674958674e+02 1.392557178638556934e+02 8.333807952746234093e+01 2.774348680025678604e+01 0.000000000000000000e+00
0.000000000000000000e+00 2.240332923003986707e+02 6.652770003404415320e+02 1.086464183759731895e+03 1.475627712232531394e+03 1.822931243285602022e+03 2.121375779689601586e+03 2.367146838327197656e+03 2.559519907583779059e+03 2.700397273054163634e+03 2.793637634007478027e+03 2.844343575879643595e+03 2.858225059723471077e+03 2.841098722577550234e+03 2.798535985086174605e+03 2.735644560339606869e+03 2.656955547154644137e+03 2.566386450337346560e+03 2.467254154359876338e+03 2.362317571649265574e+03 2.253835394340799667e+03 2.143629195532522772e+03 2.033145803239232464e+03 1.923515484592183839e+03 1.815604231565846021e+03 1.710059553044261747e+03 1.607349843065876257e+03 1.507797760641678678e+03 1.411608230632438335e+03 1.318891732221143229e+03 1.229683530848491728e+03 1.143959462656215919e+03 1.061648817035251795e+03 9.826447944516063444e+02 9.068129499070022348e+02 8.339979706377174580e+02 7.640290815021326125e+02 6.967243233732720000e+02 6.318939085253458643e+02 5.693428219500347041e+02 5.088728080835480796e+02 4.502838578554654418e+02 3.933752906070309905e+02 3.379465086421550382e+02 2.837974884178632919e+02 2.307290611742660360e+02 1.785430267446116943e+02 1.270421370360941609e+02 7.602997995798087061e+01 2.531079017672271902e+01 0.000000000000000000e+00
0.000000000000000000e+00 1.884278414571927271e+02 5.598975409254580882e+02 9.155387193302948390e+02 1.245894904264748902e+03 1.543113882824748316e+03 1.801434386331578708e+03 2.017438047602031929e+03 2.190020367574912143e+03 2.320114551835730254e+03 2.410256646304409514e+03 2.464092878075618046e+03 2.485911120179266163e+03 2.480246768186763802e+03 2.451583435750055287e+03 2.404147463492692168e+03 2.341783190642298905e+03 2.267891281393749978e+03 2.185412440448255893e+03 2.096841298510864817e+03 2.004258528741054533e+03 1.909372469573973831e+03 1.813564261424201959e+03 1.717932633314230088e+03 1.623336033132695093e+03 1.530430878371522340e+03 1.439705422554311554e+03 1.351509185429325271e+03 1.266078162685047801e+03 1.183556174161136369e+03 1.104012772060869338e+03 1.027458143019996214e+03 9.538554206699344604e+02 8.831307921476882257e+02 8.151817415509132161e+02 7.498837310129368916e+02 6.870955790682613724e+02 6.266637580400679326e+02 5.684257981381551872e+02 5.122129560610917451e+02 4.578522800668101809e+02 4.051681814375447175e+02 3.539836036524343967e+02 3.041208650000305056e+02 2.554022374256379919e+02 2.076503137544283106e+02 1.606882067402229097e+02 1.143396163833340040e+02 6.842879640461656265e+01 2.278044646564558562e+01 0.000000000000000000e+00
0.000000000000000000e+00 1.575673033239768586e+02 4.684504786185499370e+02 7.668350648062353230e+02 1.045229300092193625e+03 1.297349221341682778e+03 1.518467466872545174e+03 1.705602055523595709e+03 1.857518926587829810e+03 1.974565278771442308e+03 2.058383992674143883e+03 2.111571547534891579e+03 2.137335202632354594e+03 2.139188491705709566e+03 2.120705623706563983e+03 2.085340267550078806e+03 2.036304202787520580e+03 1.976496108577503946e+03 1.908469097691383695e+03 1.834426124201687117e+03 1.756234007361000977e+03 1.675448780565461902e+03 1.593346966914698896e+03 1.510959000585266949e+03 1.429102295082700721e+03 1.348412420156105327e+03 1.269371536871262833e+03 1.192333712039078137e+03 1.117547042361297144e+03 1.045172710208200897e+03 9.753012022056974502e+02 9.079659753554677764e+02 8.431548725670071462e+02 7.808195839333882304e+02 7.208834312913735403e+02 6.632477279379482979e+02 6.077969369976299276e+02 5.544028234656802852e+02 5.029277679517480806e+02 4.532273854631449126e+02 4.051525705690471568e+02 3.585510710630584867e+02 3.132686756883157955e+02 2.691500874162599075e+02 2.260395419362919540e+02 1.837812211660930188e+02 1.422195034911739810e+02 1.011990858653001197e+02 6.056500766048416295e+01 2.016260208078795202e+01 0.000000000000000000e+00
0.000000000000000000e+00 1.304025887269624491e+02 3.878626087713582251e+02 6.354824678465848820e+02 8.673403102376819334e+02 1.078422609559706871e+03 1.264880349915081979e+03 1.424173260560487506e+03 1.555086772760038230e+03 1.657630941645711346e+03 1.732851004751914616e+03 1.782588818569626028e+03 1.809232937262901714e+03 1.815486447351918514e+03 1.804170497805500645e+03 1.778071195748491618e+03 1.739829875034816268e+03 1.691872015733729086e+03 1.636367847874424569e+03 1.575217185859022266e+03 1.510051608943556403e+03 1.442248182961435987e+03 1.372950144758738816e+03 1.303091132591338464e+03 1.233420541967957433e+03 1.164528385675541131e+03 1.096868646320729795e+03 1.030780555127014622e+03 9.665075431204096503e+02 9.042138204598149969e+02 8.439986728189446694e+02 7.859086418362248878e+02 7.299477964069537848e+02 6.760863155802042002e+02 6.242676012546642141e+02 5.744141263087799416e+02 5.264322058224150851e+02 4.802158587153645044e+02 4.356499064391614411e+02 3.926124355352363864e+02 3.509767326094815871e+02 3.106127839091259943e+02 2.713884173265792015e+02 2.331701522606349783e+02 1.958238122164781601e+02 1.592149461674512452e+02 1.232090973555139044e+02 8.767195220792383736e+01 5.246939724223123136e+01 1.746750808347998074e+01 0.000000000000000000e+00
0.000000000000000000e+00 1.061050097976905136e+02 3.157057227855574979e+02 5.176258250605484363e+02 7.072248673250466027e+02 8.805423437119756045e+02 1.034487864265788176e+03 1.166952024207821978e+03 1.276828604511873891e+03 1.363953394906406857e+03 1.428977710880694076e+03 1.473201681531131044e+03 1.498392870682818284e+03 1.506611429413734186e+03 1.500056295778863159e+03 1.480940146422623229e+03 1.451395202639349918e+03 1.413408108433938196e+03 1.368779869578455191e+03 1.319105926131734577e+03 1.265771408623119441e+03 1.209957127330587127e+03 1.152652583617777509e+03 1.094673085820382312e+03 1.036678791544451997e+03 9.791941313750933205e+02 9.226265798327495986e+02 8.672841325283408196e+02 8.133911385703621590e+02 7.611023426650102692e+02 7.105151301878391905e+02 6.616800570160895631e+02 6.146097976433261465e+02 5.692866708728339518e+02 5.256689105378102340e+02 4.836958454470024549e+02 4.432921426129557290e+02 4.043712539614481898e+02 3.668381913047693388e+02 3.305917387967190280e+02 2.955261972433341953e+02 2.615327410139696553e+02 2.285004561224815802e+02 1.963171173944843133e+02 1.648697534780339140e+02 1.340450406981375977e+02 1.037295602849755625e+02 7.380994819634373982e+01 4.417296248219926014e+01 1.470548980131263939e+01 0.000000000000000000e+00
0.000000000000000000e+00 8.400690527093969706e+01 2.500214823587401725e+02 4.101476610294436682e+02 5.608154791395780876e+02 6.989578514427165601e+02 8.221512294279440312e+02 9.287000896759553825e+02 1.017659277920057207e+03 1.088797315333176812e+03 1.142511910889897081e+03 1.179713878492178310e+03 1.201696730079574081e+03 1.210007093241971688e+03 1.206327145709050910e+03 1.192375821341458504e+03 1.169831582310161139e+03 1.140276553411387340e+03 1.105159877708691056e+03 1.065777146124888986e+03 1.023262446422120888e+03 9.785897291919178542e+02 9.325805976240268365e+02 8.859161449400861557e+02 8.391509907902918712e+02 7.927281493017227376e+02 7.469937701858458468e+02 7.022111229747027892e+02 6.585734469484586953e+02 6.162154752116455256e+02 5.752235723239732579e+02 5.356445125089965131e+02 4.974929802121886837e+02 4.607579054905924636e+02 4.254077605037462035e+02 3.913949457611427647e+02 3.586593898969844645e+02 3.271314775949059026e+02 2.967344089764523005e+02 2.673860817253009259e+02 2.390005753586934247e+02 2.114893059312588264e+02 1.847619093692326828e+02 1.587269027124061438e+02 1.332921648087539097e+02 1.083652714245433089e+02 8.385371421485189103e+01 5.966502845833185376e+01 3.570685080152384927e+01 1.188692538927249309e+01 0.000000000000000000e+00
0.000000000000000000e+00 6.355721010142431027e+01 1.891913622213778581e+02 3.104634996974800174e+02 4.247218407683888586e+02 5.296767544379135870e+02 6.235024872201751123e+02 7.048997869671286480e+02 7.731155033882118914e+02 8.279209698359439926e+02 8.695561863815273682e+02 8.986502418975776436e+02 9.161295081893642873e+02 9.231241710644480918e+02 9.208813554434889284e+02 9.106902680893254001e+02 8.938220713530171224e+02 8.714850021821539485e+02 8.447937075977321228e+02 8.147508557627585333e+02 7.822386841948750771e+02 7.480181175169145718e+02 7.127332888568712406e+02 6.769196207957930937e+02 6.410139841072848412e+02 6.053658043394869992e+02 5.702482989195517575e+02 5.358692882860570990e+02 5.023812313681459045e+02 4.698902924273062354e+02 4.384643597626155724e+02 4.081400149831931685e+02 3.789285021932611244e+02 3.508207763973227316e+02 3.237917254872490957e+02 2.978036649285579642e+02 2.728092022723435548e+02 2.487535625110363355e+02 2.255764569583511161e+02 2.032135690632725016e+02 1.815977212188222154e+02 1.606597777304094450e+02 1.403293309687961710e+02 1.205352104904106625e+02 1.012058486083087132e+02 8.226953052112237685e+01 6.365455259611108119e+01 4.528930868944546262e+01 2.710232139288608622e+01 9.022232752291504454e+00 0.000000000000000000e+00
0.000000000000000000e+00 4.428765947959033156e+01 1.318380677030802985e+02 2.163673048426987009e+02 2.960354385805150059e+02 3.692488168293963327e+02 4.347296845913302263e+02 4.915598984260989255e+02 5.391961653237094652e+02 5.774577742765095536e+02 6.064910624423901027e+02 6.267171264707319551e+02 6.387701947760886014e+02 6.434336937229069235e+02 6.415797427946233711e+02 6.341160733993941676e+02 6.219425979229278028e+02 6.059183390783323375e+02 5.868382986575833229e+02 5.654191193236589470e+02 5.422920220086676864e+02 5.180014016601323874e+02 4.930075477586254351e+02 4.676921465188296452e+02 4.423654598217941043e+02 4.172743206898441031e+02 3.926103111906422782e+02 3.685176828439827545e+02 3.451007371883865176e+02 3.224305058738760295e+02 3.005506592562908281e+02 2.794826351376012781e+02 2.592300204819777605e+02 2.397822437311480144e+02 2.211176481606625543e+02 2.032060211731136974e+02 1.860106533457130240e+02 1.694899965594597973e+02 1.535989841783976146e+02 1.382900690807033186e+02 1.235140280781230047e+02 1.092205743353810306e+02 9.535881306406915314e+01 8.187757014186556148e+01 6.872561842756957162e+01 5.585182239004544158e+01 4.320521820233894061e+01 3.073504360497294741e+01 1.839072955843508694e+01 6.121863923664071727e+00 0.000000000000000000e+00
0.000000000000000000e+00 2.578634546575202080e+01 7.674849299088245402e+01 1.259107413194551270e+02 1.721764001122856200e+02 2.145949500391612048e+02 2.524037655641140816e+02 2.850547948417825523e+02 3.122245903524833466e+02 3.338080585366187734e+02 3.498981761049593615e+02 3.607553006465078624e+02 3.667703530620572110e+02 3.684260643840843272e+02 3.662598302581052394e+02 3.608307522745990923e+02 3.526924066168238596e+02 3.423719450580023249e+02 3.303554011567887301e+02 3.170785771178795471e+02 3.029226082198445624e+02 2.882132002277000993e+02 2.732225605402102815e+02 2.581731484048762582e+02 2.432425142611870967e+02 2.285686543764373653e+02 2.142554554906363649e+02 2.003779343801403172e+02 1.869870843530638354e+02 1.741142241079523387e+02 1.617748060090827664e+02 1.499716838284554967e+02 1.386978679849186165e+02 1.279388127627860001e+02 1.176742880192732912e+02 1.078798900680458388e+02 9.852824477901047828e+01 8.958995199352486338e+01 8.103431522317082170e+01 7.282989503324752434e+01 6.494491900279641072e+01 5.734757600052619608e+01 5.000621787792892547e+01 4.288948762404855586e+01 3.596638955722787045e+01 2.920631421806741557e+01 2.257902822695596257e+01 1.605463742504936775e+01 9.603530074726361221e+00 3.196305703834571688e+00 0.000000000000000000e+00
0.000000000000000000e+00 7.676136192790546708e+00 2.281084835820512069e+01 3.730453015964366159e+01 5.076785144268124839e+01 6.286567703928738382e+01 7.333311553025112062e+01 8.198622003649389001e+01 8.872648585968531165e+01 9.353899235579537219e+01 9.648480443625123826e+01 9.768889764750285565e+01 9.732526215749584253e+01 9.560092731221838847e+01 9.274046735339375402e+01 8.897219009838754289e+01 8.451677673200470053e+01 7.957871963678222471e+01 7.434055432460392865e+01 6.895962834132728858e+01 6.356699728411954453e+01 5.826797274823420025e+01 5.314384836849379923e+01 4.825437589172638297e+01 4.364063350732776314e+01 3.932800780330953927e+01 3.532908772754159799e+01 3.164633711763267954e+01 2.827446845414903009e+01 2.520248370991869891e+01 2.241537932788773446e+01 1.989553314523996974e+01 1.762380353351568729e+01 1.558037716988498822e+01 1.374540350920863574e+01 1.209945270749034307e+01 1.062383063179248488e+01 9.300780555270538486e+00 8.113596790585521745e+00 7.046671256166525232e+00 6.085490039535053519e+00 5.216593541478454554e+00 4.427510795476361061e+00 3.706676057844557448e+00 3.043333713489190462e+00 2.427435892811412366e+00 1.849535888315343879e+00 1.300679444098323367e+00 7.722952160649415587e-01 2.560851207398053275e-01 0.000000000000000000e+00
0.000000000000000000e+00 -1.040398816914750135e+01 -3.103973270971901499e+01 -5.116700788678892309e+01 -7.047331072254765161e+01 -8.868275268086847518e+01 -1.055651649318340333e+02 -1.209409915752966782e+02 -1.346822121182571550e+02 -1.467100286492365342e+02 -1.569902937759421775e+02 -1.655276591516295071e+02 -1.723592632754157421e+02 -1.775485398791593070e+02 -1.811794898846989383e+02 -1.833515677875966219e+02 -1.841752055167189326e+02 -1.837679297299843313e+02 -1.822510067846647530e+02 -1.797465547844007574e+02 -1.763750782077965198e+02 -1.722533967891900488e+02 -1.674929509274892894e+02 -1.621984694891640402e+02 -1.564669835828939597e+02 -1.503871640126987188e+02 -1.440389530766074699e+02 -1.374934550892898528e+02 -1.308130456780468762e+02 -1.240516580387036214e+02 -1.172552048982184516e+02 -1.104620975293649963e+02 -1.037038272335352787e+02 -9.700557966273244404e+01 -9.038685766003267474e+01 -8.386209353210804807e+01 -7.744123653106714755e+01 -7.113030562584366123e+01 -6.493190129620667506e+01 -5.884567307260972768e+01 -5.286874190051971567e+01 -4.699607819891883054e+01 -4.122083779367560652e+01 -3.553465881351047528e+01 -2.992792323208937688e+01 -2.438998709796375053e+01 -1.890938367341423643e+01 -1.347400376615251361e+01 -8.071257525901911478e+00 -2.688221924935322527e+00 0.000000000000000000e+00
0.000000000000000000e+00 -2.881630167995853853e+01 -8.587180569947824438e+01 -1.412255053238830271e+02 -1.938382572735904716e+02 -2.428042470096706893e+02 -2.873863476408968154e+02 -3.270367960609685838e+02 -3.614029262514457059e+02 -3.903195047954756092e+02 -4.137905055311780984e+02 -4.319637963836511290e+02 -4.451022209754404457e+02 -4.535540954018879916e+02 -4.577254143469942278e+02 -4.580552654054317827e+02 -4.549952282281028033e+02 -4.489929639225381948e+02 -4.404798027629826720e+02 -4.298619002909840106e+02 -4.175144202345431381e+02 -4.037781797199733660e+02 -3.889582243208847103e+02 -3.733238615543422156e+02 -3.571097535737249586e+02 -3.405177419737518107e+02 -3.237191438755861554e+02 -3.068573162129586649e+02 -2.900503338099396160e+02 -2.733936669160427755e+02 -2.569627762758066751e+02 -2.408155696350634400e+02 -2.249946838558126956e+02 -2.095295724612730339e+02 -1.944383902796658106e+02 -1.797296755962521217e+02 -1.654038364625767485e+02 -1.514544520588660248e+02 -1.378694026930555481e+02 -1.246318435151174810e+02 -1.117210376276720609e+02 -9.911306423239149410e+01 -8.678141697186049441e+01 -7.469750686177984278e+01 -6.283108328602307324e+01 -5.115058554459726281e+01 -3.962343646821526733e+01 -2.821628869854971455e+01 -1.689523341641710275e+01 -5.625980606487609670e+00 0.000000000000000000e+00
0.000000000000000000e+00 -4.794188317831525836e+01 -1.428087280328461475e+02 -2.346787895147532481e+02 -3.217287999601011848e+02 -4.023794412735671813e+02 -4.753597751111653338e+02 -5.397443814893075569e+02 -5.949625757252150606e+02 -6.407825175677985499e+02 -6.772755587585685362e+02 -7.047674662106630876e+02 -7.237832226967177576e+02 -7.349912285046328861e+02 -7.391513111826410523e+02 -7.370693851828036713e+02 -7.295601761244280397e+02 -7.174182951917081255e+02 -7.013971666354791523e+02 -6.821948491276434652e+02 -6.604455850615133841e+02 -6.367158857807994536e+02 -6.115040469482108847e+02 -5.852421331926018411e+02 -5.582996371070814803e+02 -5.309881808550348978e+02 -5.035667759870252667e+02 -4.762472828299633534e+02 -4.491998138255236199e+02 -4.225579068947379255e+02 -3.964233579368047344e+02 -3.708706489610540871e+02 -3.459509430583207745e+02 -3.216956420937889902e+02 -2.981195199037116481e+02 -2.752234547698113829e+02 -2.529967915327330559e+02 -2.314193670817766986e+02 -2.104632340458416593e+02 -1.900941170314871158e+02 -1.702726342451932453e+02 -1.509553152063148787e+02 -1.320954428031605516e+02 -1.136437453788023504e+02 -9.554896201076303441e+01 -7.775830177067199145e+01 -6.021781558536873291e+01 -4.287269740956782016e+01 -2.566752979093821097e+01 -8.546487571755847057e+00 0.000000000000000000e+00
0.000000000000000000e+00 -6.819987557485757179e+01 -2.030846609427368037e+02 -3.335085278671989499e+02 -4.567689175916472664e+02 -5.705416848232615621e+02 -6.729794196036085623e+02 -7.627661126050694520e+02 -8.391273615258616019e+02 -9.018010262567086102e+02 -9.509773846874262517e+02 -9.872198289121535026e+02 -1.011377029690135032e+03 -1.024495826783331268e+03 -1.027741610188836603e+03 -1.022330315547725149e+03 -1.009473834295591587e+03 -9.903388706050201336e+02 -9.660181095317723248e+02 -9.375119225954099420e+02 -9.057186038088369742e+02 -8.714311692685429307e+02 -8.353389534529536604e+02 -7.980325099457573970e+02 -7.600106158739450848e+02 -7.216884535165098669e+02 -6.834062818298831417e+02 -6.454381088596931022e+02 -6.080000337262780477e+02 -5.712580481809799267e+02 -5.353351782094433702e+02 -5.003179115922315532e+02 -4.662619030635327135e+02 -4.331969793599657237e+02 -4.011314858189319352e+02 -3.700560273229119161e+02 -3.399466616586678356e+02 -3.107676045816701844e+02 -2.824735044092417411e+02 -2.550113408037951217e+02 -2.283219982886443518e+02 -2.023415604650551529e+02 -1.770023662345071500e+02 -1.522338648116464412e+02 -1.279633020942295758e+02 -1.041162671320243760e+02 -8.061712405555176986e+01 -5.738935191330490682e+01 -3.435581242471023700e+01 -1.143896368216502779e+01 0.000000000000000000e+00
0.000000000000000000e+00 -9.007021240224013070e+01 -2.681105072539727416e+02 -4.399729539266668326e+02 -6.019345452805789591e+02 -7.508222097913446760e+02 -8.841523744605609636e+02 -1.000204434400297487e+03 -1.098027479678523832e+03 -1.177388719976104994e+03 -1.238678436888497345e+03 -1.282788991331026637e+03 -1.310984650499058716e+03 -1.324775843257176803e+03 -1.325807220557506980e+03 -1.315764693548666401e+03 -1.296303135594702781e+03 -1.268993944528840984e+03 -1.235290151364934218e+03 -1.196506053987682890e+03 -1.153808218911123959e+03 -1.108214914854196650e+03 -1.060601447154136167e+03 -1.011709331859716372e+03 -9.621577080000652131e+02 -9.124557958316135000e+02 -8.630155512064458208e+02 -8.141639394719599068e+02 -7.661544622607640349e+02 -7.191777264360690651e+02 -6.733709564402046226e+02 -6.288264288635090224e+02 -5.855988594732835963e+02 -5.437118050229345272e+02 -5.031631602933915133e+02 -4.639298391758509297e+02 -4.259717303221956399e+02 -3.892350152832669892e+02 -3.536549318060124847e+02 -3.191580582533631514e+02 -2.856641877738415474e+02 -2.530878534281790735e+02 -2.213395583507088418e+02 -1.903267583919565595e+02 -1.599546386891497889e+02 -1.301267203037789102e+02 -1.007453284603680714e+02 -7.171195001590980667e+01 -4.292750455733070680e+01 -1.429255093500822404e+01 0.000000000000000000e+00
0.000000000000000000e+00 -1.141220351465852474e+02 -3.395561545969300141e+02 -5.567343164151665178e+02 -7.607132070456972315e+02 -9.473264287642822410e+02 -1.113376086046179580e+03 -1.256726257125411166e+03 -1.376298385149703790e+03 -1.471983084920281726e+03 -1.544492537957875356e+03 -1.595180914528777521e+03 -1.625857866502231900e+03 -1.638614233516592094e+03 -1.635672041598444821e+03 -1.619264397778298644e+03 -1.591545916985932763e+03 -1.554531083011914461e+03 -1.510056238666589252e+03 -1.459760334265094571e+03 -1.405079735091925386e+03 -1.347252962892333016e+03 -1.287331983668260818e+03 -1.226197402273398438e+03 -1.164575600256846428e+03 -1.103056421002496108e+03 -1.042110458361830979e+03 -9.821053503732043737e+02 -9.233207340118846105e+02 -8.659616977158503914e+02 -8.101706921666219614e+02 -7.560379406916487142e+02 -7.036104402663404471e+02 -6.528996715137861884e+02 -6.038881482232212647e+02 -5.565349388444925580e+02 -5.107802878757105418e+02 -4.665494566697946652e+02 -4.237558927715509185e+02 -3.823038256935100776e+02 -3.420903758528692151e+02 -3.030072527308019517e+02 -2.649421084768493984e+02 -2.277796043143848976e+02 -1.914022392728541320e+02 -1.556909839718538535e+02 -1.205257563808885237e+02 -8.578577161723508482e+01 -5.134979386196127393e+01 -1.709631531201128851e+01 0.000000000000000000e+00
0.000000000000000000e+00 -1.410507915165056829e+02 -4.194575904937382802e+02 -6.870239915679597971e+02 -9.373089106319168877e+02 -1.164956987677360303e+03 -1.365958011079021162e+03 -1.537761019298376823e+03 -1.679244630158721520e+03 -1.790568687780576056e+03 -1.872946977389479571e+03 -1.928383963423154228e+03 -1.959412440454327452e+03 -1.968858063058012476e+03 -1.959645089874146379e+03 -1.934647980961021858e+03 -1.896586768013379242e+03 -1.847960296616164442e+03 -1.791009889575363786e+03 -1.727705940431944100e+03 -1.659750753808935769e+03 -1.588592120750463437e+03 -1.515443346090144132e+03 -1.441306563754644912e+03 -1.366997112403618985e+03 -1.293167483073645599e+03 -1.220329908049570122e+03 -1.148877064516929522e+03 -1.079100648953519794e+03 -1.011207767659435376e+03 -9.453352097847869118e+02 -8.815617412365252221e+02 -8.199185958954803937e+02 -7.603983557899900916e+02 -7.029624123152259472e+02 -6.475471919445226376e+02 -5.940693161101202122e+02 -5.424298486837789142e+02 -4.925177675051124311e+02 -4.442127797886726626e+02 -3.973875856401547253e+02 -3.519096796759575909e+02 -3.076427680290603917e+02 -2.644478668659494360e+02 -2.221841388822606405e+02 -1.807095160039073107e+02 -1.398811495874826960e+02 -9.955572366818499574e+01 -5.958966214608337708e+01 -1.983925712797242724e+01 0.000000000000000000e+00
0.000000000000000000e+00 -1.717281755885839800e+02 -5.103608546052784618e+02 -8.348633900722619501e+02 -1.136913826616148754e+03 -1.409705019088219387e+03 -1.648295795948249406e+03 -1.849744973026593243e+03 -2.013032543206266837e+03 -2.138812266765568893e+03 -2.229062208517173531e+03 -2.286700898542844698e+03 -2.315222793752834150e+03 -2.318386703156846124e+03 -2.299972005259260186e+03 -2.263603484063191900e+03 -2.212637155334475210e+03 -2.150095623434915069e+03 -2.078640839418249470e+03 -2.000573262702992679e+03 -1.917848352950699109e+03 -1.832103399884646933e+03 -1.744689596196483308e+03 -1.656705830312892658e+03 -1.569031895874469910e+03 -1.482359716154924627e+03 -1.397221819963224334e+03 -1.314016739607151976e+03 -1.233031283812563288e+03 -1.154459812109389532e+03 -1.078420735410846873e+03 -1.004970515061323226e+03 -9.341154473237544380e+02 -8.658215146235023667e+02 -8.000225674108431804e+02 -7.366270769425486833e+02 -6.755236733255951549e+02 -6.165856571091454725e+02 -5.596746479202161026e+02 -5.046435108690297398e+02 -4.513386810252513328e+02 -3.996019882774804728e+02 -3.492720692698109133e+02 -3.001854397031428903e+02 -2.521772889075184878e+02 -2.050820490286887150e+02 -1.587337832306100438e+02 -1.129664308090866172e+02 -6.761394188180901210e+01 -2.251033022682041462e+01 0.000000000000000000e+00
0.000000000000000000e+00 -2.072707607043479356e+02 -6.155198332642299874e+02 -1.005366754985250054e+03 -1.366077836087943751e+03 -1.689040114949488725e+03 -1.968242668729606521e+03 -2.200427287511132818e+03 -2.384917635747384338e+03 -2.523207367221793447e+03 -2.618421412773701377e+03 -2.674757900639135187e+03 -2.696987321604628960e+03 -2.690049342330783929e+03 -2.658757968183449520e+03 -2.607606666426217544e+03 -2.540655714740812982e+03 -2.461481597109376708e+03 -2.373169803949334892e+03 -2.278335691526349365e+03 -2.179161734339083523e+03 -2.077442844703449737e+03 -1.974634153317334949e+03 -1.871897705203298074e+03 -1.770146004347474673e+03 -1.670081353677692732e+03 -1.572230600573447873e+03 -1.476975310848151139e+03 -1.384577633790953314e+03 -1.295202245146880614e+03 -1.208934805092164197e+03 -1.125797372855944104e+03 -1.045761197838596445e+03 -9.687572714299599284e+02 -8.946849822171907363e+02 -8.234191747437989761e+02 -7.548158712646334152e+02 -6.887168785313986064e+02 -6.249534681862605794e+02 -5.633492900014159659e+02 -5.037226518351583877e+02 -4.458882784811273723e+02 -3.896586432062158565e+02 -3.348449503173744120e+02 -2.812578342021820390e+02 -2.287078296124844883e+02 -1.770056592046771016e+02 -1.259623772531759585e+02 -7.538940279641109043e+01 -2.509847108391826609e+01 0.000000000000000000e+00
0.000000000000000000e+00 -2.491354216171076246e+02 -7.391720212665985628e+02 -1.205164024520078783e+03 -1.633222134222011618e+03 -2.012443839700407807e+03 -2.335592545029402118e+03 -2.599257179681785601e+03 -2.803510639756843375e+03 -2.951220689858982951e+03 -3.047215307404507712e+03 -3.097473742219317501e+03 -3.108448414799111561e+03 -3.086558601487819942e+03 -3.037852134722160372e+03 -2.967807926728830353e+03 -2.881244625367465233e+03 -2.782302510676754537e+03 -2.674471660475885074e+03 -2.560646253814187276e+03 -2.443191040775551301e+03 -2.324010903629231962e+03 -2.204618027624628212e+03 -2.086193683142545979e+03 -1.969643250342314559e+03 -1.855644131700458047e+03 -1.744686790194210516e+03 -1.637109465637334324e+03 -1.533127260954535586e+03 -1.432856323457356211e+03 -1.336333819135265458e+03 -1.243534339734573223e+03 -1.154383310914939557e+03 -1.068767895647170917e+03 -9.865458161598917286e+02 -9.075524531251785447e+02 -8.316065235917931204e+02 -7.585145895963497651e+02 -6.880746070156677661e+02 -6.200786884016328031e+02 -5.543152234889194006e+02 -4.905704760236557149e+02 -4.286297547990790804e+02 -3.682782396524503383e+02 -3.093015291155625164e+02 -2.514859649344262493e+02 -1.946187793705673812e+02 -1.384881037360789264e+02 -8.288287072216814977e+01 -2.759263853269414568e+01 0.000000000000000000e+00
0.000000000000000000e+00 -2.992520824897733291e+02 -8.869255389629687443e+02 -1.443000086583683242e+03 -1.949367532015441157e+03 -2.392154759939576707e+03 -2.762733991455215801e+03 -3.057874765734788980e+03 -3.279080408971386532e+03 -3.431421725628276818e+03 -3.522236100844906105e+03 -3.559962499869312524e+03 -3.553244379541558374e+03 -3.510322998912979529e+03 -3.438681921240143765e+03 -3.344880959887463177e+03 -3.234518649829354672e+03 -3.112273471561108181e+03 -2.981987531834521178e+03 -2.846768393643189029e+03 -2.709093987825908243e+03 -2.570912049757179830e+03 -2.433729814084721056e+03 -2.298692362036669238e+03 -2.166649564011107486e+03 -2.038212385971894491e+03 -1.913799706745117192e+03 -1.793676908306018504e+03 -1.677987470252294088e+03 -1.566778695549216309e+03 -1.460022560477849311e+03 -1.357632541990577693e+03 -1.259477143302567811e+03 -1.165390719559596846e+03 -1.075182101896463564e+03 -9.886414300333036635e+02 -9.055455295597548684e+02 -8.256621085925169155e+02 -7.487529978021129864e+02 -6.745766162241675374e+02 -6.028898112953247619e+02 -5.334491938705458551e+02 -4.660120664880333834e+02 -4.003370249128348632e+02 -3.361842982535110309e+02 -2.733158810800988476e+02 -2.114955014703978406e+02 -1.504884613688167576e+02 -9.006137973632598914e+01 -2.998186444675711471e+01 0.000000000000000000e+00
0.000000000000000000e+00 -3.602051853076034149e+02 -1.066299766275214779e+03 -1.730593733718871590e+03 -2.329189409305834943e+03 -2.844231943972979025e+03 -3.265544006630709191e+03 -3.590729408245545983e+03 -3.823878129550574613e+03 -3.973557464866314149e+03 -4.050775752515850854e+03 -4.067329114339736407e+03 -4.034661786384707739e+03 -3.963196929085625925e+03 -3.862024565610386162e+03 -3.738827141037539150e+03 -3.599945221790444975e+03 -3.450514250976034873e+03 -3.294628123459379367e+03 -3.135503759793811696e+03 -2.975633187273931981e+03 -2.816917279223026981e+03 -2.660779713036838530e+03 -2.508262043510527747e+03 -2.360101869880058530e+03 -2.216796439935728358e+03 -2.078654016417402090e+03 -1.945835128170663666e+03 -1.818385554058905655e+03 -1.696262602079865019e+03 -1.579355979589921617e+03 -1.467504315689823670e+03 -1.360508196961801787e+03 -1.258140411403797771e+03 -1.160153959000803752e+03 -1.066288276626191418e+03 -9.762740356558068697e+02 -8.898367989816781574e+02 -8.066997667173831132e+02 -7.265857940240632615e+02 -6.492188278751671078e+02 -5.743248803679576895e+02 -5.016326328974436706e+02 -4.308737469406691503e+02 -3.617829424215271956e+02 -2.940978928870351865e+02 -2.275589774374047636e+02 -1.619089220578916866e+02 -9.689235734148920187e+01 -3.225531528764027911e+01 0.000000000000000000e+00
0.000000000000000000e+00 -4.354682352428208674e+02 -1.287461579976266876e+03 -2.083879030104795220e+03 -2.792585525534909266e+03 -3.390112493831742995e+03 -3.864624055299901556e+03 -4.215841271937503734e+03 -4.452435947434407353e+03 -4.588497637425231005e+03 -4.640353896566534786e+03 -4.624297819287093262e+03 -4.555247157705739482e+03 -4.446124088345443852e+03 -4.307704681347234327e+03 -4.148732747520860357e+03 -3.976157530121119180e+03 -3.795410215058851009e+03 -3.610673364935696554e+03 -3.425121927921015413e+03 -3.241128534815553394e+03 -3.060433149789677827e+03 -2.884280527835637258e+03 -2.713530132739319015e+03 -2.548743252047677288e+03 -2.390251616814646695e+03 -2.238211220201364085e+03 -2.092644394757821829e+03 -1.953472628320777176e+03 -1.820542100382322815e+03 -1.693643508281300910e+03 -1.572527418623147923e+03 -1.456916112931724001e+03 -1.346512686056012171e+03 -1.241007990582929096e+03 -1.140085891228809942e+03 -1.043427192276920550e+03 -9.507125224390990752e+02 -8.616244001520726670e+02 -7.758486544367610804e+02 -6.930753390444315301e+02 -6.129992483648001098e+02 -5.353201206691198877e+02 -4.597425963113111607e+02 -3.859759844469924133e+02 -3.137338808085779647e+02 -2.427336704699616234e+02 -1.726959428525148894e+02 -1.033438410876172213e+02 -3.440236398197519208e+01 0.000000000000000000e+00
0.000000000000000000e+00 -5.296605612900973483e+02 -1.564156804658443662e+03 -2.524807590201951371e+03 -3.367087384609501441e+03 -4.058963993565540477e+03 -4.587020260436797798e+03 -4.955685477073213406e+03 -5.181724305214997912e+03 -5.287910733922126383e+03 -5.298155615197219959e+03 -5.234589684638148356e+03 -5.116229046532952452e+03 -4.958651756190250126e+03 -4.774212190194361028e+03 -4.572482805010880838e+03 -4.360748617497021769e+03 -4.144469484318160539e+03 -3.927676997117727296e+03 -3.713299482787704164e+03 -3.503420685482961744e+03 -3.299482058909771240e+03 -3.102439202606689832e+03 -2.912881979552368193e+03 -2.731126330605464318e+03 -2.557284251777081863e+03 -2.391317024961667812e+03 -2.233075650389196198e+03 -2.082331514811460693e+03 -1.938799613877617048e+03 -1.802156094815973347e+03 -1.672051462851461565e+03 -1.548120473019165729e+03 -1.429989484806752216e+03 -1.317281871925596079e+03 -1.209621939192045829e+03 -1.106637692070863523e+03 -1.007962723591643567e+03 -9.132374218312435232e+02 -8.221096542397808662e+02 -7.342350492233916839e+02 -6.492769679108419041e+02 -5.669062379242492398e+02 -4.868007047264690073e+02 -4.086446435980294041e+02 -3.321280656469864425e+02 -2.569459438247234289e+02 -1.827973792296444060e+02 -1.093847236581444946e+02 -3.641267113885763251e+01 0.000000000000000000e+00
0.000000000000000000e+00 -6.486696361356887337e+02 -1.914646443257614465e+03 -3.083964049003340278e+03 -4.091751365423635434e+03 -4.891361746589390350e+03 -5.468591398588743687e+03 -5.838060839183423013e+03 -6.030905160225776854e+03 -6.083418520145217371e+03 -6.029996554789530819e+03 -5.899942471915053829e+03 -5.716701973794288278e+03 -5.498304142742645126e+03 -5.258248252106107429e+03 -5.006447187264897366e+03 -4.750063684332937555e+03 -4.494191962628377041e+03 -4.242389046465407773e+03 -3.997078570444925845e+03 -3.759853213877602684e+03 -3.531699309545110282e+03 -3.313162860895919039e+03 -3.104471932587932315e+03 -2.905626752041613599e+03 -2.716465983736964972e+03 -2.536715438754526531e+03 -2.366023833891338199e+03 -2.203988993602797109e+03 -2.050176989134107316e+03 -1.904136049663256699e+03 -1.765406596978932839e+03 -1.633528401041229245e+03 -1.508045593977808949e+03 -1.388510089191263432e+03 -1.274483811720456742e+03 -1.165540042282673767e+03 -1.061264100666325703e+03 -9.612535371862325064e+02 -8.651179585107821595e+02 -7.724785825162296078e+02 -6.829675931192707594e+02 -5.962273482402064246e+02 -5.119094806490209066e+02 -4.296739213376826569e+02 -3.491878674340235875e+02 -2.701247109115182639e+02 -1.921629400159150407e+02 -1.149850220998751240e+02 -3.827627417760164263e+01 0.000000000000000000e+00
0.000000000000000000e+00 -7.990824344768112724e+02 -2.361789400261471656e+03 -3.804330569494995416e+03 -5.023853466767697682e+03 -5.945194698251757472e+03 -6.557063420743991628e+03 -6.896465939183425689e+03 -7.020115211135236677e+03 -6.984796693267227965e+03 -6.838561239106927133e+03 -6.618659385503056001e+03 -6.352545342040373725e+03 -6.059831082955882266e+03 -5.754231435313193288e+03 -5.445172895138461172e+03 -5.139020076473913832e+03 -4.839973523475773618e+03 -4.550713561964487781e+03 -4.272857396218439135e+03 -4.007282166222598789e+03 -3.754352900058352589e+03 -3.514083305494852084e+03 -3.286249188323397902e+03 -3.070468430752603581e+03 -2.866257326675504828e+03 -2.673070167270034290e+03 -2.490326936571801980e+03 -2.317432551203504318e+03 -2.153790077531105908e+03 -1.998809654926313215e+03 -1.851914356413304404e+03 -1.712543865781047771e+03 -1.580156600115044739e+03 -1.454230728523812786e+03 -1.334264410546850968e+03 -1.219775486536506833e+03 -1.110300786792732652e+03 -1.005395179049327339e+03 -9.046304398462530116e+02 -8.075940106761798916e+02 -7.138876819240743998e+02 -6.231262346405719654e+02 -5.349360607515629908e+02 -4.489537754346306428e+02 -3.648248303893356024e+02 -2.822021330910120014e+02 -2.007446744764625919e+02 -1.201161656086973437e+02 -3.998368251822623165e+01 0.000000000000000000e+00
0.000000000000000000e+00 -9.852563217796140407e+02 -2.929423821604876593e+03 -4.746752323958920897e+03 -6.251314025657342427e+03 -7.305019165062807588e+03 -7.915025185522329593e+03 -8.168595234562937549e+03 -8.167132115531699128e+03 -7.996545063906527503e+03 -7.720620132307449239e+03 -7.383619204184493356e+03 -7.015115106379863391e+03 -6.634403596286427273e+03 -6.253835294032169259e+03 -5.881140884685102719e+03 -5.520998474988014095e+03 -5.176076012876827008e+03 -4.847722412232672468e+03 -4.536426380284382503e+03 -4.242121823400336325e+03 -3.964391568167772220e+03 -3.702603341924823326e+03 -3.456000393335410081e+03 -3.223761605888661961e+03 -3.005041026631957720e+03 -2.798993478313970172e+03 -2.604790759013287243e+03 -2.421631484020698281e+03 -2.248746648149569410e+03 -2.085402325096260938e+03 -1.930900470330223925e+03 -1.784578486583005542e+03 -1.645808000458009701e+03 -1.513993154174959955e+03 -1.388568617148963085e+03 -1.268997453820832561e+03 -1.154768937232019425e+03 -1.045396365646204686e+03 -9.404149175005793495e+02 -8.393795649764090285e+02 -7.418630563409425349e+02 -6.474539704128898165e+02 -5.557548420045535522e+02 -4.663803542648628309e+02 -3.789555919794384522e+02 -2.931143487349025349e+02 -2.084974801716359707e+02 -1.247512951700535950e+02 -4.152597662491537989e+01 0.000000000000000000e+00
0.000000000000000000e+00 -1.200931185657892456e+03 -3.629946758063706056e+03 -6.002220778079758929e+03 -7.918336242780761495e+03 -9.094817557919895989e+03 -9.618978143803029525e+03 -9.689361110490477586e+03 -9.479824508899175271e+03 -9.111952084828293664e+03 -8.663034970314138263e+03 -8.179845703496266651e+03 -7.689882096747953256e+03 -7.208917315654625781e+03 -6.745679999603636134e+03 -6.304672360284169372e+03 -5.887860871825735558e+03 -5.495698108977035190e+03 -5.127746588529971632e+03 -4.783062726014769396e+03 -4.460434003236389799e+03 -4.158525091297970903e+03 -3.875966927184163524e+03 -3.611409824923738142e+03 -3.363553869004136232e+03 -3.131164998074499636e+03 -2.913082150526809528e+03 -2.708218915259303685e+03 -2.515561895200416075e+03 -2.334167194152150387e+03 -2.163155921364443657e+03 -2.001709273399409767e+03 -1.849063535730106423e+03 -1.704505206210270671e+03 -1.567366352463204748e+03 -1.437020258023262841e+03 -1.312877376349914130e+03 -1.194381590123528667e+03 -1.081006760593818399e+03 -9.722535449318655765e+02 -8.676464563806561046e+02 -7.667311411043773433e+02 -6.690718460721556085e+02 -5.742490534854231328e+02 -4.818572587787624002e+02 -3.915028708502881045e+02 -3.028022147628142875e+02 -2.153796186016569152e+02 -1.288655674374960824e+02 -4.289490839064588101e+01 0.000000000000000000e+00
0.000000000000000000e+00 -1.423991966423889608e+03 -4.469840508048913762e+03 -7.785311624995948478e+03 -1.030021103952129488e+04 -1.148775943492873012e+04 -1.174114823399933630e+04 -1.147049868209421038e+04 -1.094129601752368762e+04 -1.030403982668351819e+04 -9.637848380275816453e+03 -8.982112040158977834e+03 -8.355417090100552741e+03 -7.765680421165065127e+03 -7.215351789836851822e+03 -6.704087686994345859e+03 -6.230154218374419543e+03 -5.791179516181993677e+03 -5.384562205289702433e+03 -5.007691936493116373e+03 -4.658064638720997209e+03 -4.333337993113811535e+03 -4.031352960504272687e+03 -3.750136335449976741e+03 -3.487893101521201970e+03 -3.242993736821537368e+03 -3.013959464025171656e+03 -2.799447147956128447e+03 -2.598234768632669784e+03 -2.409207934834008483e+03 -2.231347630492030930e+03 -2.063719229423081742e+03 -1.905462727673295376e+03 -1.755784099065462215e+03 -1.613947661137062823e+03 -1.479269334893227324e+03 -1.351110686124274025e+03 -1.228873644481196834e+03 -1.111995806679281941e+03 -9.999462407317636234e+02 -8.922217182163441294e+02 -7.883433108562910547e+02 -6.878532959750205009e+02 -5.903123226160814738e+02 -4.952967963425472249e+02 -4.023964460030339296e+02 -3.112120401614855609e+02 -2.213532245179682434e+02 -1.324364545795322670e+02 -4.408300014061906325e+01 0.000000000000000000e+00
0.000000000000000000e+00 -1.643070393197750036e+03 -5.587989754395643104e+03 -1.116810692764863234e+04 -1.416873770684184274e+04 -1.471155918156635198e+04 -1.428410995844597892e+04 -1.345410443125842176e+04 -1.248554060130317703e+04 -1.151451787500183673e+04 -1.059797762186428372e+04 -9.753699426592211239e+03 -8.983401565939089778e+03 -8.282859323160546410e+03 -7.645943299606680739e+03 -7.066213076175530659e+03 -6.537544098721498813e+03 -6.054357288066241381e+03 -5.611677504846513330e+03 -5.205116736915679212e+03 -4.830825565515715425e+03 -4.485433699851211713e+03 -4.165989646634949167e+03 -3.869904221121014871e+03 -3.594899840216973644e+03 -3.338966107916446617e+03 -3.100321486869081127e+03 -2.877380520728258034e+03 -2.668725951499464372e+03 -2.473085065050714093e+03 -2.289309640679760832e+03 -2.116358946386720618e+03 -1.953285293665764357e+03 -1.799221735649516404e+03 -1.653371556293395543e+03 -1.514999254472586244e+03 -1.383422775201970808e+03 -1.258006781162368725e+03 -1.138156792108144145e+03 -1.023314048392148379e+03 -9.129509786102815951e+02 -8.065671710021315448e+02 -7.036857644089500354e+02 -6.038501878626836969e+02 -5.066211887347196807e+02 -4.115740982143777273e+02 -3.182962900426285842e+02 -2.263847941623344298e+02 -1.354440314787307216e+02 -4.508363941971019528e+01 0.000000000000000000e+00
0.000000000000000000e+00 -1.739986155910120715e+03 -6.999676564775752013e+03 -2.300028570481417046e+04 -2.223088395320921336e+04 -1.906398383621821267e+04 -1.703520397380727081e+04 -1.543578318850169489e+04 -1.396992092289081302e+04 -1.264677122648442128e+04 -1.147716419644571761e+04 -1.044815104862624503e+04 -9.540497026134922635e+03 -8.736028537313995912e+03 -8.019245201386850567e+03 -7.377275106524187322e+03 -6.799482979089784749e+03 -6.277066306728334894e+03 -5.802709643996504383e+03 -5.370302456497512139e+03 -4.974712013763968571e+03 -4.611601307347465081e+03 -4.277283132827444206e+03 -3.968603024249003738e+03 -3.682845145566985593e+03 -3.417656432875491191e+03 -3.170985250662948602e+03 -2.941031604092437192e+03 -2.726206569154632234e+03 -2.525099092867720628e+03 -2.336448702032927486e+03 -2.159122962785625077e+03 -1.992098771783505981e+03 -1.834446747374514871e+03 -1.685318136606462531e+03 -1.543933770214184506e+03 -1.409574689566279176e+03 -1.281574142288155826e+03 -1.159310701027441382e+03 -1.042202305791562594e+03 -9.297010669651702983e+02 -8.212886954417663219e+02 -7.164724497925712967e+02 -6.147815092248896462e+02 -5.157636961791898784e+02 -4.189824844934302064e+02 -3.240142387014169003e+02 -2.304456376588559294e+02 -1.378712416540816719e+02 -4.589116672609375058e+01 0.000000000000000000e+00
0.000000000000000000e+00 0.000000000000000000e+00 0.000000000000000000e+00 -1.371426489378164024e-28 -4.159697433393664687e+04 -2.416519885834118031e+04 -1.935308881143661347e+04 -1.701699108484762473e+04 -1.517748322440609081e+04 -1.357756491521999487e+04 -1.219976448123900263e+04 -1.101584651344408667e+04 -9.992546796486985841e+03 -9.100874205020947556e+03 -8.317530876021517543e+03 -7.624112962207451346e+03 -7.006054705418234335e+03 -6.451739873662763785e+03 -5.951818974670002717e+03 -5.498695351102012864e+03 -5.086138635802259159e+03 -4.708992362594549377e+03 -4.362951123881668536e+03 -4.044389368480779467e+03 -3.750228820691245801e+03 -3.477835007495759783e+03 -3.224935893938104982e+03 -2.989557436785970367e+03 -2.769972178966672345e+03 -2.564657965743989735e+03 -2.372264568854189747e+03 -2.191586527610893882e+03 -2.021540906364281000e+03 -1.861148961291057731e+03 -1.709520931824295985e+03 -1.565843341522533137e+03 -1.429368323212912401e+03 -1.299404583607815994e+03 -1.175309700497039785e+03 -1.056483506401404384e+03 -9.423623602274591349e+02 -8.324141459746371083e+02 -7.261338671816068882e+02 -6.230397292681683439e+02 -5.226696205421328614e+02 -4.245779174029849514e+02 -3.283325509477598985e+02 -2.335130869161628947e-29 -1.397046191282659742e-29 -4.650111565447472303e-30 0.000000000000000000e+00
0.000000000000000000e+00 0.000000000000000000e+00 0.000000000000000000e+00 -8.488532455699006334e-29 -4.082541249806589622e+04 -2.542464036859160478e+04 -2.021894773664970489e+04 -1.780804312909600048e+04 -1.592174453776355040e+04 -1.420522682753221125e+04 -1.270294609084224248e+04 -1.141480215240993493e+04 -1.031028535568418374e+04 -9.356481540695247531e+03 -8.525589482502875398e+03 -7.795503944727356611e+03 -7.148871402389818286e+03 -6.572032780285651825e+03 -6.054150443433378314e+03 -5.586540191533560574e+03 -5.162171015691995308e+03 -4.775291578264204873e+03 -4.421150088293973567e+03 -4.095782663879059328e+03 -3.795852066406841459e+03 -3.518523724176332507e+03 -3.261369581531315362e+03 -3.022292888430220046e+03 -2.799468883694331453e+03 -2.591297641786055465e+03 -2.396366302418698979e+03 -2.213418592416122465e+03 -2.041330055036890371e+03 -1.879087775811762413e+03 -1.725773672535564856e+03 -1.580550626328825501e+03 -1.442650889098410062e+03 -1.311366323510348820e+03 -1.186040124304617621e+03 -1.066059741401562860e+03 -9.508507808897438736e+02 -8.398717034277119637e+02 -7.326091736621099244e+02 -6.285739410661751663e+02 -5.272971537372179682e+02 -4.283270233644723817e+02 -3.312257727034696586e+02 -2.355676247930508390e-29 -1.409325526226972465e-29 -4.690963213318411986e-30 0.000000000000000000e+00
0.000000000000000000e+00 0.000000000000000000e+00 0.000000000000000000e+00 -6.949219407021478017e-29 -3.838760436723633029e+04 -2.545346269788809150e+04 -2.045017552378556138e+04 -1.809426238518137325e+04 -1.625208297721285453e+04 -1.451146179837862110e+04 -1.295773187588638575e+04 -1.161951122021060473e+04 -1.047389420159953806e+04 -9.488036525803809127e+03 -8.632459002390407477e+03 -7.883322578462599267e+03 -7.221867685047252962e+03 -6.633374577563521598e+03 -6.106224200646965073e+03 -5.631159365619796517e+03 -5.200727369641434962e+03 -4.808864191403058612e+03 -4.450584048001603151e+03 -4.121746231329905640e+03 -3.818878555773334483e+03 -3.539042469614676065e+03 -3.279729054291663488e+03 -3.038778116547912305e+03 -2.814314697568911470e+03 -2.604698832688458424e+03 -2.408485476651126191e+03 -2.224392289937302849e+03 -2.051273549720159281e+03 -1.888098866033656350e+03 -1.733935692498842400e+03 -1.587934851506414134e+03 -1.449318467291110437e+03 -1.317369831965867434e+03 -1.191424830145885608e+03 -1.070864625135450297e+03 -9.551093694961371057e+02 -8.436127493735629059e+02 -7.358572083513089410e+02 -6.313497251462231361e+02 -5.296180419078863224e+02 -4.302072575533089207e+02 -3.326767144472181030e+02 -2.365979412435791737e-29 -1.415483297982273689e-29 -4.711449086575933985e-30 0.000000000000000000e+00
0.000000000000000000e+00 0.000000000000000000e+00 0.000000000000000000e+00 -6.949219407021478017e-29 -3.838760436723633029e+04 -2.545346269788809150e+04 -2.045017552378556138e+04 -1.809426238518137325e+04 -1.625208297721285453e+04 -1.451146179837862110e+04 -1.295773187588638575e+04 -1.161951122021060473e+04 -1.047389420159953806e+04 -9.488036525803809127e+03 -8.632459002390407477e+03 -7.883322578462599267e+03 -7.221867685047252962e+03 -6.633374577563521598e+03 -6.106224200646965073e+03 -5.631159365619796517e+03 -5.200727369641434962e+03 -4.808864191403058612e+03 -4.450584048001603151e+03 -4.121746231329905640e+03 -3.818878555773334483e+03 -3.539042469614676065e+03 -3.279729054291663488e+03 -3.038778116547912305e+03 -2.814314697568911470e+03 -2.604698832688458424e+03 -2.408485476651126191e+03 -2.224392289937302849e+03 -2.051273549720159281e+03 -1.888098866033656350e+03 -1.733935692498842400e+03 -1.587934851506414134e+03 -1.449318467291110437e+03 -1.317369831965867434e+03 -1.191424830145885608e+03 -1.070864625135450297e+03 -9.551093694961371057e+02 -8.436127493735629059e+02 -7.358572083513089410e+02 -6.313497251462231361e+02 -5.296180419078863224e+02 -4.302072575533089207e+02 -3.326767144472181030e+02 -2.365979412435791737e-29 -1.415483297982273689e-29 -4.711449086575933985e-30 0.000000000000000000e+00
