0.000000000000000000e+00 0.000000000000000000e+00 0.000000000000000000e+00 0.000000000000000000e+00 5.669079737687303389e-02 7.714012984176032983e-02 8.458473535293251078e-02 8.551195897006831637e-02 8.277887826197072307e-02 7.790563184700081967e-02 7.178008406638511363e-02 6.495066388355157094e-02 5.776923204617833568e-02 5.046752169071826860e-02 4.320066260176728262e-02 3.607319056674936769e-02 2.915523967799771646e-02 2.249299411027012169e-02 1.611565694595690212e-02 1.004023395123096463e-02 4.274903296735934471e-03 -1.178557089472193325e-03 -6.322987976059343124e-03 -1.116452170141323322e-02 -1.571158272309798945e-02 -1.997412969453301462e-02 -2.396307894129818053e-02 -2.768986624849385098e-02 -3.116611528772625025e-02 -3.440338886012244551e-02 -3.741300467850712519e-02 -4.020590144769757568e-02 -4.279254402256384843e-02 -4.518285874243421069e-02 -4.738619185791058397e-02 -4.941128541247289535e-02 -5.126626610346242396e-02 -5.295864358548502127e-02 -5.449531543768089403e-02 -5.588257662782018798e-02 -5.712613179699397442e-02 -5.823110908011384229e-02 -5.920207448726005905e-02 -6.004304611402654090e-02 -6.075750763796073511e-02 -6.134842070354472321e-02 -6.181823590874831881e-02 -6.216890218937622808e-02 -6.240187445933419869e-02 -6.251811941063117883e-02 -6.251811941063117883e-02
0.000000000000000000e+00 0.000000000000000000e+00 0.000000000000000000e+00 0.000000000000000000e+00 5.669079737687303389e-02 7.714012984176032983e-02 8.458473535293251078e-02 8.551195897006831637e-02 8.277887826197072307e-02 7.790563184700081967e-02 7.178008406638511363e-02 6.495066388355157094e-02 5.776923204617833568e-02 5.046752169071826860e-02 4.320066260176728262e-02 3.607319056674936769e-02 2.915523967799771646e-02 2.249299411027012169e-02 1.611565694595690212e-02 1.004023395123096463e-02 4.274903296735934471e-03 -1.178557089472193325e-03 -6.322987976059343124e-03 -1.116452170141323322e-02 -1.571158272309798945e-02 -1.997412969453301462e-02 -2.396307894129818053e-02 -2.768986624849385098e-02 -3.116611528772625025e-02 -3.440338886012244551e-02 -3.741300467850712519e-02 -4.020590144769757568e-02 -4.279254402256384843e-02 -4.518285874243421069e-02 -4.738619185791058397e-02 -4.941128541247289535e-02 -5.126626610346242396e-02 -5.295864358548502127e-02 -5.449531543768089403e-02 -5.588257662782018798e-02 -5.712613179699397442e-02 -5.823110908011384229e-02 -5.920207448726005905e-02 -6.004304611402654090e-02 -6.075750763796073511e-02 -6.134842070354472321e-02 -6.181823590874831881e-02 -6.216890218937622808e-02 -6.240187445933419869e-02 -6.251811941063117883e-02 -6.251811941063117883e-02
0.000000000000000000e+00 0.000000000000000000e+00 0.000000000000000000e+00 0.000000000000000000e+00 5.719297062377329960e-02 7.739415659002650549e-02 8.439981446929943620e-02 8.499154963013491604e-02 8.206399730214297694e-02 7.710141091979583194e-02 7.095212658442698328e-02 6.413641857283990111e-02 5.698858045125995003e-02 4.972997814484120954e-02 4.250980078473120399e-02 3.542926106851761181e-02 2.855669501147991424e-02 2.193737200263578060e-02 1.560008947836046163e-02 9.561738231457922454e-03 3.830543991274660935e-03 -1.591580695399027199e-03 -6.707299423654751805e-03 -1.152255093402157829e-02 -1.604556479706095717e-02 -2.028611200215567345e-02 -2.425493294269173705e-02 -2.796330129549659885e-02 -3.142269309301011504e-02 -3.464453776232215981e-02 -3.764003322466227819e-02 -4.042001104440248738e-02 -4.299484054972076141e-02 -4.537436311080065426e-02 -4.756784954384578323e-02 -4.958397503309705523e-02 -5.143080711091955332e-02 -5.311580316535811225e-02 -5.464581469724746204e-02 -5.602709615700037643e-02 -5.726531668001180742e-02 -5.836557343005756987e-02 -5.933240556953268963e-02 -6.016980811855518474e-02 -6.088124515424976624e-02 -6.146966194738222311e-02 -6.193749574470622937e-02 -6.228668498922818736e-02 -6.251867683317990920e-02 -6.263443284485721574e-02 -6.263443284485721574e-02
0.000000000000000000e+00 0.000000000000000000e+00 0.000000000000000000e+00 0.000000000000000000e+00 6.001100816908688795e-02 7.858110480996530200e-02 8.417482615222848796e-02 8.394825935506963765e-02 8.061184082015913910e-02 7.547939405725473394e-02 6.929283712048438237e-02 6.251109969225254748e-02 5.543377276974350426e-02 4.826267079745238942e-02 4.113601276056456924e-02 3.414892957021910952e-02 2.736648060198232021e-02 2.083227674467491922e-02 1.457439079132370752e-02 8.609523862370408592e-03 2.946012290988364070e-03 -2.413959467338080804e-03 -7.472704257236632321e-03 -1.223577995751406848e-02 -1.671103357120412927e-02 -2.090786788908977414e-02 -2.483667804268686191e-02 -2.850841938702214362e-02 -3.193427782385964420e-02 -3.512542046444722815e-02 -3.809280942760807226e-02 -4.084706520157540405e-02 -4.339836876580548120e-02 -4.575639382785009340e-02 -4.793026224567082522e-02 -4.992851708652092796e-02 -5.175910889359398165e-02 -5.342939164314418343e-02 -5.494612561620151880e-02 -5.631548501012070829e-02 -5.754306859999790830e-02 -5.863391214834608872e-02 -5.959250157009535892e-02 -6.042278610321884930e-02 -6.112819092517881442e-02 -6.171162880218624552e-02 -6.217551047060339980e-02 -6.252175353491744303e-02 -6.275178973059739040e-02 -6.286657044783255932e-02 -6.286657044783255932e-02
5.641408797371082889e-02 5.641408797371082889e-02 5.693606671360616073e-02 5.981532650504537557e-02 7.434705768078436749e-02 8.195451212094791160e-02 8.392834116211857209e-02 8.227824355886491359e-02 7.835504493528078207e-02 7.301144506828854963e-02 6.679824142458409830e-02 6.008331650719208467e-02 5.311907244901925562e-02 4.608172461456946228e-02 3.909533338581298173e-02 3.224721350421962812e-02 2.559822107211057532e-02 1.918985261849586940e-02 1.304928014468521164e-02 7.193004787914986965e-03 1.629559277660753806e-03 -3.638461375313491609e-03 -8.612854660762159914e-03 -1.329862366045208785e-02 -1.770305965723277877e-02 -2.183503083422562788e-02 -2.570443070594719340e-02 -2.932175162864980936e-02 -3.269775693647521131e-02 -3.584323113306799730e-02 -3.876879190142865778e-02 -4.148475097262648709e-02 -4.400101343622415950e-02 -4.632700708926178190e-02 -4.847163504219528102e-02 -5.044324611992247881e-02 -5.224961867634268786e-02 -5.389795432659692798e-02 -5.539487882602577712e-02 -5.674644791568190377e-02 -5.795815643290880975e-02 -5.903494937056157077e-02 -5.998123387573883053e-02 -6.080089142201210856e-02 -6.149728957974890525e-02 -6.207329295716530748e-02 -6.253127299864115474e-02 -6.287311641366892523e-02 -6.310023207551955504e-02 -6.321355627825404888e-02 -6.321355627825404888e-02
7.632053249956126384e-02 7.632053249956126384e-02 7.661761864638490238e-02 7.791295817691538950e-02 8.151893750078870182e-02 8.328694650660362075e-02 8.251598972823073752e-02 7.961958691392946597e-02 7.517217452015917400e-02 6.966435879965368616e-02 6.347141790524853111e-02 5.687140219463616975e-02 5.006853403805691660e-02 4.321236890391723373e-02 3.641201212323358360e-02 2.974643666512701706e-02 2.327198941851181535e-02 1.702791081590006306e-02 1.104044671850823965e-02 5.325951479031264951e-03 -1.067424890752726872e-04 -5.254496864969286293e-03 -1.011844605597088560e-02 -1.470288554694997203e-02 -1.901439958322384549e-02 -2.306117607506440181e-02 -2.685246940533186563e-02 -3.039818091336063399e-02 -3.370853340933867293e-02 -3.679382094301823086e-02 -3.966421874202198661e-02 -4.232964110221579257e-02 -4.479963728941539769e-02 -4.708331735250891742e-02 -4.918930125575325663e-02 -5.112568598246058221e-02 -5.290002629275663421e-02 -5.451932567090880810e-02 -5.599003470116899195e-02 -5.731805468821175170e-02 -5.850874480858900967e-02 -5.956693145999963912e-02 -6.049691878027011610e-02 -6.130249955055692979e-02 -6.198696588850502454e-02 -6.255311928648379927e-02 -6.300327966571987737e-02 -6.333929320605201363e-02 -6.356253877895916282e-02 -6.367393286333677960e-02 -6.367393286333677960e-02
8.296064670934072405e-02 8.296064670934072405e-02 8.284065230984549721e-02 8.276449244628081292e-02 8.279251739887927286e-02 8.183645963396581069e-02 7.947288425975335135e-02 7.577397990239635728e-02 7.099903419271826055e-02 6.543456205725192709e-02 5.933497536078397028e-02 5.290818936751417317e-02 4.631768739354984871e-02 3.968927641078767027e-02 3.311826443564665212e-02 2.667574764236881404e-02 2.041376251915184847e-02 1.436940146117607689e-02 8.568071968657596862e-03 3.026074556571983504e-03 -2.247354238785284532e-03 -7.248418126599363333e-03 -1.197746728812551162e-02 -1.643796599178089582e-02 -2.063566878423564802e-02 -2.457796422714503964e-02 -2.827335392577339998e-02 -3.173104116846357792e-02 -3.496060847973790631e-02 -3.797176723598648385e-02 -4.077416552178174391e-02 -4.337724283917139545e-02 -4.579012227345984759e-02 -4.802153236965599203e-02 -5.007975235392353452e-02 -5.197257549286762868e-02 -5.370728635592270095e-02 -5.529064855986562388e-02 -5.672890025190730628e-02 -5.802775514797012951e-02 -5.919240740240062915e-02 -6.022753895943630531e-02 -6.113732833858361720e-02 -6.192546004751468131e-02 -6.259513400758522084e-02 -6.314907452767865026e-02 -6.358953847960710504e-02 -6.391832241941559911e-02 -6.413676846928315078e-02 -6.424576882908118736e-02 -6.424576882908118736e-02
8.282416493841057714e-02 8.282416493841057714e-02 8.238789074839801552e-02 8.152816832962271609e-02 8.017213524665689484e-02 7.799889200001025591e-02 7.484653715918276884e-02 7.075122356850963024e-02 6.586134426833424593e-02 6.036261972294348910e-02 5.443653165455283188e-02 4.824261903357539988e-02 4.191354023088826597e-02 3.555592525242332047e-02 2.925341691123981361e-02 2.307023872380578253e-02 1.705459791610358308e-02 1.124168123623360376e-02 5.656196003024771025e-03 3.144858391584390614e-04 -4.773724573058910244e-03 -9.603898321179821923e-03 -1.417551644742631907e-02 -1.849112472255413225e-02 -2.255555960434880991e-02 -2.637532240319779772e-02 -2.995807600932613723e-02 -3.331224287532624784e-02 -3.644668647126233368e-02 -3.937046131344911631e-02 -4.209261905749359794e-02 -4.462206015173222906e-02 -4.696742224844375341e-02 -4.913699802328032329e-02 -5.113867629792157726e-02 -5.297990142598033719e-02 -5.466764681009669835e-02 -5.620839918751839581e-02 -5.760815096860867623e-02 -5.887239845258057658e-02 -6.000614419118756315e-02 -6.101390213699725562e-02 -6.189970451010889246e-02 -6.266710955653295723e-02 -6.331920956259105837e-02 -6.385863864113268396e-02 -6.428757992451460124e-02 -6.460777189253605335e-02 -6.482051363631677332e-02 -6.492666891609744084e-02 -6.492666891609744084e-02
7.876679730135524582e-02 7.876679730135524582e-02 7.815257627361191228e-02 7.691384173523575785e-02 7.500675905689854761e-02 7.234089223183706729e-02 6.888253666859188440e-02 6.468245305995576344e-02 5.985117697899956096e-02 5.452570090072214604e-02 4.884516219322752872e-02 4.293729262983777412e-02 3.691257174837035693e-02 3.086287878082213249e-02 2.486242686497189616e-02 1.896967951427897328e-02 1.322955853238897556e-02 7.675606408140261787e-03 2.331956670171314323e-03 -2.784937444852014082e-03 -7.664819191031352862e-03 -1.230237214186587907e-02 -1.669616694449743352e-02 -2.084778496158599947e-02 -2.476109411456751952e-02 -2.844165459690700670e-02 -3.189623470617158202e-02 -3.513241952152323239e-02 -3.815829741426744054e-02 -4.098221140245241617e-02 -4.361256416014461929e-02 -4.605766709046085761e-02 -4.832562528972251387e-02 -5.042425148514662059e-02 -5.236100313369434350e-02 -5.414293783629451490e-02 -5.577668305999562703e-02 -5.726841688093868565e-02 -5.862385707392639422e-02 -5.984825639062368863e-02 -6.094640229899623424e-02 -6.192261981223293882e-02 -6.278077632642845018e-02 -6.352428762235792781e-02 -6.415612437657670919e-02 -6.467881867871194679e-02 -6.509447017214879672e-02 -6.540475153039695955e-02 -6.561091305648533711e-02 -6.571378625225436643e-02 -6.571378625225436643e-02
7.230567001289514573e-02 7.230567001289514573e-02 7.161634211114137338e-02 7.023364890941927174e-02 6.814764512095096427e-02 6.534917267090406545e-02 6.185981570628003301e-02 5.774261404535983161e-02 5.309279121256475775e-02 4.802176700692443317e-02 4.264316639364919281e-02 3.706353603396245200e-02 3.137739155651431827e-02 2.566532469484502851e-02 1.999397309717758017e-02 1.441699045241663299e-02 8.976471350024417192e-03 3.704513838619910918e-03 -1.375251297369512772e-03 -6.246248562076806357e-03 -1.089769785258075559e-02 -1.532351476587916726e-02 -1.952136554163674820e-02 -2.349186459669568017e-02 -2.723790002882840733e-02 -3.076407193434915407e-02 -3.407622888635708502e-02 -3.718108891877792282e-02 -4.008593257410594801e-02 -4.279835685369417358e-02 -4.532608018211348178e-02 -4.767678972000704424e-02 -4.985802350917527964e-02 -5.187708099507284953e-02 -5.374095643718689030e-02 -5.545629058301226877e-02 -5.702933674627993360e-02 -5.846593809746648135e-02 -5.977151354956816015e-02 -6.095105011156291136e-02 -6.200909999396759381e-02 -6.294978109403656652e-02 -6.377677977115693564e-02 -6.449335505431455506e-02 -6.510234361103657552e-02 -6.560616495817965521e-02 -6.600682651578602955e-02 -6.630592820165470691e-02 -6.650466634122274845e-02 -6.660383672912618958e-02 -6.660383672912618958e-02
6.432520793166250639e-02 6.432520793166250639e-02 6.362456658006641896e-02 6.222744750942934416e-02 6.014414318428949052e-02 5.739673036601827122e-02 5.402850065812942609e-02 5.010664279142921368e-02 4.571696254458236519e-02 4.095499555063636388e-02 3.591746924925443701e-02 3.069596264348717352e-02 2.537303671850950695e-02 2.002038812977660620e-02 1.469841187080586122e-02 9.456636312256339744e-03 4.334637293853133358e-03 -6.368295790971781941e-04 -5.434639449422658600e-03 -1.004214457836637153e-02 -1.444810610705713969e-02 -1.864573405837771647e-02 -2.263184262744243058e-02 -2.640611878376715113e-02 -2.997049729804980231e-02 -3.332863285656666869e-02 -3.648545893394104789e-02 -3.944682296177996761e-02 -4.221918769991436088e-02 -4.480938937414661455e-02 -4.722444395708518677e-02 -4.947139385221453745e-02 -5.155718813981874371e-02 -5.348859041893617994e-02 -5.527210910678474060e-02 -5.691394581979816736e-02 -5.841995814928757635e-02 -5.979563375592764768e-02 -6.104607324102634403e-02 -6.217597971212059788e-02 -6.318965335113782555e-02 -6.409098962168213731e-02 -6.488348002504598644e-02 -6.557021453951693279e-02 -6.615388506139531499e-02 -6.663678931536766437e-02 -6.702083482239315493e-02 -6.730754261033539132e-02 -6.749805043085829737e-02 -6.759311530967651582e-02 -6.759311530967651582e-02
5.537053880502768033e-02 5.537053880502768033e-02 5.469467313320630630e-02 5.335210098738073919e-02 5.136274253361410719e-02 4.876011987420125759e-02 4.559405763701017411e-02 4.193023172409055671e-02 3.784620975808185989e-02 3.342569983409191675e-02 2.875287062188157730e-02 2.390783957224431461e-02 1.896365790740635326e-02 1.398466058237072748e-02 9.025868257480543222e-03 4.133112138437178805e-03 -6.563928156912339582e-04 -5.313229467130995386e-03 -9.814853978335133511e-03 -1.414465483489429388e-02 -1.829104980146741000e-02 -2.224665133603460909e-02 -2.600751539632500595e-02 -2.957247867172180245e-02 -3.294258316545296827e-02 -3.612058342615539347e-02 -3.911052971505155768e-02 -4.191741942773587887e-02 -4.454690879940918086e-02 -4.700507706766134108e-02 -4.929823568603082518e-02 -5.143277576397632667e-02 -5.341504757731689590e-02 -5.525126669313015770e-02 -5.694744194636536944e-02 -5.850932116605894046e-02 -5.994235116039834527e-02 -6.125164902250854887e-02 -6.244198230869103805e-02 -6.351775606786062844e-02 -6.448300506780363373e-02 -6.534138987510355878e-02 -6.609619570667393806e-02 -6.675033318774750701e-02 -6.730634032989958604e-02 -6.776638518896133112e-02 -6.813226878184534818e-02 -6.840542793818883693e-02 -6.858693784163391594e-02 -6.867751408033964666e-02 -6.867751408033964666e-02
4.579058021222381231e-02 4.579058021222381231e-02 4.515839884285566264e-02 4.390530707706546271e-02 4.205459746677707444e-02 3.964254501871206787e-02 3.671861617267492550e-02 3.334393502737402482e-02 2.958802031834181778e-02 2.552462751000188212e-02 2.122765530752119406e-02 1.676776500529906025e-02 1.220997439655205873e-02 7.612208147962588010e-03 3.024643375241976417e-03 -1.510353296067139641e-03 -5.957887749177027958e-03 -1.028995439062942684e-02 -1.448472173519491091e-02 -1.852576857836917001e-02 -2.240132456861348639e-02 -2.610354890374623482e-02 -2.962786665032142788e-02 -3.297237241111429518e-02 -3.613730452286900013e-02 -3.912458870934332200e-02 -4.193744745376289801e-02 -4.458006980148990217e-02 -4.705733551559045796e-02 -4.937458724439367647e-02 -5.153744445009487279e-02 -5.355165316784857993e-02 -5.542296612606323336e-02 -5.715704829550349170e-02 -5.875940350023192010e-02 -6.023531828421861689e-02 -6.158981976122725882e-02 -6.282764466831614047e-02 -6.395321728727274002e-02 -6.497063429053241690e-02 -6.588365490896663790e-02 -6.669569511095345404e-02 -6.740982472936972447e-02 -6.802876668029383955e-02 -6.855489758932484246e-02 -6.899024928346231267e-02 -6.933651072319697850e-02 -6.959503004519686231e-02 -6.976681646469014286e-02 -6.985254185190568899e-02 -6.985254185190568899e-02
3.581452165107801983e-02 3.581452165107801983e-02 3.523489046747348141e-02 3.408722113057902764e-02 3.239486155564520742e-02 3.019288127839769853e-02 2.752732822347737224e-02 2.445342774713831629e-02 2.103283945805679150e-02 1.733044876339050536e-02 1.341123880122942549e-02 9.337643644768661710e-03 5.167575949202789058e-03 9.531502100930832775e-04 -3.259981692775925505e-03 -7.432810552168800031e-03 -1.153279837996582999e-02 -1.553347274565584565e-02 -1.941388105516072063e-02 -2.315797551403001725e-02 -2.675397918197183408e-02 -3.019376724566405490e-02 -3.347228525640522784e-02 -3.658701699451235440e-02 -3.953750814279279047e-02 -4.232494745471000047e-02 -4.495180408287095114e-02 -4.742151779867814082e-02 -4.973823768856273225e-02 -5.190660433423915227e-02 -5.393157030730420104e-02 -5.581825390674693965e-02 -5.757182134692111902e-02 -5.919739299227460422e-02 -6.069996968106571023e-02 -6.208437564538987069e-02 -6.335521499252516620e-02 -6.451683914529668384e-02 -6.557332303619496650e-02 -6.652844820586775731e-02 -6.738569126962497269e-02 -6.814821648662149067e-02 -6.881887139799854058e-02 -6.940018469604697371e-02 -6.989436565048408323e-02 -7.030330455443133120e-02 -7.062857376575946977e-02 -7.087142901302595499e-02 -7.103281071284341108e-02 -7.111334511044971329e-02 -7.111334511044971329e-02
2.559529324770299860e-02 2.559529324770299860e-02 2.507141171064822260e-02 2.403461782654398374e-02 2.250670260185821947e-02 2.051979530443891891e-02 1.811530252338994229e-02 1.534216104260393253e-02 1.225453172529590053e-02 8.909237133013028082e-03 5.363281105323540812e-03 1.671712453061579033e-03 -2.114024469285255559e-03 -5.947218723522208067e-03 -9.786542819586610889e-03 -1.359630473987540750e-02 -1.734639506067472622e-02 -2.101201772856313779e-02 -2.457328028545156459e-02 -2.801470397727510303e-02 -3.132469936981000652e-02 -3.449504026507509147e-02 -3.752035828805136419e-02 -4.039767240414707944e-02 -4.312596152497608082e-02 -4.570578390109100025e-02 -4.813894384348100380e-02 -5.042820416737469474e-02 -5.257704137134832506e-02 -5.458943975879343435e-02 -5.646972032430681160e-02 -5.822240014403023967e-02 -5.985207813232983065e-02 -6.136334328489838341e-02 -6.276070186533889983e-02 -6.404852036775840474e-02 -6.523098147259771828e-02 -6.631205058675498920e-02 -6.729545090909294647e-02 -6.818464528116456591e-02 -6.898282336698320638e-02 -6.969289295427283371e-02 -7.031747438416946494e-02 -7.085889729930368308e-02 -7.131919905477171473e-02 -7.170012426617397572e-02 -7.200312507719835997e-02 -7.222936181955075252e-02 -7.237970381359784544e-02 -7.245473012182200578e-02 -7.245473012182200578e-02
1.523546133102493712e-02 1.523546133102493712e-02 1.476744319349415288e-02 1.384132089916982090e-02 1.247664494589477251e-02 1.070196129407673981e-02 8.553710396731526930e-03 6.074654478756931313e-03 3.311947568385948098e-03 3.150540654313349880e-04 -2.866260048166976299e-03 -6.183682981641041264e-03 -9.591752168160492739e-03 -1.304885251201007464e-02 -1.651783609131370067e-02 -1.996631432482977656e-02 -2.336668788978206110e-02 -2.669598103517643872e-02 -2.993554074311122887e-02 -3.307065152180428680e-02 -3.609010610526480062e-02 -3.898576246339403167e-02 -4.175210897785355812e-02 -4.438585261944124477e-02 -4.688553942157357851e-02 -4.925121231417058792e-02 -5.148410825667455726e-02 -5.358639438356099099e-02 -5.556094136524167282e-02 -5.741113123168412047e-02 -5.914069637103739480e-02 -6.075358619055116344e-02 -6.225385792280097724e-02 -6.364558820585862475e-02 -6.493280230656328644e-02 -6.611941814980806797e-02 -6.720920263316476628e-02 -6.820573802363118221e-02 -6.911239653731805765e-02 -6.993232148452262209e-02 -7.066841361700788859e-02 -7.132332153955119047e-02 -7.189943524413185127e-02 -7.239888199404723168e-02 -7.282352392914416550e-02 -7.317495688502609341e-02 -7.345451002149283593e-02 -7.366324594153159100e-02 -7.380196105472289214e-02 -7.387118600058018014e-02 -7.387118600058018014e-02
4.803267845146318334e-03 4.803267845146318334e-03 4.389641292766273580e-03 3.571098225403379102e-03 2.364748170027784670e-03 7.954470215666727259e-04 -1.105224166630759241e-03 -3.300321429177382592e-03 -5.749143980808761427e-03 -8.408937354462370922e-03 -1.123653745925761588e-02 -1.418982632056577792e-02 -1.722891650986648274e-02 -2.031702970950072587e-02 -2.342107445332791693e-02 -2.651195462974885106e-02 -2.956465435931719676e-02 -3.255814916535094972e-02 -3.547519123017225939e-02 -3.830201081057781065e-02 -4.102796864781790842e-02 -4.364518678423116860e-02 -4.614817834658674345e-02 -4.853349093277705556e-02 -5.079937335338532978e-02 -5.294547160208683267e-02 -5.497255695768114153e-02 -5.688228692630080408e-02 -5.867699818078421503e-02 -6.035952961873159578e-02 -6.193307302822401855e-02 -6.340104852305339378e-02 -6.476700180594552325e-02 -6.603452037208157321e-02 -6.720716592332988404e-02 -6.828842048509270457e-02 -6.928164397189136292e-02 -7.019004121259889151e-02 -7.101663670626318092e-02 -7.176425562480438780e-02 -7.243550980366790515e-02 -7.303278766291812496e-02 -7.355824717855770356e-02 -7.401381117777973417e-02 -7.440116436404545230e-02 -7.472175159049972148e-02 -7.497677699570691467e-02 -7.516720369649962374e-02 -7.529375380132501128e-02 -7.535690856617259514e-02 -7.535690856617259514e-02
-5.657099671565965666e-03 -5.657099671565965666e-03 -6.018523505576028540e-03 -6.733870400005023335e-03 -7.788435370762078827e-03 -9.160908451318472770e-03 -1.082427031459815350e-02 -1.274694426781499898e-02 -1.489412412226207710e-02 -1.722916958910412563e-02 -1.971495634018905971e-02 -2.231508531067095957e-02 -2.499488633059684939e-02 -2.772218466932670905e-02 -3.046782820538074948e-02 -3.320599412077574614e-02 -3.591430674575352144e-02 -3.857380371334657998e-02 -4.116878786767558251e-02 -4.368659932497695464e-02 -4.611733727530736154e-02 -4.845355565693989369e-02 -5.068995145701840621e-02 -5.282305950462815730e-02 -5.485096342353303067e-02 -5.677302895938352023e-02 -5.858966316493979115e-02 -6.030210084656736913e-02 -6.191221815545442514e-02 -6.342237215206690537e-02 -6.483526449047440077e-02 -6.615382697718283356e-02 -6.738112658477564409e-02 -6.852028748345015408e-02 -6.957442774420598275e-02 -7.054660852720229247e-02 -7.143979376800245473e-02 -7.225681859121116379e-02 -7.300036489989070176e-02 -7.367294279973859994e-02 -7.427687671284835536e-02 -7.481429521343183064e-02 -7.528712377575273729e-02 -7.569707976276639216e-02 -7.604566910360929799e-02 -7.633418421074891769e-02 -7.656370277523259771e-02 -7.673508715312107875e-02 -7.684898411995656764e-02 -7.690582482500880890e-02 -7.690582482500880890e-02
-1.611874388324720242e-02 -1.611874388324720242e-02 -1.643036800670929359e-02 -1.704726472462649717e-02 -1.795699349013238702e-02 -1.914154471954567296e-02 -2.057809876012034814e-02 -2.223998264591084753e-02 -2.409775902485000731e-02 -2.612036551377614271e-02 -2.827622078221873198e-02 -3.053422545926041606e-02 -3.286460666936790592e-02 -3.523957858590295866e-02 -3.763381295082628836e-02 -4.002473023532612112e-02 -4.239263313705168151e-02 -4.472070986947807719e-02 -4.699493629718883708e-02 -4.920390467054111538e-02 -5.133860365540213883e-02 -5.339217043672447871e-02 -5.535963153626942412e-02 -5.723764503524619851e-02 -5.902425336642357773e-02 -6.071865284618561953e-02 -6.232098368023842455e-02 -6.383214227073877312e-02 -6.525361622213181334e-02 -6.658734141923672301e-02 -6.783557986222996106e-02 -6.900081652040737645e-02 -7.008567324799991338e-02 -7.109283773743599322e-02 -7.202500552387085253e-02 -7.288483316389023081e-02 -7.367490086330008570e-02 -7.439768300304518134e-02 -7.505552519350933149e-02 -7.565062666539473790e-02 -7.618502697335875762e-02 -7.666059614268816436e-02 -7.707902752763731713e-02 -7.744183277220983985e-02 -7.775033837065772890e-02 -7.800568341695314489e-02 -7.820881821148117918e-02 -7.836050346088201113e-02 -7.846130986509659844e-02 -7.851161793597584426e-02 -7.851161793597584426e-02
-2.656749738428126548e-02 -2.656749738428126548e-02 -2.683164697277653360e-02 -2.735466066306680918e-02 -2.812618938727848988e-02 -2.913125543297124392e-02 -3.035087911618545783e-02 -3.176285995141809454e-02 -3.334265964922459441e-02 -3.506432461302004533e-02 -3.690138494600903735e-02 -3.882767519349974300e-02 -4.081803640687266255e-02 -4.284887592577577009e-02 -4.489857727271336779e-02 -4.694776561847260887e-02 -4.897944350274758413e-02 -5.097901691134185120e-02 -5.293423400281681984e-02 -5.483505855180813293e-02 -5.667349834457207497e-02 -5.844340601896185622e-02 -6.014026671928142387e-02 -6.176098380993188391e-02 -6.330367099767074401e-02 -6.476745668192482319e-02 -6.615230424069901138e-02 -6.745885026935748152e-02 -6.868826149194726116e-02 -6.984211011306173944e-02 -7.092226671821774686e-02 -7.193080940723725614e-02 -7.286994760656648196e-02 -7.374195890704619838e-02 -7.454913727451074890e-02 -7.529375104997367008e-02 -7.597800926896781937e-02 -7.660403496671966406e-02 -7.717384428321306944e-02 -7.768933032994319865e-02 -7.815225092172153887e-02 -7.856421940823564432e-02 -7.892669795906211150e-02 -7.924099276170347428e-02 -7.950825068513327210e-02 -7.972945704206249595e-02 -7.990543415283563045e-02 -8.003684047388053002e-02 -8.012417010541464379e-02 -8.016775253811438129e-02 -8.016775253811438129e-02
-3.699879292312002743e-02 -3.699879292312002743e-02 -3.721754444781065485e-02 -3.765074383055146828e-02 -3.828996466467703141e-02 -3.912301039218740728e-02 -4.013441872836021052e-02 -4.130608660867709364e-02 -4.261797418929540171e-02 -4.404884043497243884e-02 -4.557696275964510935e-02 -4.718079898815682321e-02 -4.883955998121604358e-02 -5.053367330654577605e-02 -5.224513016926357611e-02 -5.395771787655067459e-02 -5.565714760363658226e-02 -5.733109199425588665e-02 -5.896914944821531057e-02 -6.056275232371145095e-02 -6.210503527486220532e-02 -6.359067807567038433e-02 -6.501573497758834919e-02 -6.637746022864773887e-02 -6.767413706617077251e-02 -6.890491541594662150e-02 -7.006966175646731076e-02 -7.116882315826658645e-02 -7.220330637500457782e-02 -7.317437201500184840e-02 -7.408354321994661817e-02 -7.493252787870571807e-02 -7.572315316685479525e-02 -7.645731108872080850e-02 -7.713691367548179689e-02 -7.776385653284335897e-02 -7.833998951309625869e-02 -7.886709339201619651e-02 -7.934686154848211159e-02 -7.978088576482886274e-02 -8.017064538270191054e-02 -8.051749915864697682e-02 -8.082267926367424360e-02 -8.108728696061702490e-02 -8.131228957218096520e-02 -8.149851842162637861e-02 -8.164666748790079531e-02 -8.175729256880887030e-02 -8.183081079062302921e-02 -8.186750034162801337e-02 -8.186750034162801337e-02
-4.741549146018974453e-02 -4.741549146018974453e-02 -4.759057024563635718e-02 -4.793733215521672059e-02 -4.844912778945742460e-02 -4.911632974258575701e-02 -4.992672559285747658e-02 -5.086600329488693423e-02 -5.191829726219941710e-02 -5.306675958134401960e-02 -5.429412093515841031e-02 -5.558320988507185756e-02 -5.691740620221342334e-02 -5.828101249403173922e-02 -5.965953699783117792e-02 -6.103988798948389860e-02 -6.241048613305683057e-02 -6.376130505958793604e-02 -6.508385261911481257e-02 -6.637110589957391504e-02 -6.761741262793327656e-02 -6.881837033956465788e-02 -6.997069304939140810e-02 -7.107207334159210133e-02 -7.212104600048196978e-02 -7.311685765579196972e-02 -7.405934548018244801e-02 -7.494882678466117942e-02 -7.578600040962439610e-02 -7.657186008834393487e-02 -7.730761943840701311e-02 -7.799464788291132766e-02 -7.863441658467214268e-02 -7.922845336297131003e-02 -7.977830552664268160e-02 -8.028550957693637857e-02 -8.075156679024669826e-02 -8.117792377008362092e-02 -8.156595714874997904e-02 -8.191696171421970762e-02 -8.223214133126056924e-02 -8.251260211438968262e-02 -8.275934739172458032e-02 -8.297327407219957929e-02 -8.315517009371820034e-02 -8.330571268688048703e-02 -8.342546723858233759e-02 -8.351488658282875399e-02 -8.357431058347167263e-02 -8.360396590622765078e-02 -8.360396590622765078e-02
-5.782637222255794518e-02 -5.782637222255794518e-02 -5.795908699089173666e-02 -5.822197137420632301e-02 -5.861004034261548673e-02 -5.911607323805762731e-02 -5.973090442026152830e-02 -6.044378189774118892e-02 -6.124277091358942826e-02 -6.211517693629975412e-02 -6.304796262945759622e-02 -6.402813610736453331e-02 -6.504309254415140129e-02 -6.608089708894106240e-02 -6.713050310499853179e-02 -6.818190522535004516e-02 -6.922623110730807827e-02 -7.025577886348310930e-02 -7.126400896537625484e-02 -7.224550012565213175e-02 -7.319587850966903508e-02 -7.411172886538279492e-02 -7.499049503154095464e-02 -7.583037598388070455e-02 -7.663022225636516305e-02 -7.738943633145571599e-02 -7.810787949218653270e-02 -7.878578669993450967e-02 -7.942369031260120005e-02 -8.002235288010570158e-02 -8.058270882980012040e-02 -8.110581456107661402e-02 -8.159280628212750575e-02 -8.204486481955643173e-02 -8.246318659261413220e-02 -8.284895995051901052e-02 -8.320334610902387074e-02 -8.352746397958213387e-02 -8.382237825233665451e-02 -8.408909016624720179e-02 -8.432853047147619019e-02 -8.454155415766399784e-02 -8.472893658515084914e-02 -8.489137071360700060e-02 -8.502946517361870127e-02 -8.514374297167900951e-02 -8.523464065817767943e-02 -8.530250782196542592e-02 -8.534760680458759741e-02 -8.537011255308282753e-02 -8.537011255308282753e-02
-6.824509612202513120e-02 -6.824509612202513120e-02 -6.833629117560639787e-02 -6.851694878026697022e-02 -6.878367427415980895e-02 -6.913154732894151444e-02 -6.955431629401703786e-02 -7.004463833850713139e-02 -7.059435038577775712e-02 -7.119475418308576775e-02 -7.183689881626355300e-02 -7.251184557083933946e-02 -7.321090294320661829e-02 -7.392582329858031487e-02 -7.464895658339976148e-02 -7.537336013242586230e-02 -7.609286662069865426e-02 -7.680211442327794513e-02 -7.749654603437859668e-02 -7.817238084088623529e-02 -7.882656858266888500e-02 -7.945672942542837680e-02 -8.006108587808112576e-02 -8.063839094160293874e-02 -8.118785598697396411e-02 -8.170908100345514180e-02 -8.220198908483651590e-02 -8.266676635788069993e-02 -8.310380801403963180e-02 -8.351367068052273357e-02 -8.389703105000494154e-02 -8.425465046538632707e-02 -8.458734501106580927e-02 -8.489596057926009076e-02 -8.518135234433286962e-02 -8.544436807709997195e-02 -8.568583475398389160e-02 -8.590654795414133515e-02 -8.610726358468642760e-02 -8.628869152496433659e-02 -8.645149083203156060e-02 -8.659626619871284292e-02 -8.672356540140248315e-02 -8.683387751636205409e-02 -8.692763172035762598e-02 -8.700519652410815263e-02 -8.706687931546759629e-02 -8.711292611393707530e-02 -8.714352145950647610e-02 -8.715878837748847197e-02 -8.715878837748847197e-02
-7.868952095898389121e-02 -7.868952095898389121e-02 -7.873953346424615585e-02 -7.883862283010033278e-02 -7.898495365221634701e-02 -7.917586067770625291e-02 -7.940794899854121403e-02 -7.967721894858556531e-02 -7.997920854457447881e-02 -8.030914525001321691e-02 -8.066209851519151597e-02 -8.103312503383494625e-02 -8.141739987108050081e-02 -8.181032834429521894e-02 -8.220763550397786057e-02 -8.260543200173543765e-02 -8.300025683813679056e-02 -8.338909882550415986e-02 -8.376939952721533522e-02 -8.413904095632493418e-02 -8.449632148511224128e-02 -8.483992330878151189e-02 -8.516887450251776903e-02 -8.548250828787745670e-02 -8.578042164678148507e-02 -8.606243493924992105e-02 -8.632855372973520514e-02 -8.657893362843280260e-02 -8.681384861929700159e-02 -8.703366307841711724e-02 -8.723880748189268008e-02 -8.742975765478978867e-02 -8.760701731371794976e-02 -8.777110359601762724e-02 -8.792253523980723962e-02 -8.806182307333872139e-02 -8.818946248254515285e-02 -8.830592754680674505e-02 -8.841166656047928785e-02 -8.850709868834082117e-02 -8.859261153443838410e-02 -8.866855943423493369e-02 -8.873526230842261608e-02 -8.879300494270243871e-02 -8.884203658096910539e-02 -8.888257073967177624e-02 -8.891478516878897898e-02 -8.893882190009821942e-02 -8.895478733655363957e-02 -8.896275234794411013e-02 -8.896275234794411013e-02
-8.918129026433584128e-02 -8.918129026433584128e-02 -8.918990377069287157e-02 -8.920700083918012280e-02 -8.923232180238967193e-02 -8.926547849205497542e-02 -8.930595776670792463e-02 -8.935312875194620363e-02 -8.940625486179910875e-02 -8.946451100153579583e-02 -8.952700554656817244e-02 -8.959280594951860022e-02 -8.966096630068899620e-02 -8.973055493255555071e-02 -8.980068021697160119e-02 -8.987051299827091000e-02 -8.993930455022784709e-02 -9.000639944865101993e-02 -9.007124323602666571e-02 -9.013338516442198634e-02 -9.019247660703798297e-02 -9.024826591868975734e-02 -9.030059060904398194e-02 -9.034936768799982365e-02 -9.039458297320293600e-02 -9.043628003872788979e-02 -9.047454935223328554e-02 -9.050951801202153368e-02 -9.054134036741479097e-02 -9.057018969329722058e-02 -9.059625099644844082e-02 -9.061971495845168312e-02 -9.064077296653362537e-02 -9.065961314748753608e-02 -9.067641729805547834e-02 -9.069135859480659256e-02 -9.070459996483061504e-02 -9.071629300294886677e-02 -9.072657732951736054e-02 -9.073558029359128640e-02 -9.074341693793309960e-02 -9.075019015418070434e-02 -9.075599096779171648e-02 -9.076089890277656835e-02 -9.076498238550104181e-02 -9.076829915491314849e-02 -9.077089665344616198e-02 -9.077281237865313102e-02 -9.077407418046251619e-02 -9.077470049296133825e-02 -9.077470049296133825e-02
-9.974564701436115788e-02 -9.974564701436115788e-02 -9.971203405120394880e-02 -9.964552083602049026e-02 -9.954749398920698100e-02 -9.941994036269370671e-02 -9.926534573632390945e-02 -9.908657537818123251e-02 -9.888674684787714109e-02 -9.866910495547973059e-02 -9.843690720481039491e-02 -9.819332575016752329e-02 -9.794136933631793218e-02 -9.768382627961655351e-02 -9.742322757174495806e-02 -9.716182779249571411e-02 -9.690160072106426825e-02 -9.664424626069736957e-02 -9.639120541356181737e-02 -9.614368042282739335e-02 -9.590265771180381260e-02 -9.566893179714035245e-02 -9.544312886727208955e-02 -9.522572915966573404e-02 -9.501708762485791548e-02 -9.481745263147887959e-02 -9.462698265366159545e-02 -9.444576100428650478e-02 -9.427380874934075672e-02 -9.411109597414153705e-02 -9.395755158301338783e-02 -9.381307180941668433e-02 -9.367752760026731851e-02 -9.355077102096230612e-02 -9.343264080944044259e-02 -9.332296719024389675e-02 -9.322157604391372032e-02 -9.312829251347742865e-02 -9.304294411826175004e-02 -9.296536343559111404e-02 -9.289539040282261684e-02 -9.283287428534030272e-02 -9.277767535029632362e-02 -9.272966628082561502e-02 -9.268873336096666860e-02 -9.265477745746206195e-02 -9.262771482085969954e-02 -9.260747772481650597e-02 -9.259401495915101088e-02 -9.258729218895873914e-02 -9.258729218895873914e-02
-1.104114445607417838e-01 -1.104114445607417838e-01 -1.103340915178469689e-01 -1.101810109373185242e-01 -1.099553698597634382e-01 -1.096617168238179785e-01 -1.093057604714799402e-01 -1.088941062967859197e-01 -1.084339732328254979e-01 -1.079329112564332283e-01 -1.073985383323017156e-01 -1.068383105524916415e-01 -1.062593341472180819e-01 -1.056682229864668032e-01 -1.050710008857941996e-01 -1.044730448227634417e-01 -1.038790631506942425e-01 -1.032931019563420177e-01 -1.027185726274894850e-01 -1.021582942159222906e-01 -1.016145450555428348e-01 -1.010891191230243458e-01 -1.005833836628260702e-01 -1.000983355457751023e-01 -9.963465464078349876e-02 -9.919275313508046921e-02 -9.877282024347633360e-02 -9.837486211791787727e-02 -9.799873702681147214e-02 -9.764418604226506038e-02 -9.731085957389581931e-02 -9.699834013858045501e-02 -9.670616177147518810e-02 -9.643382647647047445e-02 -9.618081809269576898e-02 -9.594661392404844891e-02 -9.573069444534230976e-02 -9.553255136446206497e-02 -9.535169428668903435e-02 -9.518765619619576346e-02 -9.503999794112971689e-02 -9.490831188291172504e-02 -9.479222484733586251e-02 -9.469140049461644004e-02 -9.460554120744799067e-02 -9.453438958017328086e-02 -9.447772957800301685e-02 -9.443538742264345753e-02 -9.440723224939655267e-02 -9.439317657056246758e-02 -9.439317657056246758e-02
-1.212113436172739395e-01 -1.212113436172739395e-01 -1.210879503990869438e-01 -1.208438130376207342e-01 -1.204840906858800215e-01 -1.200161877699831847e-01 -1.194493879618521576e-01 -1.187944195638504230e-01 -1.180629886060273054e-01 -1.172673149983116947e-01 -1.164197021206835880e-01 -1.155321625671724417e-01 -1.146161139598210060e-01 -1.136821502689778773e-01 -1.127398869669381104e-01 -1.117978731511299617e-01 -1.108635605955546471e-01 -1.099433182985318919e-01 -1.090424810930890054e-01 -1.081654218300544118e-01 -1.073156381282204530e-01 -1.064958463879187717e-01 -1.057080774550141211e-01 -1.049537698590196216e-01 -1.042338578584049574e-01 -1.035488525847636371e-01 -1.028989153941265167e-01 -1.022839231353097206e-01 -1.017035254666848326e-01 -1.011571946303714831e-01 -1.006442682601217664e-01 -1.001639858850847248e-01 -9.971551981993485858e-02 -9.929800112120876210e-02 -9.891054125427217736e-02 -9.855225006553251788e-02 -9.822225059767154820e-02 -9.791969122683055748e-02 -9.764375554309126515e-02 -9.739367034126492073e-02 -9.716871203900001586e-02 -9.696821179402799473e-02 -9.679155955202810302e-02 -9.663820722091771842e-02 -9.650767113598969493e-02 -9.639953395279501902e-02 -9.631344608052892775e-02 -9.624912674743113516e-02 -9.620636477089859750e-02 -9.618501908817281287e-02 -9.618501908817281287e-02
-1.321821985663431120e-01 -1.321821985663431120e-01 -1.320095437493322144e-01 -1.316680690432978362e-01 -1.311652353226588907e-01 -1.305117319190766678e-01 -1.297209288170459163e-01 -1.288082291799381718e-01 -1.277903782715060499e-01 -1.266847827756209521e-01 -1.255088860635066861e-01 -1.242796323766491851e-01 -1.230130388740377223e-01 -1.217238814046136541e-01 -1.204254893015101885e-01 -1.191296371592880793e-01 -1.178465174182273811e-01 -1.165847761390503695e-01 -1.153515948969041222e-01 -1.141528035336632219e-01 -1.129930109667681287e-01 -1.118757438984753078e-01 -1.108035857939311392e-01 -1.097783107235423133e-01 -1.088010085169666546e-01 -1.078721991415955844e-01 -1.069919353266091527e-01 -1.061598932537220208e-01 -1.053754516835922472e-01 -1.046377602370530263e-01 -1.039457977514857551e-01 -1.032984217256582016e-01 -1.026944098840333469e-01 -1.021324948593378551e-01 -1.016113929290890228e-01 -1.011298276616144770e-01 -1.006865492395243034e-01 -1.002803501401146324e-01 -9.991007776696975151e-02 -9.957464454753878202e-02 -9.927303593898058331e-02 -9.900431671955235713e-02 -9.876763588520115489e-02 -9.856223042038533833e-02 -9.838742816793007162e-02 -9.824264998419275641e-02 -9.812741133227077805e-02 -9.804132343667855409e-02 -9.798409409717537266e-02 -9.795552823655002961e-02 -9.795552823655002961e-02
-1.433656506780717765e-01 -1.433656506780717765e-01 -1.431394099232446426e-01 -1.426921787403592212e-01 -1.420341566993864879e-01 -1.411799211688645195e-01 -1.401476429528105139e-01 -1.389581651829145392e-01 -1.376340292844118740e-01 -1.361985275262948547e-01 -1.346748473467747065e-01 -1.330853523223817503e-01 -1.314510228993263086e-01 -1.297910605982006971e-01 -1.281226445920470858e-01 -1.264608200595157272e-01 -1.248184931047611468e-01 -1.232065062664410016e-01 -1.216337704802585434e-01 -1.201074326884342680e-01 -1.186330622237833643e-01 -1.172148430276466480e-01 -1.158557623244701323e-01 -1.145577893929142083e-01 -1.133220404940211146e-01 -1.121489278698778180e-01 -1.110382920814543539e-01 -1.099895178979189564e-01 -1.090016345681292104e-01 -1.080734016763860439e-01 -1.072033819752337552e-01 -1.063900026516513275e-01 -1.056316064610881150e-01 -1.049264940877753377e-01 -1.042729589824559211e-01 -1.036693158062399478e-01 -1.031139234826911333e-01 -1.026052037366200209e-01 -1.021416558817466735e-01 -1.017218685127841693e-01 -1.013445286615975854e-01 -1.010084288920433115e-01 -1.007124727334468561e-01 -1.004556787876489804e-01 -1.002371837881864264e-01 -1.000562448414398370e-01 -9.991224103744386631e-02 -9.980467458150203697e-02 -9.973317156584005083e-02 -9.969748247236692729e-02 -9.969748247236692729e-02
-1.548089619296062480e-01 -1.548089619296062480e-01 -1.545234628321466575e-01 -1.539594499284789031e-01 -1.531304683233714048e-01 -1.520558171684021631e-01 -1.507594486759105956e-01 -1.492686851878771426e-01 -1.476128783209997297e-01 -1.458221256479216021e-01 -1.439261360574108917e-01 -1.419533021526581118e-01 -1.399300046606500036e-01 -1.378801457355634252e-01 -1.358248881944844610e-01 -1.337825664541875681e-01 -1.317687309003235940e-01 -1.297962885716079928e-01 -1.278757073364600039e-01 -1.260152565045198070e-01 -1.242212628672627051e-01 -1.224983667742602089e-01 -1.208497676559055489e-01 -1.192774522773624862e-01 -1.177824019802583833e-01 -1.163647773450604966e-01 -1.150240802258590822e-01 -1.137592941100300792e-01 -1.125690043642285226e-01 -1.114515002517617870e-01 -1.104048607299407680e-01 -1.094270260253452504e-01 -1.085158568891979036e-01 -1.076691832897995887e-01 -1.068848441291833512e-01 -1.061607193936917881e-01 -1.054947559740383317e-01 -1.048849882262276045e-01 -1.043295541941675203e-01 -1.038267082795082952e-01 -1.033748310244651525e-01 -1.029724365685330406e-01 -1.026181782490031558e-01 -1.023108527366848458e-01 -1.020494030307961542e-01 -1.018329205791268510e-01 -1.016606467399294306e-01 -1.015319737592269567e-01 -1.014464454001361426e-01 -1.014037573282677851e-01 -1.014037573282677851e-01
-1.665661430532758003e-01 -1.665661430532758003e-01 -1.662140328209900098e-01 -1.655189750224820289e-01 -1.644986983853353457e-01 -1.631783696832978803e-01 -1.615890590944996097e-01 -1.597659672715197321e-01 -1.577465981575741638e-01 -1.555690451269629848e-01 -1.532705162831466128e-01 -1.508861714846547186e-01 -1.484482926118659007e-01 -1.459857687681876404e-01 -1.435238528467370489e-01 -1.410841341793602211e-01 -1.386846705753536080e-01 -1.363402282023189194e-01 -1.340625862178379257e-01 -1.318608724800879040e-01 -1.297419055919582787e-01 -1.277105262196742697e-01 -1.257699068123897534e-01 -1.239218335641844304e-01 -1.221669578832410286e-01 -1.205050169987711417e-01 -1.189350248797601262e-01 -1.174554355702363412e-01 -1.160642815368505276e-01 -1.147592898124189242e-01 -1.135379787069051571e-01 -1.123977377206435979e-01 -1.113358930870618491e-01 -1.103497611306860776e-01 -1.094366913753047205e-01 -1.085941010923847094e-01 -1.078195027504081499e-01 -1.071105256166085262e-01 -1.064649325756157894e-01 -1.058806330648831007e-01 -1.053556928834345624e-01 -1.048883415067619201e-01 -1.044769774346203661e-01 -1.041201720079321935e-01 -1.038166720539496213e-01 -1.035654016533034405e-01 -1.033654632667676265e-01 -1.032161384118757824e-01 -1.031168880384389780e-01 -1.030673527162110220e-01 -1.030673527162110220e-01
-1.786994559232638613e-01 -1.786994559232638613e-01 -1.782712483275795123e-01 -1.774267856341956162e-01 -1.761891383466616112e-01 -1.745909170473838312e-01 -1.726721320248397751e-01 -1.704777422600958214e-01 -1.680551704945550118e-01 -1.654520297695508124e-01 -1.627142337182863607e-01 -1.598845752536074138e-01 -1.570017803988290328e-01 -1.540999890542257833e-01 -1.512085847838567365e-01 -1.483522867937809853e-01 -1.455514222672550650e-01 -1.428223096414615312e-01 -1.401776984140857552e-01 -1.376272256319676091e-01 -1.351778617892857859e-01 -1.328343289042080710e-01 -1.305994810925378558e-01 -1.284746433421453393e-01 -1.264599078369562646e-01 -1.245543895004375540e-01 -1.227564437867254971e-01 -1.210638504330482229e-01 -1.194739671216481780e-01 -1.179838569459093767e-01 -1.165903933495402306e-01 -1.152903458891248872e-01 -1.140804498121727462e-01 -1.129574620789511735e-01 -1.119182061075024021e-01 -1.109596071988688815e-01 -1.100787203091694311e-01 -1.092727515784033543e-01 -1.085390748019375851e-01 -1.078752438373997563e-01 -1.072790017743120994e-01 -1.067482875531172298e-01 -1.062812406011381383e-01 -1.058762039524912824e-01 -1.055317262342706508e-01 -1.052465628299676936e-01 -1.050196764708413583e-01 -1.048502374548621885e-01 -1.047376236491708024e-01 -1.046814203941848348e-01 -1.046814203941848348e-01
-1.912814072170862800e-01 -1.912814072170862800e-01 -1.907648608791259193e-01 -1.897473602607693821e-01 -1.882589243884746633e-01 -1.863417874264146068e-01 -1.840473969248914710e-01 -1.814330039328881095e-01 -1.785582711964267266e-01 -1.754822648314772748e-01 -1.722610629266285442e-01 -1.689460680598194042e-01 -1.655829926394359886e-01 -1.622114135143577496e-01 -1.588647625824876897e-01 -1.555706209239791915e-01 -1.523512019090005054e-01 -1.492239333072890306e-01 -1.462020730425944437e-01 -1.432953145239048154e-01 -1.405103542770254621e-01 -1.378514069695802591e-01 -1.353206615174123995e-01 -1.329186775961701261e-01 -1.306447253333452851e-01 -1.284970728711248844e-01 -1.264732273714370137e-01 -1.245701352509912402e-01 -1.227843472469269948e-01 -1.211121535008221201e-01 -1.195496933275674578e-01 -1.180930437803485722e-01 -1.167382905786644026e-01 -1.154815844582202794e-01 -1.143191855421510916e-01 -1.132474979267937137e-01 -1.122630963216982858e-01 -1.113627462795821615e-01 -1.105434192929070497e-01 -1.098023038145948260e-01 -1.091368130759630128e-01 -1.085445904203766465e-01 -1.080235127419414964e-01 -1.075716925108132493e-01 -1.071874787768773568e-01 -1.068694574686192833e-01 -1.066164512413182303e-01 -1.064275190759889078e-01 -1.063019557858021769e-01 -1.062392915483232336e-01 -1.062392915483232336e-01
-2.043974031033986283e-01 -2.043974031033986283e-01 -2.037766629272094732e-01 -2.025555944542466735e-01 -2.007734055895950276e-01 -1.984849944178539438e-01 -1.957567001561223430e-01 -1.926615039190991696e-01 -1.892743609282060979e-01 -1.856682210707278902e-01 -1.819110471266069951e-01 -1.780638915150442314e-01 -1.741799168128021769e-01 -1.703041581305665408e-01 -1.664738079691628070e-01 -1.627188281205856624e-01 -1.590627345637097845e-01 -1.555234447079644478e-01 -1.521141139714987101e-01 -1.488439178912977501e-01 -1.457187569126776328e-01 -1.427418750646380075e-01 -1.399143925562436053e-01 -1.372357574415719317e-01 -1.347041241097033937e-01 -1.323166673609303678e-01 -1.300698408623171820e-01 -1.279595882596971657e-01 -1.259815144340413473e-01 -1.241310234986578165e-01 -1.224034292409274249e-01 -1.207940428739181921e-01 -1.192982422063333103e-01 -1.179115256735049633e-01 -1.166295540971170608e-01 -1.154481825511226162e-01 -1.143634842974289439e-01 -1.133717684079923599e-01 -1.124695924007550890e-01 -1.116537709767660980e-01 -1.109213817471360053e-01 -1.102697686744179145e-01 -1.096965438177296831e-01 -1.091995878594782254e-01 -1.087770497996655428e-01 -1.084273461279137013e-01 -1.081491597205248428e-01 -1.079414386575728996e-01 -1.078033951110622668e-01 -1.077345044177517308e-01 -1.077345044177517308e-01
-2.181493120759244453e-01 -2.181493120759244453e-01 -2.174037188554057975e-01 -2.159393959613929992e-01 -2.138078758391910583e-01 -2.110810093054130421e-01 -2.078448714235829053e-01 -2.041928865626505551e-01 -2.002193238135521747e-01 -1.960140344924693190e-01 -1.916588178481121174e-01 -1.872253766069297554e-01 -1.827745751686712661e-01 -1.783566301368189611e-01 -1.740118860213650531e-01 -1.697719000984060922e-01 -1.656606407595564157e-01 -1.616956737589201054e-01 -1.578892641033448341e-01 -1.542493583225717779e-01 -1.507804356026446191e-01 -1.474842303563191903e-01 -1.443603363516850202e-01 -1.414067058937118482e-01 -1.386200584175979189e-01 -1.359962123126282618e-01 -1.335303525505966704e-01 -1.312172451670909068e-01 -1.290514080800030938e-01 -1.270272462568518002e-01 -1.251391579212127458e-01 -1.233816173389590265e-01 -1.217492387450309077e-01 -1.202368251478484473e-01 -1.188394050632135684e-01 -1.175522596634807487e-01 -1.163709423626159006e-01 -1.152912924769432107e-01 -1.143094442904701163e-01 -1.134218326003050559e-01 -1.126251956114718289e-01 -1.119165758827031232e-01 -1.112933198884213382e-01 -1.107530766511702625e-01 -1.102937958084203862e-01 -1.099137254039383588e-01 -1.096114096335166627e-01 -1.093856867251048887e-01 -1.092356870920127426e-01 -1.091608318629867236e-01 -1.091608318629867236e-01
-2.326602981181061791e-01 -2.326602981181061791e-01 -2.317627414791022522e-01 -2.300031567031095847e-01 -2.274497856422143804e-01 -2.241975708192021077e-01 -2.203592472238967426e-01 -2.160552346523287315e-01 -2.114044202545498630e-01 -2.065172244721123207e-01 -2.014913519879164283e-01 -1.964099139107962633e-01 -1.913412952819087687e-01 -1.863401224404530598e-01 -1.814488070242880613e-01 -1.766993006758965368e-01 -1.721148334091210375e-01 -1.677115118517536196e-01 -1.634997222521675508e-01 -1.594853248096683440e-01 -1.556706488402510580e-01 -1.520553092916507032e-01 -1.486368690127115866e-01 -1.454113711468008330e-01 -1.423737640290053119e-01 -1.395182381785603776e-01 -1.368384920306333352e-01 -1.343279402711500536e-01 -1.319798761687261401e-01 -1.297875971820872942e-01 -1.277445013504799332e-01 -1.258441605150391607e-01 -1.240803752287486794e-01 -1.224472152487740134e-01 -1.209390487282874099e-01 -1.195505626010747724e-01 -1.182767761521789363e-01 -1.171130493674929079e-01 -1.160550873348814988e-01 -1.150989417131154102e-01 -1.142410100798086914e-01 -1.134780338053383575e-01 -1.128070949681447832e-01 -1.122256127212620108e-01 -1.117313394351131806e-01 -1.113223568732895075e-01 -1.109970726027968840e-01 -1.107542167953284723e-01 -1.105928395392590108e-01 -1.105123087513834867e-01 -1.105123087513834867e-01
-2.480814595503691156e-01 -2.480814595503691156e-01 -2.469961347734527801e-01 -2.448725197346482696e-01 -2.418016252501336005e-01 -2.379104530120512984e-01 -2.333485673310488617e-01 -2.282726565876246061e-01 -2.228332044804049450e-01 -2.171654811048445710e-01 -2.113849939351636620e-01 -2.055864049359937551e-01 -1.998446554966614719e-01 -1.942172361805601377e-01 -1.887468667351362983e-01 -1.834641489463802733e-01 -1.783899696472882324e-01 -1.735375666058865118e-01 -1.689142464211130512e-01 -1.645227815982971686e-01 -1.603625293413368513e-01 -1.564303176577833687e-01 -1.527211414124480249e-01 -1.492287055423245357e-01 -1.459458466406349242e-01 -1.428648584392523957e-01 -1.399777417409487634e-01 -1.372763951725886333e-01 -1.347527597110516895e-01 -1.323989271836120141e-01 -1.302072207569878459e-01 -1.281702537016356225e-01 -1.262809713596260985e-01 -1.245326801794673505e-01 -1.229190668473842118e-01 -1.214342098919436036e-01 -1.200725856280314141e-01 -1.188290699059787597e-01 -1.176989368178199408e-01 -1.166778552662958296e-01 -1.157618841085549938e-01 -1.149474664340655594e-01 -1.142314234160952680e-01 -1.136109480812585726e-01 -1.130835992666141543e-01 -1.126472959743345104e-01 -1.123003122866720466e-01 -1.120412729661405260e-01 -1.118691498353460295e-01 -1.117832590060154063e-01 -1.117832590060154063e-01
-2.646010733393502901e-01 -2.646010733393502901e-01 -2.632805692031475187e-01 -2.607012061313379592e-01 -2.569848312952682234e-01 -2.523040326193085048e-01 -2.468607375335907794e-01 -2.408613082999446486e-01 -2.344968855583841605e-01 -2.279321659016684265e-01 -2.213015523393234152e-01 -2.147101311170814819e-01 -2.082371223843023644e-01 -2.019401904530289671e-01 -1.958596993130953257e-01 -1.900224873794997271e-01 -1.844450228618739751e-01 -1.791359482930647284e-01 -1.740980861151752435e-01 -1.693299958757328860e-01 -1.648271709463999812e-01 -1.605829514811824010e-01 -1.565892169491771568e-01 -1.528369088812148724e-01 -1.493164235391933325e-01 -1.460179052732111793e-01 -1.429314642266376612e-01 -1.400473365057221531e-01 -1.373560006531937550e-01 -1.348482609877983684e-01 -1.325153058703172626e-01 -1.303487470514575752e-01 -1.283406448070011641e-01 -1.264835224617244236e-01 -1.247703730624263596e-01 -1.231946603185226224e-01 -1.217503154379948049e-01 -1.204317311107209881e-01 -1.192337536028661577e-01 -1.181516737043387111e-01 -1.171812171005848918e-01 -1.163185346082939720e-01 -1.155601926128495133e-01 -1.149031639666827781e-01 -1.143448195467700462e-01 -1.138829206223088281e-01 -1.135156121469590024e-01 -1.132414170615080318e-01 -1.130592316704848027e-01 -1.129683221385911346e-01 -1.129683221385911346e-01
-2.824576640919986836e-01 -2.824576640919986836e-01 -2.808396667531380952e-01 -2.776814802302216556e-01 -2.731454359898374262e-01 -2.674713216297404661e-01 -2.609385165037700904e-01 -2.538228375837702222e-01 -2.463673656734786666e-01 -2.387700854389204763e-01 -2.311833019874563744e-01 -2.237190464222072184e-01 -2.164564767424844993e-01 -2.094491478838318710e-01 -2.027312703739361788e-01 -1.963227455308451386e-01 -1.902330639661405087e-01 -1.844642560450418245e-01 -1.790130938901699498e-01 -1.738727202146947148e-01 -1.690338458207572003e-01 -1.644856257598562854e-01 -1.602162974745174606e-01 -1.562136431979847528e-01 -1.524653228168689201e-01 -1.489591113462148675e-01 -1.456830662155350620e-01 -1.426256429555212979e-01 -1.397757730088110550e-01 -1.371229138081130061e-01 -1.346570786303946665e-01 -1.323688517948349574e-01 -1.302493933398845560e-01 -1.282904362556528954e-01 -1.264842785629532174e-01 -1.248237719473507812e-01 -1.233023082225407491e-01 -1.219138045735702058e-01 -1.206526882883593582e-01 -1.195138815047441933e-01 -1.184927863644113372e-01 -1.175852708632225269e-01 -1.167876556110390707e-01 -1.160967016569617594e-01 -1.155095994931770453e-01 -1.150239593188006892e-01 -1.146378026215689738e-01 -1.143495551179167236e-01 -1.141580410793323064e-01 -1.140624790637040364e-01 -1.140624790637040364e-01
-3.019588699492449790e-01 -3.019588699492449790e-01 -2.999640435439693831e-01 -2.960619627990730418e-01 -2.904630363636198642e-01 -2.835126759226354043e-01 -2.756112912562146966e-01 -2.671335486539678228e-01 -2.583868754557719360e-01 -2.496030702841939564e-01 -2.409468373186368917e-01 -2.325296533550517408e-01 -2.244232619893120617e-01 -2.166707874748368956e-01 -2.092952062370910249e-01 -2.023055517929544245e-01 -1.957013640161155976e-01 -1.894758430339561484e-01 -1.836180702764338146e-01 -1.781145656783053310e-01 -1.729503749997915174e-01 -1.681098252305144869e-01 -1.635770456372181991e-01 -1.593363233248396293e-01 -1.553723419470546263e-01 -1.516703379640613469e-01 -1.482161988222771287e-01 -1.449965203632875843e-01 -1.419986357747470285e-01 -1.392106248570306737e-01 -1.366213098653406843e-01 -1.342202423962947644e-01 -1.319976845094657514e-01 -1.299445863594495820e-01 -1.280525619581052987e-01 -1.263138642156549918e-01 -1.247213600708668158e-01 -1.232685062772395923e-01 -1.219493262373279735e-01 -1.207583881520452179e-01 -1.196907846622687066e-01 -1.187421140965232019e-01 -1.179084633938183718e-01 -1.171863927397428229e-01 -1.165729219329330046e-01 -1.160655184853372629e-01 -1.156620874513016872e-01 -1.153609629759738409e-01 -1.151609015517759127e-01 -1.150610769719650067e-01 -1.150610769719650067e-01
-3.235099095298601957e-01 -3.235099095298601957e-01 -3.210464567577186457e-01 -3.161826805532504947e-01 -3.091666230212586908e-01 -3.005310451644429559e-01 -2.908792071116413358e-01 -2.807264628629110303e-01 -2.704528339982771312e-01 -2.603150623985399648e-01 -2.504760388872290799e-01 -2.410329134121353134e-01 -2.320387017016675435e-01 -2.235174913639488281e-01 -2.154747321228341894e-01 -2.079040839932387585e-01 -2.007919458851276928e-01 -1.941204430246961654e-01 -1.878693933360147672e-01 -1.820175961047307833e-01 -1.765436693322952333e-01 -1.714265856916480368e-01 -1.666460069048945059e-01 -1.621824833831914947e-01 -1.580175641008573773e-01 -1.541338470736416111e-01 -1.505149909992131718e-01 -1.471457019895072438e-01 -1.440117048272651079e-01 -1.410997051175693351e-01 -1.383973466162009003e-01 -1.358931665895287133e-01 -1.335765510856200267e-01 -1.314376913310222050e-01 -1.294675420151880918e-01 -1.276577819183830897e-01 -1.260007771335326654e-01 -1.244895469964404644e-01 -1.231177327504600211e-01 -1.218795689160630386e-01 -1.207698573024650612e-01 -1.197839435803745023e-01 -1.189176963270822118e-01 -1.181674884540973719e-01 -1.175301809310242002e-01 -1.170031087257600438e-01 -1.165840688893130112e-01 -1.162713107228584980e-01 -1.160635279746158460e-01 -1.159598530244328046e-01 -1.159598530244328046e-01
-3.476621351148689865e-01 -3.476621351148689865e-01 -3.446534962675132374e-01 -3.385569809392293683e-01 -3.295648026216806969e-01 -3.186173390769205249e-01 -3.066818750119701398e-01 -2.944618691825738876e-01 -2.823966483574054664e-01 -2.707370933856495521e-01 -2.596150905190905966e-01 -2.490911250007301347e-01 -2.391838202748924058e-01 -2.298876605787768534e-01 -2.211835566280070109e-01 -2.130451691076696019e-01 -2.054427105320633384e-01 -1.983452297420705279e-01 -1.917219708394977962e-01 -1.855431614351249481e-01 -1.797804469516074977e-01 -1.744071054523914088e-01 -1.693981274084182531e-01 -1.647302137831269109e-01 -1.603817262956541423e-01 -1.563326113094322678e-01 -1.525643108433623052e-01 -1.490596690906696720e-01 -1.458028395404371014e-01 -1.427791956842670573e-01 -1.399752469423994339e-01 -1.373785605927503317e-01 -1.349776899589662515e-01 -1.327621087961301238e-01 -1.307221516308054443e-01 -1.288489597168207823e-01 -1.271344322275687888e-01 -1.255711822986863568e-01 -1.241524975481466259e-01 -1.228723047252593126e-01 -1.217251381702258578e-01 -1.207061117982435872e-01 -1.198108943545875826e-01 -1.190356877184105960e-01 -1.183772080625656031e-01 -1.178326697043239057e-01 -1.173997715074078935e-01 -1.170766857194163596e-01 -1.168620491506822817e-01 -1.167549566211383838e-01 -1.167549566211383838e-01
-3.752231616970252426e-01 -3.752231616970252426e-01 -3.717014338916261318e-01 -3.640995885759417128e-01 -3.521027965347763855e-01 -3.378055382656065531e-01 -3.228357733022212961e-01 -3.080806764908052831e-01 -2.939566659318056385e-01 -2.806342968036376062e-01 -2.681637075809350512e-01 -2.565373729035262396e-01 -2.457208061456353232e-01 -2.356677817399416286e-01 -2.263280536399280563e-01 -2.176513195305352644e-01 -2.095892306253031856e-01 -2.020963489305429572e-01 -1.951305264593989064e-01 -1.886529669151891242e-01 -1.826281173127861923e-01 -1.770234743946787204e-01 -1.718093547772489293e-01 -1.669586566811028516e-01 -1.624466285835977075e-01 -1.582506526893114329e-01 -1.543500467240411511e-01 -1.507258850183416932e-01 -1.473608384303807528e-01 -1.442390319201071747e-01 -1.413459182537603609e-01 -1.386681662211328159e-01 -1.361935617842826851e-01 -1.339109206826153420e-01 -1.318100111575299660e-01 -1.298814856079661406e-01 -1.281168201335803614e-01 -1.265082610583394829e-01 -1.250487776509257853e-01 -1.237320203686029518e-01 -1.225522840483314474e-01 -1.215044755538591814e-01 -1.205840854614687041e-01 -1.197871634313371347e-01 -1.191102969673760031e-01 -1.185505933171916715e-01 -1.181056643065740430e-01 -1.177736139407094262e-01 -1.175530286380356282e-01 -1.174429699931466425e-01 -1.174429699931466425e-01
-4.076220207502957438e-01 -4.076220207502957438e-01 -4.039735210093632900e-01 -3.948743558226370243e-01 -3.774407282886281245e-01 -3.579330836844247798e-01 -3.389113735003151939e-01 -3.211376719469609120e-01 -3.047507988900188258e-01 -2.896987061593435109e-01 -2.758785130057559987e-01 -2.631798279204349833e-01 -2.514978146645035495e-01 -2.407368270782422048e-01 -2.308109998751105285e-01 -2.216438016532252531e-01 -2.131672298187299863e-01 -2.053209070702103345e-01 -1.980511909012808158e-01 -1.913103462066018667e-01 -1.850558015081315566e-01 -1.792494938258617221e-01 -1.738572990582173405e-01 -1.688485407413098383e-01 -1.641955684669802462e-01 -1.598733970062253540e-01 -1.558593976687251137e-01 -1.521330342489532472e-01 -1.486756368439897669e-01 -1.454702077563507778e-01 -1.425012545556686161e-01 -1.397546461396435846e-01 -1.372174883008655810e-01 -1.348780158757070802e-01 -1.327254990333565920e-01 -1.307501616678356515e-01 -1.289431101943364355e-01 -1.272962713335298868e-01 -1.258023377026683820e-01 -1.244547202281731518e-01 -1.232475065576946610e-01 -1.221754247859882653e-01 -1.212338119231331501e-01 -1.204185866295806873e-01 -1.197262258235573945e-01 -1.191537448352016637e-01 -1.186986808407888699e-01 -1.183590793614007347e-01 -1.181334836550588796e-01 -1.180209268710412374e-01 -1.180209268710412374e-01
-4.486146178269410090e-01 -4.486146178269410090e-01 -4.460142798851964852e-01 -4.370236428033654752e-01 -4.063267140115689458e-01 -3.782163097743587721e-01 -3.540160882164530287e-01 -3.329311298242569883e-01 -3.142674608971574579e-01 -2.975591593673251878e-01 -2.824861037188726165e-01 -2.688132744574127098e-01 -2.563581007611752671e-01 -2.449732414105544875e-01 -2.345368722425699437e-01 -2.249466561884320703e-01 -2.161156485467789212e-01 -2.079693235806890916e-01 -2.004433182925544621e-01 -1.934816731037323212e-01 -1.870354364648268430e-01 -1.810615455407972030e-01 -1.755219208981119994e-01 -1.703827293533645704e-01 -1.656137801885862737e-01 -1.611880278737506389e-01 -1.570811603380349586e-01 -1.532712563138635131e-01 -1.497384987278674862e-01 -1.464649337916024974e-01 -1.434342675377386356e-01 -1.406316931908618006e-01 -1.380437440581955000e-01 -1.356581676520435820e-01 -1.334638175718965702e-01 -1.314505603255512189e-01 -1.296091947905545216e-01 -1.279313824371201558e-01 -1.264095867727269840e-01 -1.250370207435030079e-01 -1.238076010513567693e-01 -1.227159085288947460e-01 -1.217571538646488455e-01 -1.209271480955047828e-01 -1.202222773866517547e-01 -1.196394817060352500e-01 -1.191762370735548054e-01 -1.188305411278543083e-01 -1.186009018077728572e-01 -1.184863289932411856e-01 -1.184863289932411856e-01
-5.170399957287107329e-01 -5.170399957287107329e-01 -5.170399957287107329e-01 -5.170399957287107329e-01 -4.374022572325241276e-01 -3.961022135655321019e-01 -3.665392859633829770e-01 -3.425099473521631688e-01 -3.219156545532594338e-01 -3.038236391164885752e-01 -2.877123656602650348e-01 -2.732386801497636020e-01 -2.601532200496719516e-01 -2.482640566735113408e-01 -2.374182916557548428e-01 -2.274913475988200040e-01 -2.183800554128375038e-01 -2.099978687557385870e-01 -2.022713966861074408e-01 -1.951378146866322161e-01 -1.885428906161079332e-01 -1.824394558089248997e-01 -1.767862060473332220e-01 -1.715467512429460495e-01 -1.666888551918493944e-01 -1.621838222321309864e-01 -1.580059985483082130e-01 -1.541323637330017926e-01 -1.505421939758780081e-01 -1.472167825224865167e-01 -1.441392062500923277e-01 -1.412941296341763131e-01 -1.386676392326714746e-01 -1.362471032417699734e-01 -1.340210517834826975e-01 -1.319790744488432144e-01 -1.301117322992554615e-01 -1.284104820648806489e-01 -1.268676107054393654e-01 -1.254761788397869837e-01 -1.242299718248008056e-01 -1.231234574858186687e-01 -1.221517496811971998e-01 -1.213105770311698473e-01 -1.205962562628595663e-01 -1.200056697244041709e-01 -1.195362467059597061e-01 -1.191859482772970047e-01 -1.189532554135932368e-01 -1.188371602351576961e-01 -1.188371602351576961e-01
-5.170399957287107329e-01 -5.170399957287107329e-01 -5.170399957287107329e-01 -5.170399957287107329e-01 -4.465048809543638031e-01 -4.054162231311980169e-01 -3.744395930391334892e-01 -3.489664058291690463e-01 -3.271826311442790902e-01 -3.081588640671200641e-01 -2.913246687682308766e-01 -2.762874180296825966e-01 -2.627580175467857382e-01 -2.505147205592501702e-01 -2.393827386308099436e-01 -2.292214872548474780e-01 -2.199160401000034570e-01 -2.113711416647867103e-01 -2.035068827187042073e-01 -1.962555060890818770e-01 -1.895590052589386232e-01 -1.833672920787007832e-01 -1.776367805797510746e-01 -1.723292797161773970e-01 -1.674111185382278211e-01 -1.628524483295473169e-01 -1.586266809346871254e-01 -1.547100329388300943e-01 -1.510811528776158930e-01 -1.477208141366855021e-01 -1.446116602445934873e-01 -1.417379922776010326e-01 -1.390855903643893887e-01 -1.366415630026403816e-01 -1.343942192199621410e-01 -1.323329596311492717e-01 -1.304481832367072602e-01 -1.287312074286304509e-01 -1.271741991590826792e-01 -1.257701156161719624e-01 -1.245126530612564592e-01 -1.233962027314873672e-01 -1.224158129128587597e-01 -1.215671564531206339e-01 -1.208465031184837030e-01 -1.202506963093238762e-01 -1.197771337430186683e-01 -1.194237517905460122e-01 -1.191890132207250319e-01 -1.190718981645972618e-01 -1.190718981645972618e-01
-5.170399957287107329e-01 -5.170399957287107329e-01 -5.170399957287107329e-01 -5.170399957287107329e-01 -4.491368540876423121e-01 -4.091476611765498816e-01 -3.780931329781715977e-01 -3.521440886809198423e-01 -3.298412037987558110e-01 -3.103665197627634709e-01 -2.931676021380238417e-01 -2.778414463154603165e-01 -2.640833514362184165e-01 -2.516576017263691956e-01 -2.403784244591148367e-01 -2.300969701775623377e-01 -2.206921735359592684e-01 -2.120642167156233659e-01 -2.041297772869037352e-01 -1.968185204978161462e-01 -1.900704728786896114e-01 -1.838340292400670595e-01 -1.780644213159097711e-01 -1.727225273800938599e-01 -1.677739368801218767e-01 -1.631882080501921017e-01 -1.589382731662639103e-01 -1.549999579189522692e-01 -1.513515898410894567e-01 -1.479736768593322149e-01 -1.448486415343682443e-01 -1.419605998844678252e-01 -1.392951761790062748e-01 -1.368393469707651633e-01 -1.345813090700525849e-01 -1.325103672656381126e-01 -1.306168384507685187e-01 -1.288919694781149872e-01 -1.273278665903066209e-01 -1.259174346861346716e-01 -1.246543250115777213e-01 -1.235328901284286351e-01 -1.225481452258968124e-01 -1.216957350131969706e-01 -1.209719055723809111e-01 -1.203734806672082935e-01 -1.198978421009658235e-01 -1.195429137980144052e-01 -1.193071493538548772e-01 -1.191895228594204437e-01 -1.191895228594204437e-01
-5.170399957287107329e-01 -5.170399957287107329e-01 -5.170399957287107329e-01 -5.170399957287107329e-01 -4.491368540876423121e-01 -4.091476611765498816e-01 -3.780931329781715977e-01 -3.521440886809198423e-01 -3.298412037987558110e-01 -3.103665197627634709e-01 -2.931676021380238417e-01 -2.778414463154603165e-01 -2.640833514362184165e-01 -2.516576017263691956e-01 -2.403784244591148367e-01 -2.300969701775623377e-01 -2.206921735359592684e-01 -2.120642167156233659e-01 -2.041297772869037352e-01 -1.968185204978161462e-01 -1.900704728786896114e-01 -1.838340292400670595e-01 -1.780644213159097711e-01 -1.727225273800938599e-01 -1.677739368801218767e-01 -1.631882080501921017e-01 -1.589382731662639103e-01 -1.549999579189522692e-01 -1.513515898410894567e-01 -1.479736768593322149e-01 -1.448486415343682443e-01 -1.419605998844678252e-01 -1.392951761790062748e-01 -1.368393469707651633e-01 -1.345813090700525849e-01 -1.325103672656381126e-01 -1.306168384507685187e-01 -1.288919694781149872e-01 -1.273278665903066209e-01 -1.259174346861346716e-01 -1.246543250115777213e-01 -1.235328901284286351e-01 -1.225481452258968124e-01 -1.216957350131969706e-01 -1.209719055723809111e-01 -1.203734806672082935e-01 -1.198978421009658235e-01 -1.195429137980144052e-01 -1.193071493538548772e-01 -1.191895228594204437e-01 -1.191895228594204437e-01
