0.000000000000000000e+00 0.000000000000000000e+00 0.000000000000000000e+00 0.000000000000000000e+00 0.000000000000000000e+00 0.000000000000000000e+00 0.000000000000000000e+00 0.000000000000000000e+00 0.000000000000000000e+00 0.000000000000000000e+00 0.000000000000000000e+00 0.000000000000000000e+00 0.000000000000000000e+00 0.000000000000000000e+00 0.000000000000000000e+00 0.000000000000000000e+00 0.000000000000000000e+00 0.000000000000000000e+00 0.000000000000000000e+00 0.000000000000000000e+00 0.000000000000000000e+00 0.000000000000000000e+00 0.000000000000000000e+00 0.000000000000000000e+00 0.000000000000000000e+00 0.000000000000000000e+00 0.000000000000000000e+00 0.000000000000000000e+00 0.000000000000000000e+00 0.000000000000000000e+00 0.000000000000000000e+00 0.000000000000000000e+00 0.000000000000000000e+00 0.000000000000000000e+00 0.000000000000000000e+00 0.000000000000000000e+00 0.000000000000000000e+00 0.000000000000000000e+00 0.000000000000000000e+00 0.000000000000000000e+00 0.000000000000000000e+00 0.000000000000000000e+00 0.000000000000000000e+00 0.000000000000000000e+00 0.000000000000000000e+00 0.000000000000000000e+00 0.000000000000000000e+00 0.000000000000000000e+00 0.000000000000000000e+00 0.000000000000000000e+00 0.000000000000000000e+00
0.000000000000000000e+00 0.000000000000000000e+00 0.000000000000000000e+00 0.000000000000000000e+00 1.447950087874536166e+03 1.489801324933922160e+03 1.360333719802776841e+03 1.170596174849653380e+03 9.830962117436163226e+02 8.213073733957320428e+02 6.890664806860315821e+02 5.830541841553372251e+02 4.983246208748007575e+02 4.302750915402535838e+02 3.751537619268106027e+02 3.300535081364211578e+02 2.927640567007833852e+02 2.616123558983105681e+02 2.353286091341448696e+02 2.129431703690675874e+02 1.937099147305902420e+02 1.770500088226151547e+02 1.625107272598662860e+02 1.497351741210331397e+02 1.384398710590141661e+02 1.283980330702203503e+02 1.194269816406691263e+02 1.113785922714835976e+02 1.041319878646496022e+02 9.758790994803626972e+01 9.166435472962763242e+01 8.629317063860185044e+01 8.141739228027026343e+01 7.698914217182394282e+01 7.296797278126342690e+01 6.931955174153823407e+01 6.601461573563059915e+01 6.302813558128981697e+01 6.033864797780751843e+01 5.792771927617799577e+01 5.577951425275459485e+01 5.388044876668970318e+01 5.221890976736197842e+01 5.078502970092548452e+01 4.957050517518489130e+01 4.856845195688394767e+01 4.777329013248744616e+01 4.717911928789038431e-30 4.678607187453712853e-30 4.659006672435508975e-30 4.659006672435508975e-30
0.000000000000000000e+00 0.000000000000000000e+00 0.000000000000000000e+00 0.000000000000000000e+00 5.886070250733851026e+03 5.210699141924917967e+03 4.377064403654586386e+03 3.607610656112307424e+03 2.966789774210725227e+03 2.454882486085930850e+03 2.051537142272180063e+03 1.733796590881199563e+03 1.481874722149031641e+03 1.280214610255786965e+03 1.117023536342858279e+03 9.834771158402685387e+02 8.729817957103625758e+02 7.805893272028131378e+02 7.025591150508319060e+02 6.360391692527485930e+02 5.788354604581550120e+02 5.292451312580991498e+02 4.859352691027606852e+02 4.478541153659304541e+02 4.141654467315438524e+02 3.841996243977935706e+02 3.574167381383531392e+02 3.333786131381710334e+02 3.117273771035061145e+02 2.921689316171008954e+02 2.744601240896529362e+02 2.583987359367420140e+02 2.438156302485665776e+02 2.305685663625270934e+02 2.185373085101055608e+02 2.076197441093545706e+02 1.977287932547055789e+02 1.887899406948556020e+02 1.807392594162349440e+02 1.735218239327365382e+02 1.670904337260783450e+02 1.614045846008361025e+02 1.564296391973902871e+02 1.521361584481710452e+02 1.484993640359635378e+02 1.454987084431135997e+02 1.431175343618355384e+02 1.413382357485492125e-29 1.401611840738467890e-29 1.395742068872134981e-29 1.395742068872134981e-29
5.232409713073564992e-29 5.232409713073564992e-29 6.119224985483265267e-29 8.948625949042236664e-29 2.030774680454894769e+04 1.124699198505919594e+04 8.010456423076531792e+03 6.170854548352088386e+03 4.930861051759171460e+03 4.032313358075205542e+03 3.356121192719836927e+03 2.834695651038923188e+03 2.425080178492113191e+03 2.098232109503444462e+03 1.833786897767803566e+03 1.617114261360866749e+03 1.437509675005366717e+03 1.287021878099701780e+03 1.159666468222463664e+03 1.050885926065600415e+03 9.571720730940253361e+02 8.757980129762416937e+02 8.046251536555400889e+02 7.419624836301437654e+02 6.864627124603099446e+02 6.370447571846157189e+02 5.928352949778861785e+02 5.531242816746336075e+02 5.173308184763183135e+02 4.849767688818026272e+02 4.556662370552572270e+02 4.290695178763819513e+02 4.049104844453131591e+02 3.829566353512889805e+02 3.630112115081406614e+02 3.449069310836068212e+02 3.285009948746174473e+02 3.136710929767818357e+02 3.003122034733157193e+02 2.883340198729542863e+02 2.776588795946787513e+02 2.682200934299858659e+02 2.599605974760948470e+02 2.528318659269492343e+02 2.467930363949641901e+02 2.418102099384167047e+02 2.378558963200295011e+02 2.349010662595941274e-29 2.329462534733304656e-29 2.319714049982839941e-29 2.319714049982839941e-29
3.219140443738358590e+04 3.219140443738358590e+04 3.482695510808808467e+04 3.840963597465169005e+04 2.314647346792401004e+04 1.526875974176023374e+04 1.098620477362488782e+04 8.393542490413416090e+03 6.671385367371083703e+03 5.449028422575552213e+03 4.541288993903433038e+03 3.845564013534487003e+03 3.299746010689926152e+03 2.863596399679398019e+03 2.509717410468228081e+03 2.218769191027822671e+03 1.976729120620593903e+03 1.773217576322902460e+03 1.600423006783722712e+03 1.452385009674302637e+03 1.324501891821944582e+03 1.213184401200206821e+03 1.115607494400308269e+03 1.029529439164400401e+03 9.531580955050864077e+02 8.850508287126043570e+02 8.240387696234226951e+02 7.691689481535839832e+02 7.196597143039338107e+02 6.748661500900321926e+02 6.342530694531485551e+02 5.973738316377558704e+02 5.638536418704420612e+02 5.333763376139809225e+02 5.056738967020484097e+02 4.805180805738614254e+02 4.577137588726714625e+02 4.370935627587548424e+02 4.185135917675848418e+02 4.018499588514255265e+02 3.869960046776253648e+02 3.738600484772781556e+02 3.623635711033033999e+02 3.524397482494029532e+02 3.440322693653713486e+02 3.370943917411588018e+02 3.315881903356066118e+02 3.274839728478983147e+02 3.247598367815650136e+02 3.234013512377566144e+02 3.234013512377566144e+02
2.575559922859909784e+04 2.575559922859909784e+04 2.649378844951818246e+04 2.664179503105861295e+04 2.134941693335297532e+04 1.626978251203522814e+04 1.252795187436846027e+04 9.887695292983358740e+03 7.997178839451788917e+03 6.604470941156912886e+03 5.549183036065442138e+03 4.729965909916562850e+03 4.081088719088683774e+03 3.558425524115108601e+03 3.131352377418777905e+03 2.777995638488601344e+03 2.482354722765826864e+03 2.232494151606946616e+03 2.019366161442109160e+03 1.836019133342399982e+03 1.677050655764417797e+03 1.538220746184332711e+03 1.416172885438444609e+03 1.308229386778615662e+03 1.212239091964439240e+03 1.126462579471166691e+03 1.049484702943150523e+03 9.801473314362145857e+02 9.174972155823223829e+02 8.607453082046588406e+02 8.092348447241676013e+02 7.624161789347742797e+02 7.198268650488904541e+02 6.810758377722630712e+02 6.458308088600208521e+02 6.138081983474007757e+02 5.847650700257149765e+02 5.584926566234345273e+02 5.348111496187748344e+02 5.135654981362272338e+02 4.946220156932903365e+02 4.778656361671359036e+02 4.631976938809456783e+02 4.505341291791791036e+02 4.398040418245043384e+02 4.309485312202045861e+02 4.239197757870422265e+02 4.186803145618220583e+02 4.152025028306038621e+02 4.134681208516371385e+02 4.134681208516371385e+02
2.273954894980815152e+04 2.273954894980815152e+04 2.276468748698335912e+04 2.209183352359483615e+04 1.927345039323747915e+04 1.596427464440497533e+04 1.304328225731914790e+04 1.070305047474923776e+04 8.881128793576302996e+03 7.464257574439407108e+03 6.351709081196607258e+03 5.466644671998277772e+03 4.753036955395427867e+03 4.170325148976488890e+03 3.688915598707478694e+03 3.286929943763127540e+03 2.947960572719588981e+03 2.659533712933670813e+03 2.412048721079666393e+03 2.198035408003184784e+03 2.011625405877337926e+03 1.848169658002313327e+03 1.703957336253005678e+03 1.576006367936921151e+03 1.461905357189906908e+03 1.359692968007496575e+03 1.267765008010970178e+03 1.184802265673365582e+03 1.109714080071810713e+03 1.041593960801916182e+03 9.796845197391148758e+02 9.233496522175247492e+02 8.720523964657963916e+02 8.253372625940501166e+02 7.828160936719895062e+02 7.441567270863699832e+02 7.090738820611678648e+02 6.773218212956300022e+02 6.486884298821307766e+02 6.229904293518973191e+02 6.000695035308352772e+02 5.797891593852384631e+02 5.620321828748724329e+02 5.466985790812403820e+02 5.337039091671650795e+02 5.229779553221609376e+02 5.144636597790057522e+02 5.081162960579200103e+02 5.039028404575279865e+02 5.018015200023587568e+02 5.018015200023587568e+02
2.037273044807032784e+04 2.037273044807032784e+04 2.012997438401756517e+04 1.931206704569151043e+04 1.748976151377961287e+04 1.521937322763107295e+04 1.299283923145464723e+04 1.103500077390541082e+04 9.396303615687422280e+03 8.051383151743564667e+03 6.952646297996940120e+03 6.052487112568299381e+03 5.310346423940070054e+03 4.693712274875118965e+03 4.177129412258807861e+03 3.740801582976263944e+03 3.369315705447176242e+03 3.050614178245972653e+03 2.775205753835466112e+03 2.535570140184233423e+03 2.325710349500234770e+03 2.140815011239110845e+03 1.977001960823036598e+03 1.831122007387532904e+03 1.700607542095799090e+03 1.583354845271383965e+03 1.477631959650099361e+03 1.382006144547178792e+03 1.295286461361396732e+03 1.216478145783382615e+03 1.144746224488413191e+03 1.079386423488103901e+03 1.019801853802847063e+03 9.654842906818992105e+02 9.159991150264689850e+02 8.709731806922704891e+02 8.300850235192220907e+02 7.930569476159190572e+02 7.596486191132050863e+02 7.296518728259515001e+02 7.028864971911913244e+02 6.791968106769620590e+02 6.584488810734412709e+02 6.405282696480123832e+02 6.253382066437430922e+02 6.127981242741359438e+02 6.028424892393295522e+02 5.954198896759683066e+02 5.904923420223602761e+02 5.880347920851759227e+02 5.880347920851759227e+02
1.838188090747853857e+04 1.838188090747853857e+04 1.807370918139521382e+04 1.732427733864813854e+04 1.601844535242943675e+04 1.437798419146955348e+04 1.266902792770301130e+04 1.106440016513004775e+04 9.641140450447705007e+03 8.415995376036846210e+03 7.376298464997193150e+03 6.498480786605419780e+03 5.757246149955276451e+03 5.129415604766121760e+03 4.595140923247578939e+03 4.137964004602684327e+03 3.744443636241308468e+03 3.403672310359797393e+03 3.106813262626050800e+03 2.846701031588208025e+03 2.617512438895573268e+03 2.414501351123486984e+03 2.233786841434501184e+03 2.072184496612298062e+03 1.927072033526647147e+03 1.796282040730735844e+03 1.678016156599948317e+03 1.570776228288020548e+03 1.473308969279220719e+03 1.384561387263258439e+03 1.303644834263407802e+03 1.229805978103968528e+03 1.162403341024417387e+03 1.100888322365300382e+03 1.044789836149957637e+03 9.937018645301028528e+02 9.472733643022243086e+02 9.052000733243781951e+02 8.672178521292170217e+02 8.330972675310787281e+02 8.026391828364457979e+02 7.756711659898253401e+02 7.520445647287132260e+02 7.316321282941106574e+02 7.143260798535577578e+02 7.000365636951777333e+02 6.886904074038343424e+02 6.802301524056413200e+02 6.746133171298871503e+02 6.718118661120066690e+02 6.718118661120066690e+02
1.671510829672849286e+04 1.671510829672849286e+04 1.642165963894411470e+04 1.578957825944136312e+04 1.480100904092254314e+04 1.356482680218083806e+04 1.223091542331403980e+04 1.091964639096052815e+04 9.702948305667114255e+03 8.612700255823112457e+03 7.655287426207530189e+03 6.823532138342146027e+03 6.104372152955742422e+03 5.483152730682147194e+03 4.945755843226739671e+03 4.479502938736801298e+03 4.073420159115483330e+03 3.718200158961904435e+03 3.406037430680363741e+03 3.130425289299364067e+03 2.885955387499480366e+03 2.668136572831043850e+03 2.473238225390544358e+03 2.298157905424470300e+03 2.140310990412904175e+03 1.997539333840899417e+03 1.868036000506898517e+03 1.750283420224220663e+03 1.643002664112137609e+03 1.545111903430999746e+03 1.455692429410712975e+03 1.373960886235730641e+03 1.299246600316392460e+03 1.230973082397365260e+03 1.168642940606288676e+03 1.111825577333019964e+03 1.060147155185685051e+03 1.013282410764436008e+03 9.709479725996031902e+02 9.328969038186393163e+02 8.989142430494598557e+02 8.688133605670853967e+02 8.424329823070412431e+02 8.196347634609035140e+02 8.003013170886734997e+02 7.843346225255731952e+02 7.716547541639955625e+02 7.621988841627520515e+02 7.559205233815301881e+02 7.527889738557857982e+02 7.527889738557857982e+02
1.532737069334783700e+04 1.532737069334783700e+04 1.507309241632417979e+04 1.455439334708844581e+04 1.378208206512609468e+04 1.282046696432593126e+04 1.175986150027286567e+04 1.068277706785455848e+04 9.647969877843235736e+03 8.689499129421250473e+03 7.822379706977902060e+03 7.049228515926933142e+03 6.365612064207392905e+03 5.763675684601849753e+03 5.234353509436377863e+03 4.768597480166047717e+03 4.357992820578474493e+03 3.995015772894406837e+03 3.673095280716329853e+03 3.386574725244849105e+03 3.130628255834291394e+03 2.901161370930791236e+03 2.694711081226595979e+03 2.508352995389599982e+03 2.339618340810381142e+03 2.186421668083578425e+03 2.046998862081168681e+03 1.919854570958360682e+03 1.803717977062881573e+03 1.697505812316023139e+03 1.600291580230332556e+03 1.511280042312061141e+03 1.429786134596571401e+03 1.355217588321403809e+03 1.287060631116578634e+03 1.224868238651556112e+03 1.168250490243594641e+03 1.116866655280455234e+03 1.070418700800701799e+03 1.028645964880033716e+03 9.913207864507432987e+02 9.582449207707735468e+02 9.292466019115476001e+02 9.041781402696519763e+02 8.829139650820577572e+02 8.653490400189909906e+02 8.513975948297448895e+02 8.409921283367738170e+02 8.340826483309855348e+02 8.306361225764919709e+02 8.306361225764919709e+02
1.417221187498954714e+04 1.417221187498954714e+04 1.395950736589038570e+04 1.353647404305129021e+04 1.292036733313872719e+04 1.215411720680327016e+04 1.129608582878906782e+04 1.040369983786844205e+04 9.522803856671427639e+03 8.684456981500674374e+03 7.906425711018179754e+03 7.196468719283435348e+03 6.555671792201914286e+03 5.981122929143103647e+03 5.467803700234223470e+03 5.009816315484683400e+03 4.601124226557791189e+03 4.235965608186439567e+03 3.909059523396336317e+03 3.615686963190975348e+03 3.351700030520340533e+03 3.113492443983728663e+03 2.897951371220330657e+03 2.702402294855659875e+03 2.524553506527527134e+03 2.362443744821007385e+03 2.214394666780694934e+03 2.078968779392676879e+03 1.954932854080067500e+03 1.841226519764598379e+03 1.736935567451517045e+03 1.641269434761950379e+03 1.553542331863284517e+03 1.473157496057658591e+03 1.399594105531774176e+03 1.332396433891595734e+03 1.271164880156472009e+03 1.215548560263748186e+03 1.165239193765207119e+03 1.119966062222630853e+03 1.079491853459330287e+03 1.043609238343120751e+03 1.012138054487345812e+03 9.849229946284493735e+02 9.618317169936661912e+02 9.427533112657844185e+02 9.275970672945255728e+02 9.162915049900379927e+02 9.087836332887565050e+02 9.050384141046946525e+02 9.050384141046946525e+02
1.320780633200804004e+04 1.320780633200804004e+04 1.303175792628640920e+04 1.268562451819688613e+04 1.218606804895074856e+04 1.156376790072381118e+04 1.085874490864901418e+04 1.011202089366356449e+04 9.358950556699714070e+03 8.626098213289267733e+03 7.931037949990049128e+03 7.283749833915749150e+03 6.688530729804924704e+03 6.145802884731446284e+03 5.653569635090625525e+03 5.208478307605239024e+03 4.806543769504509328e+03 4.443612374848705258e+03 4.115641422960451564e+03 3.818854099385989684e+03 3.549813790555042488e+03 3.305448219668541697e+03 3.083043767496630153e+03 2.880223225452061797e+03 2.694915391400835233e+03 2.525321710005991463e+03 2.369883065803471254e+03 2.227248488419149908e+03 2.096246671155856347e+03 1.975860666979578582e+03 1.865205798195959005e+03 1.763510624819145505e+03 1.670100713891519035e+03 1.584384906133258937e+03 1.505843766186241737e+03 1.434019914240806429e+03 1.368509960533870753e+03 1.308957793827963087e+03 1.255049006466016408e+03 1.206506269419029877e+03 1.163085499443622894e+03 1.124572686291559194e+03 1.090781270597010234e+03 1.061549982639618975e+03 1.036741068856543734e+03 1.016238847059367799e+03 9.999485431516357039e+02 9.877953720948700038e+02 9.797238342681622498e+02 9.756972055340669385e+02 9.756972055340669385e+02
1.239940886874700664e+04 1.239940886874700664e+04 1.225355800717174134e+04 1.196812721095482993e+04 1.155727909651685695e+04 1.104376271947021633e+04 1.045629915365137822e+04 9.825007271753354871e+03 9.177241408288804450e+03 8.535108903895041294e+03 7.914712059423572100e+03 7.326572932763714562e+03 6.776637628456388484e+03 6.267422511714305074e+03 5.799059506294557650e+03 5.370142394735097696e+03 4.978360701497962509e+03 4.620947378555764772e+03 4.294979176946553707e+03 3.997567754646096546e+03 3.725973396944707474e+03 3.477665933843527000e+03 3.250350868244786852e+03 3.041973458989937626e+03 2.850709537587214072e+03 2.674948967186271602e+03 2.513275626111010752e+03 2.364446392756170553e+03 2.227370647466692844e+03 2.101091158951120633e+03 1.984766793381717889e+03 1.877657206654239189e+03 1.779109507179966613e+03 1.688546774853722127e+03 1.605458268101426484e+03 1.529391128697028307e+03 1.459943391810654475e+03 1.396758118512872215e+03 1.339518484258142735e+03 1.287943676084713161e+03 1.241785471076398153e+03 1.200825387641279576e+03 1.164872318600638209e+03 1.133760570600599294e+03 1.107348247889025970e+03 1.085515930123568978e+03 1.068165603779944377e+03 1.055219815137075329e+03 1.046621019968831433e+03 1.042331111209597793e+03 1.042331111209597793e+03
1.171924303707514264e+04 1.171924303707514264e+04 1.159759291227639369e+04 1.135982473270606170e+04 1.101742293972222615e+04 1.058763490513808028e+04 1.009178026765727554e+04 9.552534879316006482e+03 8.991269626190780400e+03 8.426201253957769950e+03 7.871544912773339092e+03 7.337479991061013607e+03 6.830615763782275280e+03 6.354676240916538518e+03 5.911213034337999488e+03 5.500241931022746940e+03 5.120761502314803693e+03 4.771149362100614781e+03 4.449449992617192947e+03 4.153574540584958413e+03 3.881433143619573002e+03 3.631017693320970920e+03 3.400449444821183533e+03 3.188002503811344923e+03 2.992111344040211407e+03 2.811368217503542382e+03 2.644514570463737527e+03 2.490429279912711536e+03 2.348115581190086687e+03 2.216687883743314160e+03 2.095359199878999789e+03 1.983429587358459685e+03 1.880275790133016471e+03 1.785342121815521523e+03 1.698132550871694320e+03 1.618203898204350253e+03 1.545160034548485783e+03 1.478646958079723163e+03 1.418348635642756562e+03 1.363983499719251085e+03 1.315301504792113292e+03 1.272081659252786949e+03 1.234129961297028785e+03 1.201277678714617650e+03 1.173379922785033159e+03 1.150314475551183705e+03 1.131980837586102780e+03 1.118299470106710487e+03 1.109211211076659310e+03 1.104676849930513072e+03 1.104676849930513072e+03
1.114546510071622470e+04 1.114546510071622470e+04 1.104300905575558136e+04 1.084268062716289751e+04 1.055363348717981899e+04 1.018915605298950868e+04 9.765484706859557264e+03 9.300069940949235388e+03 8.809813609451912271e+03 8.309713838579804360e+03 7.812095905451551516e+03 7.326385592910056403e+03 6.859271560345056059e+03 6.415087200826881599e+03 5.996275747227428838e+03 5.603849220909866744e+03 5.237793062148894023e+03 4.897397570802267182e+03 4.581515031386363262e+03 4.288750478491357171e+03 4.017597557236896591e+03 3.766531268898875624e+03 3.534068185403369171e+03 3.318802936475130537e+03 3.119427938403017833e+03 2.934741685117284760e+03 2.763649546532704790e+03 2.605159922593567899e+03 2.458377755541190254e+03 2.322496766977221341e+03 2.196791319030628983e+03 2.080608463303344706e+03 1.973360505987801389e+03 1.874518257233349004e+03 1.783605027383834567e+03 1.700191366538815828e+03 1.623890505186800056e+03 1.554354433601257597e+03 1.491270549860464826e+03 1.434358806161090342e+03 1.383369287370980601e+03 1.338080162356988012e+03 1.298295956142533896e+03 1.263846098540689127e+03 1.234583712080442183e+03 1.210384608554107672e+03 1.191146469276266089e+03 1.176788189171711565e+03 1.167249369169181364e+03 1.162489945166565121e+03 1.162489945166565121e+03
1.066099105195997436e+04 1.066099105195997436e+04 1.057371561612078222e+04 1.040287542115384713e+04 1.015574341286892377e+04 9.842702181444357848e+03 9.476375201963908694e+03 9.070452632390168219e+03 8.638478651021807309e+03 8.192853683414645275e+03 7.744186436966958354e+03 7.301005239818536211e+03 6.869758461238826385e+03 6.455005551592661504e+03 6.059706932175081420e+03 5.685543448245181025e+03 5.333221042620619301e+03 5.002737076951016206e+03 4.693599377482480122e+03 4.404998109438462961e+03 4.135935366908244760e+03 3.885319328686260178e+03 3.652030116674312922e+03 3.434963899169260458e+03 3.233060810313303136e+03 3.045321200385725660e+03 2.870813741231482254e+03 2.708678054045899898e+03 2.558123822103583279e+03 2.418427792994502852e+03 2.288929646184641115e+03 2.169027381048358620e+03 2.058172646792686464e+03 1.955866269811870325e+03 1.861654119672834213e+03 1.775123378767395479e+03 1.695899232075763393e+03 1.623641964280110869e+03 1.558044435491649892e+03 1.498829899604403408e+03 1.445750127537026856e+03 1.398583799140142446e+03 1.357135130821708117e+03 1.321232710003558168e+03 1.290728511766217252e+03 1.265497077119026017e+03 1.245434836075191924e+03 1.230459562047887857e+03 1.220509947016256092e+03 1.215545289479066923e+03 1.215545289479066923e+03
1.025246655894341529e+04 1.025246655894341529e+04 1.017719827872406131e+04 1.002965003848948618e+04 9.815627088953950079e+03 9.543354222084028152e+03 9.222824990987943238e+03 8.864969404503122860e+03 8.480789405520576111e+03 8.080613592527158289e+03 7.673566617410291656e+03 7.267278104673131566e+03 6.867802309379713734e+03 6.479693003581476660e+03 6.106173829043906153e+03 5.749353327311030625e+03 5.410447824339364161e+03 5.089989072997762378e+03 4.788004600101648975e+03 4.504166473955158835e+03 4.237909062809934767e+03 3.988518991890010057e+03 3.755201632012574464e+03 3.537128642206711902e+03 3.333470758961964293e+03 3.143419452562528932e+03 2.966200426444355799e+03 2.801081314584875145e+03 2.647375382239725695e+03 2.504442574918929040e+03 2.371688890348163113e+03 2.248564760349484004e+03 2.134562912247801705e+03 2.029216019736657245e+03 1.932094338958151184e+03 1.842803446193947366e+03 1.760982140101296636e+03 1.686300536727274221e+03 1.618458364039832304e+03 1.557183450269388459e+03 1.502230393893310520e+03 1.453379400450578714e+03 1.410435271038578549e+03 1.373226528303539226e+03 1.341604667342392077e+03 1.315443520775193974e+03 1.294638729094438304e+03 1.279107309120806349e+03 1.268787314949328447e+03 1.263637587143017527e+03 1.263637587143017527e+03
9.909442715416160354e+03 9.909442715416160354e+03 9.843672928600130035e+03 9.714550727717283735e+03 9.526754256956683093e+03 9.286894467905145575e+03 9.003019702034231159e+03 8.684004473928704101e+03 8.338913075317124822e+03 7.976432488808425660e+03 7.604441153901326288e+03 7.229739741782384954e+03 6.857934978625879921e+03 6.493446086831791945e+03 6.139595717780459381e+03 5.798749321475016586e+03 5.472474040700916703e+03 5.161696791051895161e+03 4.866849029268406412e+03 4.587991877538076551e+03 4.324919598874427720e+03 4.077242143959604618e+03 3.844448988240430026e+03 3.625957123072808827e+03 3.421146166437519696e+03 3.229383348671375643e+03 3.050040766374983377e+03 2.882506885567733207e+03 2.726193873835847626e+03 2.580541982514995198e+03 2.445021897126664044e+03 2.319135729298069691e+03 2.202417131919767598e+03 2.094430874031316307e+03 1.994772104653440920e+03 1.903065457573922913e+03 1.818964094893786978e+03 1.742148750070718961e+03 1.672326806522386278e+03 1.609231431933581689e+03 1.552620778498822801e+03 1.502277253440732466e+03 1.458006860849700843e+03 1.419638614224312050e+03 1.387024018390672609e+03 1.360036619321745320e+03 1.338571620495640445e+03 1.322545564663713094e+03 1.311896080156993548e+03 1.306581691099458567e+03 1.306581691099458567e+03
9.623743237068014423e+03 9.623743237068014423e+03 9.565473496500482725e+03 9.450910354499781533e+03 9.283874043236281068e+03 9.069764038747116501e+03 8.815176168505291571e+03 8.527440442550223452e+03 8.214138803620970066e+03 7.882664674302194726e+03 7.539871207046777272e+03 7.191831290532522871e+03 6.843709387832393986e+03 6.499729103765157561e+03 6.163212454123125099e+03 5.836665683389019250e+03 5.521889630609206506e+03 5.220097720331320488e+03 4.932029986829997142e+03 4.658056186533546679e+03 4.398264640402292571e+03 4.152535951931249656e+03 3.920602322106894917e+03 3.702094045900596939e+03 3.496575137353282571e+03 3.303570069611479994e+03 3.122583467650418243e+03 2.953114350269982424e+03 2.794666246875949582e+03 2.646754251344927980e+03 2.508909840108877688e+03 2.380684082961270178e+03 2.261649714201865208e+03 2.151402405726268171e+03 2.049561487710112488e+03 1.955770291227663392e+03 1.869696235285642388e+03 1.791030743750744477e+03 1.719489051702113329e+03 1.654809942800935460e+03 1.596755447016774724e+03 1.545110519739214396e+03 1.499682717677340406e+03 1.460301883117744410e+03 1.426819845452070240e+03 1.399110146988109364e+03 1.377067798639342982e+03 1.360609069976483397e+03 1.349671317199040004e+03 1.344212851776738034e+03 1.344212851776738034e+03
9.388988407730741528e+03 9.388988407730741528e+03 9.336605443442038450e+03 9.233480105078520864e+03 9.082784413127870721e+03 8.889008804699920802e+03 8.657661074210653169e+03 8.394907432467120088e+03 8.107196846944265417e+03 7.800911262138177335e+03 7.482075582698624203e+03 7.156146592503725515e+03 6.827884698905832010e+03 6.501300463365792893e+03 6.179660877267360775e+03 5.865537951159007207e+03 5.560883132423405186e+03 5.267113892543598013e+03 4.985202329755447863e+03 4.715759018529689456e+03 4.459108181517624871e+03 4.215352415137361277e+03 3.984426688492765606e+03 3.766142262358955577e+03 3.560221673324900621e+03 3.366326125329895603e+03 3.184076633713909814e+03 3.013070157401560209e+03 2.852891791081477095e+03 2.703123909499945057e+03 2.563352983317912276e+03 2.433174632551733339e+03 2.312197354312161224e+03 2.200045256780407726e+03 2.096360048999294122e+03 2.000802472879360948e+03 1.913053316285223900e+03 1.832814110832944152e+03 1.759807592197407985e+03 1.693777981895780385e+03 1.634491135809210618e+03 1.581734594675752760e+03 1.535317564377800409e+03 1.495070848273282536e+03 1.460846749538451604e+03 1.432518958107313438e+03 1.409982434048783261e+03 1.393153296923801008e+03 1.381968728690880425e+03 1.376386895981175712e+03 1.376386895981175712e+03
9.200241196313520049e+03 9.200241196313520049e+03 9.152418938839116890e+03 9.058163084626603450e+03 8.920161063791947527e+03 8.742225820420557284e+03 8.529053999608477170e+03 8.285939429125237439e+03 8.018472103673684614e+03 7.732253495971305711e+03 7.432653483091515227e+03 7.124624618855262270e+03 6.812579012088292075e+03 6.500324253383962059e+03 6.191048992869902577e+03 5.887346050818598087e+03 5.591260740316838564e+03 5.304353516942046554e+03 5.027768311238260139e+03 4.762300316106636274e+03 4.508459199643781176e+03 4.266525502163006422e+03 4.036599303879628678e+03 3.818641151736703705e+03 3.612505785422406461e+03 3.417969490152918752e+03 3.234752007701126331e+03 3.062533923987647086e+03 2.900970371852126391e+03 2.749701776959293056e+03 2.608362256360207539e+03 2.476586166758921081e+03 2.354013200073920871e+03 2.240292340051134943e+03 2.135084925426201607e+03 2.038067010948487678e+03 1.948931175348269562e+03 1.867387892825953031e+03 1.793166559795126659e+03 1.726016249655800266e+03 1.665706253858740183e+03 1.612026456322036665e+03 1.564787579508399858e+03 1.523821333528518835e+03 1.488980494027166742e+03 1.460138929993272768e+03 1.437191598764504988e+03 1.420054522185773976e+03 1.408664754997964337e+03 1.402980353971011937e+03 1.402980353971011937e+03
9.053747067022648480e+03 9.053747067022648480e+03 9.009370294046788331e+03 8.921820487420854988e+03 8.793429959278842944e+03 8.627515661221925257e+03 8.428179605562299912e+03 8.200072999428415642e+03 7.948147404987396840e+03 7.677416387467748791e+03 7.392747276430614875e+03 7.098696065951323362e+03 6.799391000848688236e+03 6.498463743251535561e+03 6.199022218255642656e+03 5.903656588974607075e+03 5.614469054870101900e+03 5.333118775945687048e+03 5.060874626668988640e+03 4.798670195199961199e+03 4.547157127186331309e+03 4.306754372480504571e+03 4.077692043962651951e+03 3.860049432966272889e+03 3.653787282019953636e+03 3.458774748193543473e+03 3.274811657615122385e+03 3.101646705935499995e+03 2.938992242844965858e+03 2.786536222616712166e+03 2.643951828841762563e+03 2.510905203959967366e+03 2.387061640983692087e+03 2.272090529971310389e+03 2.165669296740454229e+03 2.067486525850234102e+03 1.977244423061551970e+03 1.894660743009791759e+03 1.819470284358431627e+03 1.751426036034703202e+03 1.690300043231219661e+03 1.635884049859006836e+03 1.587989964382705921e+03 1.546450187950993268e+03 1.511117837063002753e+03 1.481866887388663599e+03 1.458592260557069721e+03 1.441209871579154424e+03 1.429656650923050165e+03 1.423890552018310018e+03 1.423890552018310018e+03
8.946745848193348138e+03 8.946745848193348138e+03 8.904849962063000930e+03 8.822131710491346894e+03 8.700673460766329299e+03 8.543443014620896065e+03 8.354123058517345271e+03 8.136909764458337122e+03 7.896299505304051308e+03 7.636882535053796346e+03 7.363159576562698931e+03 7.079392364129206726e+03 6.789493545215334962e+03 6.496956136590711139e+03 6.204818749035210203e+03 5.915660351901727154e+03 5.631617357402242305e+03 5.354415942474304757e+03 5.085413392977015064e+03 4.825643481042527128e+03 4.575862188351957229e+03 4.336591282458461137e+03 4.108158244666999053e+03 3.890731806488134680e+03 3.684352889184272044e+03 3.488961091224704887e+03 3.304417073093603449e+03 3.130521288204103257e+03 2.967029537223096668e+03 2.813665807989175846e+03 2.670132824137193438e+03 2.536120675932897484e+03 2.411313855112114197e+03 2.295396966561153477e+03 2.188059345835937620e+03 2.088998773631480617e+03 1.997924446293380015e+03 1.914559334763000152e+03 1.838642042239097691e+03 1.769928252565216781e+03 1.708191846224002120e+03 1.653225748240607118e+03 1.604842561777856190e+03 1.562875032344060628e+03 1.527176380017865768e+03 1.497620530664520174e+03 1.474102271573843154e+03 1.456537352122997845e+03 1.444862545817753926e+03 1.439035686275680519e+03 1.439035686275680519e+03
8.877340001547428983e+03 8.877340001547428983e+03 8.837062202138093198e+03 8.757496248415678565e+03 8.640563463255241004e+03 8.489006458832685894e+03 8.306236890439609851e+03 8.096155751778887861e+03 7.862962589176408073e+03 7.610969729011261734e+03 7.344435180183819284e+03 7.067423917848454948e+03 6.783702683418374363e+03 6.496669130558581855e+03 6.209312734572657973e+03 5.924202650656924561e+03 5.643496641221671780e+03 5.368965082694160628e+03 5.102024611939682472e+03 4.843776888357131611e+03 4.595048990509562827e+03 4.356432969484481873e+03 4.128322948738969899e+03 3.910948851435253800e+03 3.704406348920163055e+03 3.508682977975855465e+03 3.323680599636144052e+03 3.149234500265031784e+03 2.985129494739740949e+03 2.831113405316256376e+03 2.686908275799047715e+03 2.552219651626828181e+03 2.426744220851468981e+03 2.310176074012198569e+03 2.202211805602325057e+03 2.102554647705960633e+03 2.010917798012600315e+03 1.927027079811348813e+03 1.850623050456935061e+03 1.781462656785994568e+03 1.719320520628979693e+03 1.663989924503341626e+03 1.615283556436230583e+03 1.573034063335389192e+03 1.537094454149312469e+03 1.507338387004277138e+03 1.483660368396412196e+03 1.465975887176110973e+03 1.454221501366915163e+03 1.448354891664171873e+03 1.448354891664171873e+03
8.844408478112618468e+03 8.844408478112618468e+03 8.804946403605939850e+03 8.726969436647807015e+03 8.612317204206263341e+03 8.463617709454547366e+03 8.284144074495914538e+03 8.077645661623128035e+03 7.848168738248358750e+03 7.599881411811477847e+03 7.336915286315135745e+03 7.063232752316922415e+03 6.782524777773001915e+03 6.498140245541177137e+03 6.213044809851615355e+03 5.929805173187340188e+03 5.650593624390865443e+03 5.377207466323214248e+03 5.111098354551757438e+03 4.853407317719073944e+03 4.605002124795008967e+03 4.366514552260484379e+03 4.138375892524922165e+03 3.920849689647822743e+03 3.714061180741406588e+03 3.518023273706571672e+03 3.332659127170463762e+03 3.157821542635555943e+03 2.993309456385150497e+03 2.838881850297593246e+03 2.694269402601620641e+03 2.559184183700391259e+03 2.433327676810636149e+03 2.316397373790846359e+03 2.208092166572809219e+03 2.108116726012524396e+03 2.016185033736015612e+03 1.932023209065440824e+03 1.855371752413644799e+03 1.785987308477409215e+03 1.723644036901880327e+03 1.668134664562883700e+03 1.619271281945525516e+03 1.576885936037493138e+03 1.540831063478129408e+03 1.510979800198571866e+03 1.487226197277379470e+03 1.469485367056688574e+03 1.457693578566966607e+03 1.451808316863758364e+03 1.451808316863758364e+03
8.847559239489884931e+03 8.847559239489884931e+03 8.808133754042135479e+03 8.730227106249665667e+03 8.615673014758742283e+03 8.467090353011612024e+03 8.287740033776721248e+03 8.081356801924659521e+03 7.851971123234925471e+03 7.603735714892250144e+03 7.340768863812183554e+03 7.067023127116136493e+03 6.786184046653388577e+03 6.501599816888465284e+03 6.216239900076128833e+03 5.932678606727046827e+03 5.653098648012884041e+03 5.379309460989888066e+03 5.112775476607602286e+03 4.854650208992249645e+03 4.605812894155544200e+03 4.366905253722843554e+03 4.138366716341269239e+03 3.920467053695191680e+03 3.713335869772405658e+03 3.516988731622117939e+03 3.331349967895875579e+03 3.156272311671466923e+03 2.991553649042701636e+03 2.836951174062923656e+03 2.692193259227136423e+03 2.556989340286095285e+03 2.431038092995976513e+03 2.314034152981530042e+03 2.205673601805393901e+03 2.105658414770331547e+03 2.013700040145000685e+03 1.929522255991446173e+03 1.852863429779900343e+03 1.783478287480516428e+03 1.721139282664096754e+03 1.665637642117423411e+03 1.616784152346358496e+03 1.574409740872166140e+03 1.538365897197298864e+03 1.508524970530177370e+03 1.484780374615751498e+03 1.467046724164949865e+03 1.455259922240313927e+03 1.449377213412923766e+03 1.449377213412923766e+03
8.887116761833221972e+03 8.887116761833221972e+03 8.846935899689849975e+03 8.767556526674019551e+03 8.650884536203579046e+03 8.499638016010656429e+03 8.317194955582928742e+03 8.107415178823212045e+03 7.874453007528382841e+03 7.622576203505894227e+03 7.356003890793174833e+03 7.078772158927145938e+03 6.794631734373231666e+03 6.506978207103435125e+03 6.218812286848904478e+03 5.932725625720953758e+03 5.650906829850264330e+03 5.375162192770202637e+03 5.106946159043563057e+03 4.847397318756284221e+03 4.597376640484413656e+03 4.357505532018591111e+03 4.128202092230530980e+03 3.909714547582806972e+03 3.702151348068125117e+03 3.505507743636316718e+03 3.319688896011703491e+03 3.144529726951979228e+03 2.979811785424110894e+03 2.825277452270018330e+03 2.680641806972098493e+03 2.545602468497579139e+03 2.419847699009369990e+03 2.303063030971621174e+03 2.194936648420907204e+03 2.095163724086667571e+03 2.003449886854254146e+03 1.919513969367736991e+03 1.843090163570213235e+03 1.773929692649308890e+03 1.711802091028851919e+03 1.656496169498924701e+03 1.607820730053442048e+03 1.565605084259361547e+03 1.529699419766273422e+03 1.499975051667462822e+03 1.476324588633600342e+03 1.458662037876576505e+03 1.446922867901060727e+03 1.441064043509551539e+03 1.441064043509551539e+03
8.964143738070561085e+03 8.964143738070561085e+03 8.922364841482654811e+03 8.839872988030710985e+03 8.718732992792469304e+03 8.561881924789389814e+03 8.372956779115185782e+03 8.156094463904511031e+03 7.915723491547583762e+03 7.656365288036747188e+03 7.382459296879519570e+03 7.098221056303033038e+03 6.807537258578924593e+03 6.513897333423558848e+03 6.220357838630751758e+03 5.929534021298326479e+03 5.643612185518277329e+03 5.364376672369834523e+03 5.093245995346128439e+03 4.831313687635477436e+03 4.579390489010234887e+03 4.338045489953618016e+03 4.107644686421645929e+03 3.888386056339818879e+03 3.680330755445052091e+03 3.483430368552637447e+03 3.297550371973381061e+03 3.122490092639644445e+03 2.957999514950978210e+03 2.803793308065007295e+03 2.659562440088729545e+03 2.524983722805371144e+03 2.399727599142530380e+03 2.283464450792832849e+03 2.175869668528797774e+03 2.076627694737663205e+03 1.985435217525382768e+03 1.902003668830668857e+03 1.826061155376037732e+03 1.757353930818359231e+03 1.695647499869277908e+03 1.640727430122028409e+03 1.592399934530654491e+03 1.550492276628872560e+03 1.514853041367078049e+03 1.485352306630842577e+03 1.461881743857116362e+03 1.444354670478953722e+03 1.432706072030107407e+03 1.426892607466342497e+03 1.426892607466342497e+03
9.080499064009663925e+03 9.080499064009663925e+03 9.036185843275428851e+03 8.948763257437014545e+03 8.820558103791880058e+03 8.654867806342910626e+03 8.455754292030631404e+03 8.227806929755493911e+03 7.975898924418511342e+03 7.704959217932796491e+03 7.419776627179958268e+03 7.124846156401784356e+03 6.824260724379588282e+03 6.521646097375762110e+03 6.220133167760350261e+03 5.922359878303818732e+03 5.630494731956962823e+03 5.346274477099020260e+03 5.071049762930027100e+03 4.805833958234019519e+03 4.551351677297607239e+03 4.308084725018101381e+03 4.076314105805045529e+03 3.856157436861970837e+03 3.647601593613220757e+03 3.450530732934762000e+03 3.264750029186253869e+03 3.090005555137824558e+03 2.926000774366180849e+03 2.772410106237686705e+03 2.628889995634035131e+03 2.495087878491993251e+03 2.370649388490769070e+03 2.255224104490765058e+03 2.148470095272810795e+03 2.050057479118099764e+03 1.959671181309474377e+03 1.877013042749076021e+03 1.801803407288092785e+03 1.733782293642854029e+03 1.672710239458162505e+03 1.618368889708896404e+03 1.570561388773676981e+03 1.529112624766647286e+03 1.493869365743558092e+03 1.464700319890430592e+03 1.441496145509315738e+03 1.424169431303797182e+03 1.412654662948190889e+03 1.406908188028878612e+03 1.406908188028878612e+03
9.238937365641813813e+03 9.238937365641813813e+03 9.191007896685592641e+03 9.096559149429207537e+03 8.958309207772912487e+03 8.780091969538430931e+03 8.566598669011047605e+03 8.323083625792431121e+03 8.055066734055061715e+03 7.768061399410077684e+03 7.467348551426389349e+03 7.157807503664844262e+03 6.843805244385154765e+03 6.529138820028142618e+03 6.217021375019569859e+03 5.910100879409234949e+03 5.610500931884220336e+03 5.319874505336988477e+03 5.039463458620997699e+03 4.770158620460087150e+03 4.512557000103087375e+03 4.267014083039242905e+03 4.033690214789375204e+03 3.812590800587468493e+03 3.603600514855863821e+03 3.406511985806690063e+03 3.221049554267481199e+03 3.046888747950692050e+03 2.883672097577452405e+03 2.731021874243178900e+03 2.588550264916768811e+03 2.455867435708425091e+03 2.332587866949737418e+03 2.218335283709809573e+03 2.112746451721466656e+03 2.015474062230447316e+03 1.926188889763450788e+03 1.844581373614711765e+03 1.770362746234509359e+03 1.703265808869507282e+03 1.643045436018183182e+03 1.589478874856667517e+03 1.542365893169707533e+03 1.501528818997441931e+03 1.466812506753288744e+03 1.438084257632513300e+03 1.415233716422973885e+03 1.398172762097749910e+03 1.386835405619335461e+03 1.381177705032750964e+03 1.381177705032750964e+03
9.443259174623222862e+03 9.443259174623222862e+03 9.390419617736502914e+03 9.286446798866210884e+03 9.134619216230712482e+03 8.939536057647437701e+03 8.706780225798316678e+03 8.442538690875875545e+03 8.153225722830328777e+03 7.845148194521400910e+03 7.524239199004851798e+03 7.195871170145735050e+03 6.864746585847579809e+03 6.534855412777321362e+03 6.209484084679645093e+03 5.891260134604253835e+03 5.582218309268377197e+03 5.283876846912944529e+03 4.997315693096828909e+03 4.723251222937775310e+03 4.462104290520999712e+03 4.214060089752135355e+03 3.979119446215177049e+03 3.757141870981684406e+03 3.547881105048733389e+03 3.351014064192028854e+03 3.166164135400531904e+03 2.992919734299643096e+03 2.830848947245813179e+03 2.679510977692709275e+03 2.538465009696935340e+03 2.407277000925587345e+03 2.285524827613795878e+03 2.172802126188430066e+03 2.068721110641132327e+03 1.972914590264303115e+03 1.885037367731328231e+03 1.804767161254824032e+03 1.731805165331604258e+03 1.665876341124170040e+03 1.606729508767457901e+03 1.554137298912984988e+03 1.507896008882740034e+03 1.467825399290102496e+03 1.433768459387863686e+03 1.405591163337576972e+03 1.383182234723108650e+03 1.366452932703471333e+03 1.355336870002512569e+03 1.349789870290870567e+03 1.349789870290870567e+03
9.698525834698335530e+03 9.698525834698335530e+03 9.639182740213838770e+03 9.522620177827504449e+03 9.352905150517526636e+03 9.135709159634752723e+03 8.877854727272389937e+03 8.586809269382509228e+03 8.270193191269810995e+03 7.935358046484554507e+03 7.589068750465959965e+03 7.237299867351740431e+03 6.885136858146618579e+03 6.536761875735685862e+03 6.195499795521987835e+03 5.863901520902219090e+03 5.543845760083704590e+03 5.236645505851417511e+03 4.943150165215908601e+03 4.663838116302109484e+03 4.398897277300643509e+03 4.148293152029918929e+03 3.911824958591372251e+03 3.689171054488704613e+03 3.479925119449465456e+03 3.283624582338790788e+03 3.099772678317695409e+03 2.927855361800693572e+03 2.767354120483757015e+03 2.617755559335592352e+03 2.478558463202283292e+03 2.349278907694117606e+03 2.229453871228482058e+03 2.118643705144525939e+03 2.016433741278455500e+03 1.922435254534520027e+03 1.836285949120552004e+03 1.757650098783657995e+03 1.686218441493392220e+03 1.621707905808292480e+03 1.563861228196550655e+03 1.512446506711175743e+03 1.467256725727832873e+03 1.428109278220985061e+03 1.394845505718528784e+03 1.367330271199885374e+03 1.345451576443479325e+03 1.329120232427308565e+03 1.318269589127343124e+03 1.312855329284043364e+03 1.312855329284043364e+03
1.001135982368459554e+04 1.001135982368459554e+04 9.943501098083166653e+03 9.810491289576806594e+03 9.617500257326659266e+03 9.371694321569286330e+03 9.081609592814238567e+03 8.756457246727830352e+03 8.405463947708376509e+03 8.037330339998388808e+03 7.659851620293364249e+03 7.279704699011591401e+03 6.902378427891792853e+03 6.532210023577120410e+03 6.172489371945123821e+03 5.825598526516325364e+03 5.493162107414637831e+03 5.176192635935823091e+03 4.875221705806957289e+03 4.590412894556142419e+03 4.321655601894121901e+03 4.068640930846451283e+03 3.830921695804863703e+03 3.607958986726959665e+03 3.399157694238774639e+03 3.203893181417656251e+03 3.021530986593712896e+03 2.851441124094375027e+03 2.693008252341600837e+03 2.545638717608941079e+03 2.408765262122551121e+03 2.281850005834594413e+03 2.164386167869429300e+03 2.055898880970127266e+03 1.955945364851005934e+03 1.864114657217271997e+03 1.780027050094207652e+03 1.703333340463149852e+03 1.633713975169840751e+03 1.570878148385186023e+03 1.514562893784329617e+03 1.464532201699665848e+03 1.420576182746882523e+03 1.382510293026840372e+03 1.350174631367916618e+03 1.323433315737268003e+03 1.302173943579863817e+03 1.286307139183906656e+03 1.275766190028474966e+03 1.270506773306059586e+03 1.270506773306059586e+03
1.039035975978843999e+04 1.039035975978843999e+04 1.031139064423685522e+04 1.015697472746046151e+04 9.933823989900058223e+03 9.651193278164260846e+03 9.319993576404520354e+03 8.951810686318911394e+03 8.557998388129712112e+03 8.148974363833742245e+03 7.733773867276054261e+03 7.319849374540280223e+03 6.913064346413591920e+03 6.517816435263848689e+03 6.137231053624541346e+03 5.773380220749428190e+03 5.427496920651098662e+03 5.100168158219389625e+03 4.791499303867785784e+03 4.501248362212881148e+03 4.228932222978043683e+03 3.973908564145760465e+03 3.735437558823219206e+03 3.512727384036227249e+03 3.304967069328887192e+03 3.111349654737770834e+03 2.931088062059568074e+03 2.763425574511905779e+03 2.607642388583691627e+03 2.463059350259065923e+03 2.329039708996669560e+03 2.204989506311653713e+03 2.090357050347169206e+03 1.984631803049733890e+03 1.887342913543371651e+03 1.798057562638489799e+03 1.716379233211975134e+03 1.641945984839352377e+03 1.574428784979724014e+03 1.513529930507580275e+03 1.458981580422495426e+03 1.410544411624724489e+03 1.368006403602943237e+03 1.331181753917589504e+03 1.299909923876457015e+03 1.274054812354164596e+03 1.253504054986883830e+03 1.238168445762865986e+03 1.227981478155542618e+03 1.222899003310454418e+03 1.222899003310454418e+03
1.084666932605052170e+04 1.084666932605052170e+04 1.075318572934674194e+04 1.057087135712387499e+04 1.030859723669173945e+04 9.978556949772966618e+03 9.594981700446554896e+03 9.172709264168650407e+03 8.725904957339602333e+03 8.267140566610001770e+03 7.806891338600798008e+03 7.353397387064611394e+03 6.912782925130634794e+03 6.489323051554746598e+03 6.085770057528097823e+03 5.703680443872623073e+03 5.343709640038890939e+03 5.005860145531340095e+03 4.689680582105101166e+03 4.394419532669029650e+03 4.119140831223587156e+03 3.862807614053335783e+03 3.624341963932429735e+03 3.402666014715061010e+03 3.196729296923465881e+03 3.005526080962127708e+03 2.828105592057578178e+03 2.663577250125346836e+03 2.511112519631596115e+03 2.369944518161468295e+03 2.239366203793815203e+03 2.118727717803650648e+03 2.007433281109919108e+03 1.904937914256535123e+03 1.810744158932769324e+03 1.724398914369795648e+03 1.645490457009664169e+03 1.573645681137771589e+03 1.508527577614363054e+03 1.449832954473509517e+03 1.397290394807606390e+03 1.350658442482332021e+03 1.309724003713639604e+03 1.274300951611003711e+03 1.244228920896962563e+03 1.219372280780412211e+03 1.199619275128491836e+03 1.184881320484227672e+03 1.175092453999163808e+03 1.170208924927827184e+03 1.170208924927827184e+03
1.139474617541987391e+04 1.139474617541987391e+04 1.128222661570899254e+04 1.106338479203145289e+04 1.075011016650819147e+04 1.035877669313546357e+04 9.908325935028160529e+03 9.418095340039513758e+03 8.905964328700765691e+03 8.387155603909288402e+03 7.873726220646830370e+03 7.374593708990157211e+03 6.895887791301101061e+03 6.441446413083882362e+03 6.013332172853385600e+03 5.612299859138800457e+03 5.238185673624017909e+03 4.890213137786347943e+03 4.567223287036393231e+03 4.267841763117283335e+03 3.990596158699696389e+03 3.733995661523894796e+03 3.496582988127302997e+03 3.276966468788064049e+03 3.073838251931598734e+03 2.885983039401521637e+03 2.712280544086192094e+03 2.551703936110252016e+03 2.403315858375376592e+03 2.266263093769856823e+03 2.139770609413313196e+03 2.023135451242887711e+03 1.915720786703760496e+03 1.816950272853224988e+03 1.726302845950351411e+03 1.643307974982907126e+03 1.567541387205768388e+03 1.498621252632370442e+03 1.436204802283262552e+03 1.379985348866646063e+03 1.329689676361775810e+03 1.285075765259232867e+03 1.245930822013472607e+03 1.212069583917284490e+03 1.183332873697370815e+03 1.159586381369864512e+03 1.140719654133873064e+03 1.126645278212119365e+03 1.117298239544120406e+03 1.112635453073214649e+03 1.112635453073214649e+03
1.205336155847529335e+04 1.205336155847529335e+04 1.191577273195872112e+04 1.164881250291955803e+04 1.126854559170723041e+04 1.079738475297849618e+04 1.026110214086869200e+04 9.685353799267861177e+03 9.092915742884868450e+03 8.502169842757197330e+03 7.926738114498054529e+03 7.375877715965475545e+03 6.855242581735306885e+03 6.367730358261131187e+03 5.914257244616776006e+03 5.494395274381831769e+03 5.106861287757163154e+03 4.749873426219879548e+03 4.421400318841238914e+03 4.119328492668564650e+03 3.841570069878670893e+03 3.586128282002281139e+03 3.351134028253396536e+03 3.134863111151173598e+03 2.935740981701914279e+03 2.752339734933689670e+03 2.583370579588335659e+03 2.427673928754375538e+03 2.284208506572974329e+03 2.152040349480150326e+03 2.030332230581094791e+03 1.918333802682589976e+03 1.815372603291399173e+03 1.720845968006992052e+03 1.634213839309917603e+03 1.554992423334155092e+03 1.482748629239451702e+03 1.417095218399214218e+03 1.357686589835415134e+03 1.304215131490912881e+03 1.256408072292645102e+03 1.214024776379770174e+03 1.176854427635997808e+03 1.144714059347152670e+03 1.117446890151303478e+03 1.094920933342159515e+03 1.077027851991819716e+03 1.063682037275506673e+03 1.054819891861056249e+03 1.050399304322369517e+03 1.050399304322369517e+03
1.284675154566240599e+04 1.284675154566240599e+04 1.267613228281513693e+04 1.234544601602770126e+04 1.187633916221083382e+04 1.130015194607927333e+04 1.065288552268969397e+04 9.969237727488023666e+03 9.278387283252555790e+03 8.602253768208027395e+03 7.955651068072004819e+03 7.347437383209145992e+03 6.781964059930749499e+03 6.260429419107971626e+03 5.781977503175032325e+03 5.344516503454375197e+03 4.945292462288620300e+03 4.581271948229827103e+03 4.249385331454351217e+03 3.946672933030834884e+03 3.670365897848379063e+03 3.417924600210841163e+03 3.187050361750133561e+03 2.975681115036169103e+03 2.781978016847351228e+03 2.604307519765924098e+03 2.441221727725511300e+03 2.291438744247685008e+03 2.153823992551711854e+03 2.027373018536777863e+03 1.911195993766974652e+03 1.804503956720945325e+03 1.706596726650404889e+03 1.616852368630567753e+03 1.534718062972059670e+03 1.459702225387686667e+03 1.391367728502731779e+03 1.329326085553641633e+03 1.273232470308440043e+03 1.222781461441436932e+03 1.177703413652734980e+03 1.137761371101043778e+03 1.102748450894987172e+03 1.072485635341763100e+03 1.046819921389936781e+03 1.025622784299600653e+03 1.008788920138583990e+03 9.962352383748245757e+02 9.879000817438826516e+02 9.837426558635058882e+02 9.837426558635058882e+02
1.380536199493824643e+04 1.380536199493824643e+04 1.359171657950209556e+04 1.317662317393944431e+04 1.258847045150665326e+04 1.187232219907844410e+04 1.108022832325417585e+04 1.026010490259093785e+04 9.449301868790696972e+03 8.673177079090086409e+03 7.946639777520030293e+03 7.276743070198943315e+03 6.665212387779168239e+03 6.110468312923467238e+03 5.609077163883632238e+03 5.156717309842291797e+03 4.748785659400951772e+03 4.380756118209526903e+03 4.048375507921526150e+03 3.747757148221460284e+03 3.475412445924944222e+03 3.228246631872585112e+03 3.003535139176328812e+03 2.798890769507539517e+03 2.612227708968801380e+03 2.441725871049475245e+03 2.285797436640907563e+03 2.143056480083028873e+03 2.012291986724679646e+03 1.892444233468194398e+03 1.782584324356736033e+03 1.681896588060244085e+03 1.589663514931173040e+03 1.505252914227361089e+03 1.428106992282747797e+03 1.357733080828216544e+03 1.293695775909238364e+03 1.235610278855678871e+03 1.183136759842206857e+03 1.135975590961121952e+03 1.093863319137400595e+03 1.056569269677207558e+03 1.023892688957107680e+03 9.956603499949846992e+02 9.717245577061867152e+02 9.519615018429460633e+02 9.362699152146768711e+02 9.245700030824893929e+02 9.168026168281630817e+02 9.129286513529917784e+02 9.129286513529917784e+02
1.496373986623303426e+04 1.496373986623303426e+04 1.469651295650637985e+04 1.417140575506951609e+04 1.342224375968688219e+04 1.251673941160127470e+04 1.153378990663215336e+04 1.054101070881658052e+04 9.585543826535871631e+03 8.694834394961366343e+03 7.881434554900468356e+03 7.148152298842092932e+03 6.492116014172740506e+03 5.907546729975596463e+03 5.387482089489728423e+03 4.924771951836918561e+03 4.512609258580986534e+03 4.144780697841969413e+03 3.815756137688888430e+03 3.520689894421923327e+03 3.255377227740867056e+03 3.016191095478171519e+03 2.800013140263253263e+03 2.604166343291031353e+03 2.426352984344366178e+03 2.264599390115282858e+03 2.117207765742558422e+03 1.982714785392835665e+03 1.859856326555593114e+03 1.747537626716834438e+03 1.644808135899341323e+03 1.550840384815879133e+03 1.464912257657397731e+03 1.386392134846775662e+03 1.314726445861529555e+03 1.249429241191561232e+03 1.190073453884333958e+03 1.136283574543178020e+03 1.087729509429419977e+03 1.044121430163934065e+03 1.005205456261991458e+03 9.707600392005060712e+02 9.405929397045692895e+02 9.145387091674347175e+02 8.924566022076733134e+02 8.742288608750930052e+02 8.597593224034150126e+02 8.489723120772603124e+02 8.418117910818510836e+02 8.382407364246759016e+02 8.382407364246759016e+02
1.634633600995818597e+04 1.634633600995818597e+04 1.602177683706161406e+04 1.536240239516413567e+04 1.439491817568485021e+04 1.322923569717244391e+04 1.199284069775570242e+04 1.078296178616930956e+04 9.656683667492749009e+03 8.639396222109126029e+03 7.736525542989726091e+03 6.942765968288417753e+03 6.247971721918372168e+03 5.640484550141197360e+03 5.108837524196274899e+03 4.642529307621519365e+03 4.232301089643206979e+03 3.870163412318728206e+03 3.549307421931685894e+03 3.263971068129083505e+03 3.009295764022917865e+03 2.781190314336056872e+03 2.576209125321312513e+03 2.391446719964652402e+03 2.224448156267445484e+03 2.073133875020555479e+03 1.935737133712415016e+03 1.810752163661221402e+03 1.696891330111320030e+03 1.593049780758693714e+03 1.498276286247946018e+03 1.411749182197220534e+03 1.332756505931802394e+03 1.260679579366342978e+03 1.194979423092660454e+03 1.135185498026580717e+03 1.080886362902918790e+03 1.031721911403232298e+03 9.873769145127231468e+02 9.475756441991597967e+02 9.120773957502121903e+02 8.806727597933563629e+02 8.531805225817490737e+02 8.294450957241709830e+02 8.093343951208246381e+02 7.927381042220137033e+02 7.795662695037705134e+02 7.697481867609830033e+02 7.632315459167588187e+02 7.599818098804789770e+02 7.599818098804789770e+02
1.791822285256145915e+04 1.791822285256145915e+04 1.756223350216867766e+04 1.677292219632468914e+04 1.551423357513777773e+04 1.398747405838405029e+04 1.241484372299286406e+04 1.093747066131821339e+04 9.617789176202064482e+03 8.469561197284016089e+03 7.482870585616962671e+03 6.638845580605966461e+03 5.916918934987370449e+03 5.297920216098420497e+03 4.765129996306682187e+03 4.304427516150162774e+03 3.904077346960980776e+03 3.554402174532850950e+03 3.247447029809125070e+03 2.976675540263599032e+03 2.736710168084252018e+03 2.523116357304828853e+03 2.332225942754545031e+03 2.160993908183018902e+03 2.006882711234804674e+03 1.867769050205475878e+03 1.741868742540199264e+03 1.627676151500041669e+03 1.523915272464795407e+03 1.429500158326083238e+03 1.343502829182544474e+03 1.265127187688565982e+03 1.193687762403288389e+03 1.128592341061376146e+03 1.069327745839235604e+03 1.015448153451922735e+03 9.665654824693513092e+02 9.223414651337953956e+02 8.824810964222456278e+02 8.467272132266376730e+02 8.148560045743180353e+02 7.866732923190314750e+02 7.620114527060778755e+02 7.407268742305176374e+02 7.226978675069789233e+02 7.078229594442988173e+02 6.960195176501739525e+02 6.872226623141768869e+02 6.813844323407705588e+02 6.784731806462300483e+02 6.784731806462300483e+02
1.956352805589490890e+04 1.956352805589490890e+04 1.924788841299144406e+04 1.840260488031018031e+04 1.675739386351059147e+04 1.472718030938410629e+04 1.271696923589288599e+04 1.092598609840940117e+04 9.405144678192958963e+03 8.137910672031121067e+03 7.086860170968049715e+03 6.213245891529376422e+03 5.483321660131410681e+03 4.869462713588774932e+03 4.349584047295626078e+03 3.906167498574118781e+03 3.525328782497334942e+03 3.196036852928956250e+03 2.909492432675219789e+03 2.658642885163244046e+03 2.437806204908978088e+03 2.242379999518506793e+03 2.068615952303430277e+03 1.913444550963941083e+03 1.774338399857754666e+03 1.649205201413803934e+03 1.536303616687509930e+03 1.434176830324038747e+03 1.341599868611746388e+03 1.257537645092641696e+03 1.181111409334552491e+03 1.111571806504563483e+03 1.048277160191406438e+03 9.906758999377847204e+02 9.382922916977784098e+02 8.907148115420213799e+02 8.475866435961154366e+02 8.085978923130937801e+02 7.734791842023172421e+02 7.419964006825931619e+02 7.139463360495213919e+02 6.891531158855640342e+02 6.674652440618376659e+02 6.487531726771493368e+02 6.329073103178143356e+02 6.198364010289404860e+02 6.094662202546788876e+02 6.017385454304393306e+02 5.966103684460250633e+02 5.940533252998731086e+02 5.940533252998731086e+02
2.172892187871057104e+04 2.172892187871057104e+04 2.145048129954072283e+04 2.050554938768144348e+04 1.810780209369481963e+04 1.530801022962614479e+04 1.274775930451641761e+04 1.062800010979476974e+04 8.934641771736161900e+03 7.589436829565713197e+03 6.513695014083744354e+03 5.644383436480461569e+03 4.934036982575667935e+03 4.347321956537594815e+03 3.857801434291089663e+03 3.445499314929631964e+03 3.095161187001386679e+03 2.795020543820221064e+03 2.535916160615472563e+03 2.310653053047593858e+03 2.113534242557931520e+03 1.940013936319915047e+03 1.786438136889873476e+03 1.649848936262756069e+03 1.527835668770614575e+03 1.418420854803791599e+03 1.319972188586418042e+03 1.231134171844136745e+03 1.150774674139976241e+03 1.077942912183814997e+03 1.011836222001936449e+03 9.517736442945562203e+02 8.971748207617388289e+02 8.475430542652281929e+02 8.024516515456342631e+02 7.615328675516859676e+02 7.244689223601498043e+02 6.909846775936285894e+02 6.608416482323024184e+02 6.338330944387072350e+02 6.097799913950201471e+02 5.885277168594924433e+02 5.699433289306347206e+02 5.539133324330783807e+02 5.403418529823527479e+02 5.291491543468662258e+02 5.202704481301047963e+02 5.136549557695133217e+02 5.092651919482559606e+02 5.070764462098701415e+02 5.070764462098701415e+02
2.684589142205020471e+04 2.684589142205020471e+04 2.669793447579687563e+04 2.522109466916746896e+04 1.991482535174388613e+04 1.548505371205147094e+04 1.225115323227768749e+04 9.875996798615402440e+03 8.109456477216677740e+03 6.770635429539159304e+03 5.734448344464914953e+03 4.917029960871871481e+03 4.261505841473179316e+03 3.728269438337359588e+03 3.289003951544396841e+03 2.923014174000008097e+03 2.614903403228483057e+03 2.353047114011464600e+03 2.128557528874344825e+03 1.934563111620927884e+03 1.765697105803108798e+03 1.617728611154943792e+03 1.487292899888969714e+03 1.371691984738360134e+03 1.268745606675661747e+03 1.176678840371818069e+03 1.094036576349930556e+03 1.019617921802821570e+03 9.524254966694669520e+02 8.916259627944426711e+02 8.365190920685793117e+02 7.865133746471733502e+02 7.411066721339994956e+02 6.998707888472870309e+02 6.624391056360278753e+02 6.284966222610037221e+02 5.977719051807516735e+02 5.700305512931607836e+02 5.450698645017704393e+02 5.227145079683753011e+02 5.028129456938434600e+02 4.852345264103411751e+02 4.698670934451870380e+02 4.566150283056386456e+02 4.453976547843966500e+02 4.361479455766564115e+02 4.288114856264682544e+02 4.233456563696921080e+02 4.197190132609671878e+02 4.179108358826138101e+02 4.179108358826138101e+02
4.063546900731953065e+04 4.063546900731953065e+04 4.288216235632439930e+04 4.312203530602539831e+04 2.296467827289461275e+04 1.472810421324971503e+04 1.083958961726732741e+04 8.484047425816168470e+03 6.849531474893125960e+03 5.648715379548617420e+03 4.737033099209510510e+03 4.028350108150785672e+03 3.467087800750718998e+03 3.015514955808871036e+03 2.647112279783637860e+03 2.342775116427291323e+03 2.088479297468093591e+03 1.873770344112829207e+03 1.690749996717489466e+03 1.533378956803604979e+03 1.396987967819130063e+03 1.277929660985110104e+03 1.173327325735673867e+03 1.080891446147267288e+03 9.987842447656839795e+02 9.255186422033056033e+02 8.598821614435279344e+02 8.008790998172603395e+02 7.476862101981328124e+02 6.996184654539449639e+02 6.561024154595122582e+02 6.166553090458731958e+02 5.808686278757930950e+02 5.483950221165270023e+02 5.189378876961726519e+02 4.922430086635148996e+02 4.680918243687910376e+02 4.462959829559570153e+02 4.266929192893846903e+02 4.091422535839291754e+02 3.935228514346810016e+02 3.797304201443616307e+02 3.676755427544696886e+02 3.572820718869591019e+02 3.484858217919198182e+02 3.412335099222653412e+02 3.354819097115589557e+02 3.311971846289604855e+02 3.283543804898211533e+02 3.269370587889332000e+02 3.269370587889332000e+02
7.346439943737464829e-29 7.346439943737464829e-29 8.887279311664689912e-29 1.409965922622037146e-28 2.356324583475357213e+04 1.153966507338065821e+04 8.138623403365067134e+03 6.378041319878695504e+03 5.154742631927998445e+03 4.238658783967990530e+03 3.537655054650044804e+03 2.992926681487942460e+03 2.563387832021398481e+03 2.219837864322676069e+03 1.941311017884981538e+03 1.712596973623742542e+03 1.522537859696848955e+03 1.362853659005827012e+03 1.227328037167883622e+03 1.111240170281849714e+03 1.010964910122710307e+03 9.236887188742369972e+02 8.472057834998109911e+02 7.797701359007662631e+02 7.199872652772839956e+02 6.667338574119062287e+02 6.190977710043761135e+02 5.763327224645726119e+02 5.378237674537347175e+02 5.030607842483233298e+02 4.716179424669385298e+02 4.431376884432664838e+02 4.173181675813333413e+02 3.939032829623861858e+02 3.726747912913235723e+02 3.534459846093264446e+02 3.360566147023325243e+02 3.203687977079040365e+02 3.062636967509432111e+02 2.936388259585314131e+02 2.824058538185864222e+02 2.724888103638316466e+02 2.638226231323445177e+02 2.563519227703192769e+02 2.500300716250029325e+02 2.448183785407704818e+02 2.406854709518713378e+02 2.376076214147882271e-29 2.355650921571067957e-29 2.345467855323198793e-29 2.345467855323198793e-29
0.000000000000000000e+00 0.000000000000000000e+00 0.000000000000000000e+00 0.000000000000000000e+00 7.118806517996564253e+03 5.756142642967371103e+03 4.662136906863188415e+03 3.842094302144340418e+03 3.165041918783165784e+03 2.616648286332223961e+03 2.183417450925466255e+03 1.843025227053461094e+03 1.574072553691997655e+03 1.359345208949548123e+03 1.185819693470152515e+03 1.043840825611432365e+03 9.262721318909683532e+02 8.278130166023064476e+02 7.444927033895543218e+02 6.733063242576823768e+02 6.119556170479387447e+02 5.586640181260282816e+02 5.120440423299246504e+02 4.710013727656659057e+02 4.346648393436682341e+02 4.023347901510122711e+02 3.734446467481482159e+02 3.475320004611323270e+02 3.242166810608602532e+02 3.031839702583680491e+02 2.841716473795008824e+02 2.669599154500421605e+02 2.513635111081032676e+02 2.372254838792739804e+02 2.244122615362014699e+02 2.128097136133768856e+02 2.023199950767045721e+02 1.928590038711187447e+02 1.843543246540842802e+02 1.767435600340825204e+02 1.699729726255164621e+02 1.639963780257766359e+02 1.587742417491930098e+02 1.542729431783969005e+02 1.504641774377651018e+02 1.473244722771905799e+02 1.448348019878772561e+02 1.429807806097043071e-29 1.417504451510275573e-29 1.411370699397429685e-29 1.411370699397429685e-29
0.000000000000000000e+00 0.000000000000000000e+00 0.000000000000000000e+00 0.000000000000000000e+00 1.766943140691882718e+03 1.690176331767640022e+03 1.484099214576867780e+03 1.269179703416553821e+03 1.062112922322168970e+03 8.829777117960001078e+02 7.376247116646753739e+02 6.222472693966979023e+02 5.308023976117514167e+02 4.577917242169480687e+02 3.988612842178500841e+02 3.507226807488202098e+02 3.109277471403246977e+02 2.776543412937284074e+02 2.495378722027858487e+02 2.255470991620649386e+02 2.048946920287464195e+02 1.869731991629470258e+02 1.713090886035215874e+02 1.575295396191082773e+02 1.453382374954314002e+02 1.344975611372312017e+02 1.248153462429108487e+02 1.161349534292905901e+02 1.083277465439069687e+02 1.012873457000719952e+02 9.492519955194414649e+01 8.916714725046284684e+01 8.395072938900969461e+01 7.922307053348293948e+01 7.493920142413512053e+01 7.106072193057980257e+01 6.755472999070012463e+01 6.439295959320375573e+01 6.155108413831490566e+01 5.900815147669945304e+01 5.674612446795677556e+01 5.474950665129071581e+01 5.300503704117986103e+01 5.150144148639948583e+01 5.022923070409287050e+01 4.918053720996990563e+01 4.834898504187446378e+01 4.772975368654959350e-30 4.731883524359468412e-30 4.711397651101946413e-30 4.711397651101946413e-30
0.000000000000000000e+00 0.000000000000000000e+00 0.000000000000000000e+00 0.000000000000000000e+00 0.000000000000000000e+00 0.000000000000000000e+00 0.000000000000000000e+00 0.000000000000000000e+00 0.000000000000000000e+00 0.000000000000000000e+00 0.000000000000000000e+00 0.000000000000000000e+00 0.000000000000000000e+00 0.000000000000000000e+00 0.000000000000000000e+00 0.000000000000000000e+00 0.000000000000000000e+00 0.000000000000000000e+00 0.000000000000000000e+00 0.000000000000000000e+00 0.000000000000000000e+00 0.000000000000000000e+00 0.000000000000000000e+00 0.000000000000000000e+00 0.000000000000000000e+00 0.000000000000000000e+00 0.000000000000000000e+00 0.000000000000000000e+00 0.000000000000000000e+00 0.000000000000000000e+00 0.000000000000000000e+00 0.000000000000000000e+00 0.000000000000000000e+00 0.000000000000000000e+00 0.000000000000000000e+00 0.000000000000000000e+00 0.000000000000000000e+00 0.000000000000000000e+00 0.000000000000000000e+00 0.000000000000000000e+00 0.000000000000000000e+00 0.000000000000000000e+00 0.000000000000000000e+00 0.000000000000000000e+00 0.000000000000000000e+00 0.000000000000000000e+00 0.000000000000000000e+00 0.000000000000000000e+00 0.000000000000000000e+00 0.000000000000000000e+00 0.000000000000000000e+00
