0.000000000000000000e+00 0.000000000000000000e+00 0.000000000000000000e+00 0.000000000000000000e+00 5.431592453043445484e-02 7.076286741679262138e-02 7.324190417487851101e-02 6.867227846806893410e-02 6.016248472305930212e-02 4.938185732982266346e-02 3.731131262963238021e-02 2.456076953857254733e-02 1.152507555906845914e-02 -1.532452176288051334e-03 -1.443252109998629552e-02 -2.705155294324651169e-02 -3.930412645344452671e-02 -5.113169734258164734e-02 -6.249511514505644294e-02 -7.336950968902761216e-02 -8.374069830044082730e-02 -9.360259398314954571e-02 -1.029552881399282555e-01 -1.118035982612830964e-01 -1.201559434874391874e-01 -1.280234569116613930e-01 -1.354192731791691029e-01 -1.423579493757853032e-01 -1.488549900448490337e-01 -1.549264556927350545e-01 -1.605886397980417768e-01 -1.658578030839794326e-01 -1.707499562906736601e-01 -1.752806843318965302e-01 -1.794650058383968905e-01 -1.833172628800281978e-01 -1.868510362550535320e-01 -1.900790822222309107e-01 -1.930132869800671724e-01 -1.956646355951108529e-01 -1.980431924593640536e-01 -2.001580907188265923e-01 -2.020175284591642639e-01 -2.036287697570465793e-01 -2.049981490033911946e-01 -2.061310771751324877e-01 -2.070320489742174530e-01 -2.077046499667840884e-01 -2.081515630437512643e-01 -2.083745736892500811e-01 -2.083745736892500811e-01
0.000000000000000000e+00 0.000000000000000000e+00 0.000000000000000000e+00 0.000000000000000000e+00 5.431592453043445484e-02 7.076286741679262138e-02 7.324190417487851101e-02 6.867227846806893410e-02 6.016248472305930212e-02 4.938185732982266346e-02 3.731131262963238021e-02 2.456076953857254733e-02 1.152507555906845914e-02 -1.532452176288051334e-03 -1.443252109998629552e-02 -2.705155294324651169e-02 -3.930412645344452671e-02 -5.113169734258164734e-02 -6.249511514505644294e-02 -7.336950968902761216e-02 -8.374069830044082730e-02 -9.360259398314954571e-02 -1.029552881399282555e-01 -1.118035982612830964e-01 -1.201559434874391874e-01 -1.280234569116613930e-01 -1.354192731791691029e-01 -1.423579493757853032e-01 -1.488549900448490337e-01 -1.549264556927350545e-01 -1.605886397980417768e-01 -1.658578030839794326e-01 -1.707499562906736601e-01 -1.752806843318965302e-01 -1.794650058383968905e-01 -1.833172628800281978e-01 -1.868510362550535320e-01 -1.900790822222309107e-01 -1.930132869800671724e-01 -1.956646355951108529e-01 -1.980431924593640536e-01 -2.001580907188265923e-01 -2.020175284591642639e-01 -2.036287697570465793e-01 -2.049981490033911946e-01 -2.061310771751324877e-01 -2.070320489742174530e-01 -2.077046499667840884e-01 -2.081515630437512643e-01 -2.083745736892500811e-01 -2.083745736892500811e-01
0.000000000000000000e+00 0.000000000000000000e+00 0.000000000000000000e+00 0.000000000000000000e+00 5.440117777072125960e-02 7.031501955696074779e-02 7.223972760703457896e-02 6.731656050734377561e-02 5.863904938471734690e-02 4.781334127835292630e-02 3.576817276205372653e-02 2.307984712552280104e-02 1.012350051719287762e-02 -2.848582149907441172e-03 -1.566307962195639600e-02 -2.819951652513287207e-02 -4.037397037681517836e-02 -5.212850776314541940e-02 -6.342410515045822372e-02 -7.423576322435751496e-02 -8.454904259168330438e-02 -9.435754408759151890e-02 -1.036610314567917024e-01 -1.124640005740639576e-01 -1.207745659801070098e-01 -1.286035781480049656e-01 -1.359639126773816431e-01 -1.428698909497869707e-01 -1.493368039776802048e-01 -1.553805193208034063e-01 -1.610171563735666167e-01 -1.662628189388671018e-01 -1.711333764033544369e-01 -1.756442864324697650e-01 -1.798104531965755148e-01 -1.836461159166403179e-01 -1.871647631081048146e-01 -1.903790683866370959e-01 -1.933008441281780232e-01 -1.959410096740592522e-01 -1.983095711514694937e-01 -2.004156103428098024e-01 -2.022672803826976451e-01 -2.038718063850213646e-01 -2.052354894010582631e-01 -2.063637123808566287e-01 -2.072609470528444797e-01 -2.079307608515050809e-01 -2.083758232117875198e-01 -2.085979107146613276e-01 -2.085979107146613276e-01
0.000000000000000000e+00 0.000000000000000000e+00 0.000000000000000000e+00 0.000000000000000000e+00 5.596848863752493242e-02 6.982189586715237262e-02 7.024558141638878594e-02 6.454653812625245346e-02 5.555072946236835896e-02 4.465985041381512199e-02 3.268217726922296312e-02 2.012711217041903214e-02 7.333235988726979210e-03 -5.466962109231221847e-03 -1.811071379577769772e-02 -3.048297846207891071e-02 -4.250242684487677558e-02 -5.411214575652973507e-02 -6.527327221359065235e-02 -7.596051154367788882e-02 -8.615890218504942966e-02 -9.586142547525534907e-02 -1.050672005349117533e-01 -1.137800926010350960e-01 -1.220076195627861210e-01 -1.297600782634291128e-01 -1.370498365440098454e-01 -1.438907533692020957e-01 -1.502977004101854752e-01 -1.562861659085599264e-01 -1.618719266624615571e-01 -1.670707773425046117e-01 -1.718983086003488259e-01 -1.763697269526557088e-01 -1.804997104697207977e-01 -1.843022950508007018e-01 -1.877907866468356279e-01 -1.909776952721704557e-01 -1.938746870753247920e-01 -1.964925511388733725e-01 -1.988411780603545065e-01 -2.009295477318751300e-01 -2.027657240836005514e-01 -2.043568548819746922e-01 -2.057091749738603481e-01 -2.068280116404460911e-01 -2.077177909688227020e-01 -2.083820443651478171e-01 -2.088234145232124028e-01 -2.090436603289653472e-01 -2.090436603289653472e-01
5.379555177849359299e-02 5.379555177849359299e-02 5.392032506202430742e-02 5.560536920554855211e-02 6.681511258125386044e-02 7.006510180934361065e-02 6.711777788302268621e-02 6.020909546959634512e-02 5.082264071501487596e-02 3.990147928354989548e-02 2.806291745863525103e-02 1.572578691351050190e-02 3.182483843593240241e-03 -9.358816191592157774e-03 -2.174815873241181530e-02 -3.387704655057625913e-02 -4.566721361660942141e-02 -5.706287211289595707e-02 -6.802521770396223466e-02 -7.852844578653926655e-02 -8.855680240575522499e-02 -9.810235775187883811e-02 -1.071632933701162915e-01 -1.157425609890366386e-01 -1.238468150558408309e-01 -1.314855508050261912e-01 -1.386703999437930712e-01 -1.454145499325363855e-01 -1.517322623915283719e-01 -1.576384727201484981e-01 -1.631484574920289421e-01 -1.682775592308208279e-01 -1.730409602328925600e-01 -1.774534985103495832e-01 -1.815295199107193336e-01 -1.852827611886046499e-01 -1.887262593671593380e-01 -1.918722832020843261e-01 -1.947322829886507789e-01 -1.973168553542861137e-01 -1.996357200641772078e-01 -2.016977062363478346e-01 -2.035107457132107334e-01 -2.050818716649117079e-01 -2.064172208024005750e-01 -2.075220378527569132e-01 -2.084006811950697979e-01 -2.090566287726969286e-01 -2.094924835890581150e-01 -2.097099782622109387e-01 -2.097099782622109387e-01
6.924273931041378949e-02 6.924273931041378949e-02 6.887863306372285499e-02 6.859134730741041353e-02 6.926556833825496529e-02 6.712964937490317752e-02 6.182822233597050354e-02 5.400281773275941027e-02 4.437606525370220434e-02 3.354004656179546129e-02 2.194355154865140073e-02 9.920271086667438454e-03 -2.282119458020008193e-03 -1.447936927200747792e-02 -2.653423725322915511e-02 -3.834470544248586021e-02 -4.983546478957321529e-02 -6.095169078619939312e-02 -7.165442967378454764e-02 -8.191712868810820114e-02 -9.172298800651103312e-02 -1.010629096620216938e-01 -1.099338853509272268e-01 -1.183377111136640347e-01 -1.262799490138293845e-01 -1.337690785504593582e-01 -1.408157965118370381e-01 -1.474324352704431407e-01 -1.536324774761527734e-01 -1.594301506782835331e-01 -1.648400892798768669e-01 -1.698770538990200529e-01 -1.745557000499216860e-01 -1.788903893311152571e-01 -1.828950372154276860e-01 -1.865829922143948938e-01 -1.899669417322796539e-01 -1.930588403916967122e-01 -1.958698570392211902e-01 -1.984103370432335478e-01 -2.006897768843517449e-01 -2.027168084112847546e-01 -2.044991904887540901e-01 -2.060438060953204698e-01 -2.073566632340302640e-01 -2.084428982955065790e-01 -2.093067807607319475e-01 -2.099517183499864936e-01 -2.103802619173313349e-01 -2.105941095596618462e-01 -2.105941095596618462e-01
7.025016683599136225e-02 7.025016683599136225e-02 6.937181922523225075e-02 6.765730064726921400e-02 6.503725130421528222e-02 6.058510785722709402e-02 5.410135840574314958e-02 4.584802258735951042e-02 3.622725733511037577e-02 2.563101784140399755e-02 1.439266136998860329e-02 2.780620458982752986e-03 -8.994151799979447845e-03 -2.076789331642619335e-02 -3.241450630658357368e-02 -4.383767624443263289e-02 -5.496461665316925566e-02 -6.574117572628969397e-02 -7.612801732920182474e-02 -8.609762927764282037e-02 -9.563196291079652245e-02 -1.047205537827877592e-01 -1.133590102713850495e-01 -1.215477854947865782e-01 -1.292911695823897589e-01 -1.365964555472534980e-01 -1.434732440146522792e-01 -1.499328608737897917e-01 -1.559878683185141890e-01 -1.616516543336277978e-01 -1.669380889375899069e-01 -1.718612377772038013e-01 -1.764351252693344418e-01 -1.806735406155084434e-01 -1.845898808385569023e-01 -1.881970256219771542e-01 -1.915072392514282351e-01 -1.945320954142869541e-01 -1.972824210366836695e-01 -1.997682557422302274e-01 -2.019988239073133296e-01 -2.039825166633400522e-01 -2.057268815530568506e-01 -2.072386178818317604e-01 -2.085235761120814157e-01 -2.095867599276549642e-01 -2.104323298442954959e-01 -2.110636074631168368e-01 -2.114830796584730999e-01 -2.116924021627920038e-01 -2.116924021627920038e-01
6.373919659296689577e-02 6.373919659296689577e-02 6.254174466672601795e-02 6.011383584595120233e-02 5.635576788500290535e-02 5.103985828367062910e-02 4.415312042644523732e-02 3.588014483178297853e-02 2.649558282395356873e-02 1.628641027660690521e-02 5.513997402111473975e-03 -5.598931822215050952e-03 -1.686925487158450615e-02 -2.814957862813134704e-02 -3.932300329284237755e-02 -5.029797880957358192e-02 -6.100376956902901771e-02 -7.138663801194848613e-02 -8.140669995057003838e-02 -9.103535454541931971e-02 -1.002531863396646516e-01 -1.090482476242934512e-01 -1.174146448135111737e-01 -1.253513676677748545e-01 -1.328613133993350459e-01 -1.399504685177397345e-01 -1.466272198286923956e-01 -1.529017725846794629e-01 -1.587856587413953580e-01 -1.642913219295623339e-01 -1.694317684022665915e-01 -1.742202751163393626e-01 -1.786701474620212282e-01 -1.827945201354626847e-01 -1.866061953818340113e-01 -1.901175134167225889e-01 -1.933402503245284787e-01 -1.962855391756996304e-01 -1.989638105229308562e-01 -2.013847488403301411e-01 -2.035572618613233908e-01 -2.054894601484094918e-01 -2.071886445865210313e-01 -2.086612998272394659e-01 -2.099130920198994388e-01 -2.109488694455478874e-01 -2.117726649202376910e-01 -2.123876990561243960e-01 -2.127963836644956308e-01 -2.130003247573453440e-01 -2.130003247573453440e-01
5.281318365807705084e-02 5.281318365807705084e-02 5.147727674479642829e-02 4.878428176522030257e-02 4.469988016342821280e-02 3.920079375232195934e-02 3.235903176753851529e-02 2.434065779358379061e-02 1.536340752334959883e-02 5.656647263928297510e-03 -4.563606844035678588e-03 -1.510648048941071186e-02 -2.580974859695383747e-02 -3.653901028034536869e-02 -4.718496724310823620e-02 -5.766011291821532270e-02 -6.789546144529902405e-02 -7.783757997240500770e-02 -8.744600508993036203e-02 -9.669103981727784902e-02 -1.055518931933283056e-01 -1.140151144211222906e-01 -1.220732744714374263e-01 -1.297238534637787655e-01 -1.369682988207895913e-01 -1.438112256581358661e-01 -1.502597365142709085e-01 -1.563228421590957817e-01 -1.620109688710348606e-01 -1.673355403568344280e-01 -1.723086245614764145e-01 -1.769426371350081850e-01 -1.812500944337423481e-01 -1.852434097583661732e-01 -1.889347271690280106e-01 -1.923357877403920335e-01 -1.954578235782940820e-01 -1.983114753454023604e-01 -2.009067294530471337e-01 -2.032528714765829136e-01 -2.053584527421948303e-01 -2.072312674102614882e-01 -2.088783377392635643e-01 -2.103059055500278163e-01 -2.115194282191600605e-01 -2.125235778107364693e-01 -2.133222422061813728e-01 -2.139185273147168054e-01 -2.143147596430570456e-01 -2.145124886763152272e-01 -2.145124886763152272e-01
3.913302391434437394e-02 3.913302391434437394e-02 3.777708317042301200e-02 3.506481951700932825e-02 3.100778068023966189e-02 2.565069380806987362e-02 1.909498642197449136e-02 1.149461958240358128e-02 3.034600810356035024e-03 -6.091776448556636414e-03 -1.569945014572350639e-02 -2.562098206728475810e-02 -3.571053707057727372e-02 -4.584447375295433447e-02 -5.592010109526231176e-02 -6.585360060184793085e-02 -7.557768949222691546e-02 -8.503932619038967466e-02 -9.419759772839507439e-02 -1.030218397746534564e-01 -1.114899943540453436e-01 -1.195871890849135311e-01 -1.273045136701734803e-01 -1.346379680134610901e-01 -1.415875581121429916e-01 -1.481565188758748042e-01 -1.543506462294360337e-01 -1.601777237993095293e-01 -1.656470319612682041e-01 -1.707689290046501829e-01 -1.755544956925982614e-01 -1.800152356469222337e-01 -1.841628248515508881e-01 -1.880089042339984362e-01 -1.915649098202807099e-01 -1.948419354187412023e-01 -1.978506232089805306e-01 -2.006010780156574358e-01 -2.031028014439333340e-01 -2.053646424462398645e-01 -2.073947612762654380e-01 -2.092006041604571875e-01 -2.107888863741656515e-01 -2.121655817437163583e-01 -2.133359169033760827e-01 -2.143043689152725195e-01 -2.150746651103324358e-01 -2.156497842302279311e-01 -2.160319581463821526e-01 -2.162226736054747300e-01 -2.162226736054747300e-01
2.367003740864034173e-02 2.367003740864034173e-02 2.236127794453018555e-02 1.975686598663262822e-02 1.589118974892719111e-02 1.083133380037528716e-02 4.683700641222666820e-03 -2.411357558421178913e-03 -1.029288375550729655e-02 -1.879381925816716453e-02 -2.775253331214749472e-02 -3.702024771726271368e-02 -4.646486958445956994e-02 -5.597225586159154664e-02 -6.544587363164371119e-02 -7.480557723718267438e-02 -8.398597822766858123e-02 -9.293469553287191098e-02 -1.016106455041706769e-01 -1.099824515236065003e-01 -1.180270058572188557e-01 -1.257281904267790462e-01 -1.330757499168844227e-01 -1.400643047647293638e-01 -1.466924897782699300e-01 -1.529622044042505957e-01 -1.588779618650078551e-01 -1.644463258605271538e-01 -1.696754249601014342e-01 -1.745745360418775316e-01 -1.791537291407760135e-01 -1.834235668545552977e-01 -1.873948520782870997e-01 -1.910784183394294844e-01 -1.944849574344543475e-01 -1.976248794589358371e-01 -2.005082006999125144e-01 -2.031444552352588973e-01 -2.055426264642232215e-01 -2.077110951746446721e-01 -2.096576011305499032e-01 -2.113892155322162347e-01 -2.129123220528077454e-01 -2.142326044858189615e-01 -2.153550393418210418e-01 -2.162838920092260420e-01 -2.170227153414546473e-01 -2.175743497529998571e-01 -2.179409241016437293e-01 -2.181238568066151406e-01 -2.181238568066151406e-01
7.024352750315259776e-03 7.024352750315259776e-03 5.797226456583232101e-03 3.362378143432235775e-03 -2.371680485775759658e-04 -4.929788693393356673e-03 -1.061425868260569907e-02 -1.716492191084748389e-02 -2.444100137550305959e-02 -3.229669386864187502e-02 -4.058967551080727015e-02 -4.918708821824530758e-02 -5.796907180482743782e-02 -6.683035059445179005e-02 -7.568046635193162452e-02 -8.444316469983073614e-02 -9.305531054770897759e-02 -1.014655857795154215e-01 -1.096331278860511738e-01 -1.175262020803002905e-01 -1.251209561877984766e-01 -1.324002808418880128e-01 -1.393527818234467086e-01 -1.459718627653042999e-01 -1.522549121383516280e-01 -1.582025866396730984e-01 -1.638181826686016529e-01 -1.691070878092860996e-01 -1.740763047377986983e-01 -1.787340405259207343e-01 -1.830893548263998749e-01 -1.871518608670236228e-01 -1.909314735597713864e-01 -1.944381993676680409e-01 -1.976819628889573410e-01 -2.006724654345749259e-01 -2.034190712022752312e-01 -2.059307169935792603e-01 -2.082158417765181124e-01 -2.102823327624109284e-01 -2.121374850310437932e-01 -2.137879720974396325e-01 -2.152398251575298738e-01 -2.164984190734373370e-01 -2.175684634575990040e-01 -2.184539974863018430e-01 -2.191583873168071739e-01 -2.196843251990474033e-01 -2.200338295650450526e-01 -2.202082455497607061e-01 -2.202082455497607061e-01
-1.041878572711268588e-02 -1.041878572711268588e-02 -1.154882497305082314e-02 -1.378770930215607836e-02 -1.709128499553298070e-02 -2.139087146234648282e-02 -2.659433576874872807e-02 -3.259064428928185042e-02 -3.925677493314141259e-02 -4.646516314047369894e-02 -5.409023801043953000e-02 -6.201334153145967448e-02 -7.012592923035898540e-02 -7.833128971072279845e-02 -8.654514101381358127e-02 -9.469545414825324137e-02 -1.027217914033416168e-01 -1.105743724281008644e-01 -1.182130146774037077e-01 -1.256060431791629073e-01 -1.327292275220732232e-01 -1.395647788737768291e-01 -1.461004236385434751e-01 -1.523285603569780045e-01 -1.582455005533382197e-01 -1.638507909482142533e-01 -1.691466127493697347e-01 -1.741372529404158764e-01 -1.788286421873521159e-01 -1.832279539312261230e-01 -1.873432592986108980e-01 -1.911832325776189334e-01 -1.947569021530039524e-01 -1.980734419664678947e-01 -2.011419987716221713e-01 -2.039715506910466658e-01 -2.065707928561307249e-01 -2.089480462152686624e-01 -2.111111859254459489e-01 -2.130675860870150096e-01 -2.148240779314713467e-01 -2.163869189176744479e-01 -2.177617705249291769e-01 -2.189536828451840722e-01 -2.199670843668835585e-01 -2.208057756073023015e-01 -2.214729254878418652e-01 -2.219710695586307736e-01 -2.223021093668846593e-01 -2.224673124307960381e-01 -2.224673124307960381e-01
-2.840537650434589098e-02 -2.840537650434589098e-02 -2.943331210390008265e-02 -3.146858118571225355e-02 -3.446950473207739674e-02 -3.837339371462498289e-02 -4.309835304811362316e-02 -4.854716631262796095e-02 -5.461261863527865079e-02 -6.118319640571980716e-02 -6.814824672565764074e-02 -7.540206874805510662e-02 -8.284678179578922053e-02 -9.039406218422813000e-02 -9.796595865845746098e-02 -1.054950236042738881e-01 -1.129239749683225297e-01 -1.202050620199115460e-01 -1.272992640006911924e-01 -1.341754123774976659e-01 -1.408092973519672053e-01 -1.471827972286365027e-01 -1.532830538377620566e-01 -1.591017068568720549e-01 -1.646341931426952288e-01 -1.698791129285604773e-01 -1.748376621136498998e-01 -1.795131282753049673e-01 -1.839104470778439859e-01 -1.880358151803443734e-01 -1.918963554117907311e-01 -1.954998298010731106e-01 -1.988543959777785142e-01 -2.019684024756967788e-01 -2.048502185626384364e-01 -2.075080943787959986e-01 -2.099500473822829838e-01 -2.121837713638862477e-01 -2.142165645913070571e-01 -2.160552739635006880e-01 -2.177062523858812604e-01 -2.191753269061101073e-01 -2.204677754688421643e-01 -2.215883104492305522e-01 -2.225410674045028292e-01 -2.233295977379221864e-01 -2.239568641991737663e-01 -2.244252383503777815e-01 -2.247364993094654873e-01 -2.248918332453223867e-01 -2.248918332453223867e-01
-4.676519557761742857e-02 -4.676519557761742857e-02 -4.769147682719129117e-02 -4.952512912796379341e-02 -5.222846563308507217e-02 -5.574578735237384342e-02 -6.000533952698985235e-02 -6.492258452564128590e-02 -7.040439757281032052e-02 -7.635353720334905891e-02 -8.267278865830493539e-02 -8.926838808400916481e-02 -9.605256671592257711e-02 -1.029452299147537164e-01 -1.098748874430305889e-01 -1.167789914709062987e-01 -1.236038392005213982e-01 -1.303041769377121795e-01 -1.368426151280597303e-01 -1.431889368544422281e-01 -1.493193590578154595e-01 -1.552157873368181507e-01 -1.608650913824540563e-01 -1.662584181606595324e-01 -1.713905529968260677e-01 -1.762593339462799336e-01 -1.808651216063789924e-01 -1.852103243518391229e-01 -1.892989775088497473e-01 -1.931363739916848177e-01 -1.967287432571392380e-01 -2.000829749937607926e-01 -2.032063836976949200e-01 -2.061065101597646110e-01 -2.087909558751494810e-01 -2.112672464687314622e-01 -2.135427203885127967e-01 -2.156244393396354875e-01 -2.175191171958628655e-01 -2.192330644182244326e-01 -2.207721453176330617e-01 -2.221417458074423923e-01 -2.233467495933148805e-01 -2.243915210340739486e-01 -2.252798931734968646e-01 -2.260151596865098977e-01 -2.266000697030539357e-01 -2.270368246695956549e-01 -2.273270765836062357e-01 -2.274719270929192738e-01 -2.274719270929192738e-01
-6.538360500944556675e-02 -6.538360500944556675e-02 -6.621134136915528268e-02 -6.785000454708828288e-02 -7.026635725372554209e-02 -7.341172967590539611e-02 -7.722387534145890020e-02 -8.162970743683189978e-02 -8.654865602663788793e-02 -9.189623161700129217e-02 -9.758738906479755282e-02 -1.035394004074666890e-01 -1.096740896829735412e-01 -1.159194059885711586e-01 -1.222103929485087309e-01 -1.284896545352209873e-01 -1.347074290964652143e-01 -1.408213770888536998e-01 -1.467961727491047808e-01 -1.526029719707733545e-01 -1.582188115204857526e-01 -1.636259800435668210e-01 -1.688113895289328759e-01 -1.737659668635604671e-01 -1.784840783786358631e-01 -1.829629953811932885e-01 -1.872024051254194688e-01 -1.912039691370834016e-01 -1.949709289816416447e-01 -1.985077582594190204e-01 -2.018198586805565742e-01 -2.049132974246442029e-01 -2.077945825623718212e-01 -2.104704730656448974e-01 -2.129478198258986654e-01 -2.152334341111818428e-01 -2.173339799973600661e-01 -2.192558874858255846e-01 -2.210052832493143715e-01 -2.225879362107505699e-01 -2.240092154416548076e-01 -2.252740581534429798e-01 -2.263869458365163900e-01 -2.273518868707768981e-01 -2.281724041819689075e-01 -2.288515267481494309e-01 -2.293917839685704341e-01 -2.297952020937611139e-01 -2.300633020821737929e-01 -2.301970983978172680e-01 -2.301970983978172680e-01
-8.418416595047509277e-02 -8.418416595047509277e-02 -8.491756326299748636e-02 -8.636971298909405792e-02 -8.851177750154219648e-02 -9.130173143292996674e-02 -9.468601499057653637e-02 -9.860180723209488463e-02 -1.029797363579740277e-01 -1.077467497434459881e-01 -1.128288624907918120e-01 -1.181535670264357712e-01 -1.236517772872071097e-01 -1.292592667398799189e-01 -1.349176231603883003e-01 -1.405747813069355978e-01 -1.461852113266519648e-01 -1.517098424595101358e-01 -1.571157945581629078e-01 -1.623759788612058330e-01 -1.674686174313587128e-01 -1.723767194372887446e-01 -1.770875428078739489e-01 -1.815920619247696488e-01 -1.858844558322309548e-01 -1.899616266845320645e-01 -1.938227545417226250e-01 -1.974688919076417748e-01 -2.009025993689636524e-01 -2.041276221781007927e-01 -2.071486065063324888e-01 -2.099708532901047309e-01 -2.126001070402881998e-01 -2.150423766341014731e-01 -2.173037849248902753e-01 -2.193904439543294671e-01 -2.213083526069372642e-01 -2.230633136829091312e-01 -2.246608675596764582e-01 -2.261062398454690980e-01 -2.274043006826964586e-01 -2.285595336214022166e-01 -2.295760122426948324e-01 -2.304573829610938596e-01 -2.312068526679439684e-01 -2.318271800924171788e-01 -2.323206699509905715e-01 -2.326891691309290466e-01 -2.329340643095852426e-01 -2.330562805514364566e-01 -2.330562805514364566e-01
-1.031175702471285038e-01 -1.031175702471285038e-01 -1.037610650155092323e-01 -1.050354819874493584e-01 -1.069161161187895670e-01 -1.093670480691001923e-01 -1.123425650344261895e-01 -1.157890371735670887e-01 -1.196471142561228024e-01 -1.238540494961786476e-01 -1.283459509074078575e-01 -1.330597968400875353e-01 -1.379351103624078811e-01 -1.429152466197963767e-01 -1.479482956814293093e-01 -1.529876360203767383e-01 -1.579921914254932003e-01 -1.629264501442067858e-01 -1.677603033070311500e-01 -1.724687535755393131e-01 -1.770315369765535773e-01 -1.814326926394850825e-01 -1.856601075357580122e-01 -1.897050567304964519e-01 -1.935617541933360441e-01 -1.972269248085420090e-01 -2.006994047339518972e-01 -2.039797745267520057e-01 -2.070700273371673117e-01 -2.099732728478411747e-01 -2.126934764109134068e-01 -2.152352319318591167e-01 -2.176035664105168688e-01 -2.198037736283399712e-01 -2.218412742273001004e-01 -2.237214993258238860e-01 -2.254497948302406629e-01 -2.270313436993319500e-01 -2.284711035807741875e-01 -2.297737574408383332e-01 -2.309436750353732470e-01 -2.319848833068475780e-01 -2.329010440283123817e-01 -2.336954372427491600e-01 -2.343709492601546707e-01 -2.349300641718542748e-01 -2.353748580206554419e-01 -2.357069949267106002e-01 -2.359277246135089712e-01 -2.360378809082308293e-01 -2.360378809082308293e-01
-1.221544081424779521e-01 -1.221544081424779521e-01 -1.227121906613422575e-01 -1.238171052610088918e-01 -1.254482442684939358e-01 -1.275752384113682525e-01 -1.301594483565102489e-01 -1.331555014965653816e-01 -1.365130709331260073e-01 -1.401787579180911736e-01 -1.440979329720273039e-01 -1.482164122013316099e-01 -1.524818828143316429e-01 -1.568450331451057556e-01 -1.612603787013192347e-01 -1.656868024840023323e-01 -1.700878443769849313e-01 -1.744317822284555952e-01 -1.786915486533014741e-01 -1.828445248788753696e-01 -1.868722480278429687e-01 -1.907600624327186467e-01 -1.944967397679349952e-01 -1.980740874443084609e-01 -2.014865600510668264e-01 -2.047308847026682865e-01 -2.078057079136023944e-01 -2.107112690072802386e-01 -2.134491029781233062e-01 -2.160217740869029568e-01 -2.184326402065278616e-01 -2.206856469880742466e-01 -2.227851502335306821e-01 -2.247357643983166342e-01 -2.265422348643296446e-01 -2.282093314884585666e-01 -2.297417609110646852e-01 -2.311440951761967177e-01 -2.324207143459531277e-01 -2.335757609646934851e-01 -2.346131044274636923e-01 -2.355363135172871270e-01 -2.363486355873165579e-01 -2.370529810686248795e-01 -2.376519121775208243e-01 -2.381476348747016414e-01 -2.385419932910168017e-01 -2.388364659811021140e-01 -2.390321634976692866e-01 -2.391298268975110275e-01 -2.391298268975110275e-01
-1.412803465770363642e-01 -1.412803465770363642e-01 -1.417560987083616164e-01 -1.426987163563300243e-01 -1.440907605749169873e-01 -1.459069056350789650e-01 -1.481149177034310482e-01 -1.506768997216340056e-01 -1.535507232000169753e-01 -1.566915451196140285e-01 -1.600533034099489160e-01 -1.635900973195588692e-01 -1.672573835397864472e-01 -1.710129476857548125e-01 -1.748176375415483041e-01 -1.786358657311694909e-01 -1.824359039612376276e-01 -1.861899991196793724e-01 -1.898743445731037593e-01 -1.934689394816251351e-01 -1.969573662086371857e-01 -2.003265120170688862e-01 -2.035662569657056831e-01 -2.066691457239582252e-01 -2.096300571748362651e-01 -2.124458822937886904e-01 -2.151152179066034287e-01 -2.176380815248615819e-01 -2.200156504916067346e-01 -2.222500270940418743e-01 -2.243440300650109687e-01 -2.263010119543850118e-01 -2.281247011624825682e-01 -2.298190669510217776e-01 -2.313882054466437632e-01 -2.328362444945910603e-01 -2.341672651754868051e-01 -2.353852378393350708e-01 -2.364939706142621667e-01 -2.374970684930340914e-01 -2.383979012714646795e-01 -2.391995787962862552e-01 -2.399049321658552336e-01 -2.405164997079712597e-01 -2.410365167302202516e-01 -2.414669081967557307e-01 -2.418092836299845227e-01 -2.420649336661603035e-01 -2.422348278112338160e-01 -2.423196130489360667e-01 -2.423196130489360667e-01
-1.604928732066069341e-01 -1.604928732066069341e-01 -1.608896222158230638e-01 -1.616758555083885329e-01 -1.628373170564075822e-01 -1.643532991096355866e-01 -1.661974275619330921e-01 -1.683386531666569152e-01 -1.707423879347585438e-01 -1.733717115018883759e-01 -1.761885687149992996e-01 -1.791548875761042603e-01 -1.822335628758966486e-01 -1.853892708136321843e-01 -1.885890995014702365e-01 -1.918029967200352293e-01 -1.950040483571317818e-01 -1.981686085319287194e-01 -2.012763061051572877e-01 -2.043099530266782038e-01 -2.072553787186167951e-01 -2.101012122428974893e-01 -2.128386309715615821e-01 -2.154610912921663679e-01 -2.179640538066381084e-01 -2.203447126708838744e-01 -2.226017362455166571e-01 -2.247350241066637944e-01 -2.267454836927366990e-01 -2.286348284156534405e-01 -2.304053979134455254e-01 -2.320600002325374223e-01 -2.336017750686135153e-01 -2.350340767316462520e-01 -2.363603752013035686e-01 -2.375841734733299959e-01 -2.387089393376795321e-01 -2.397380497500336827e-01 -2.406747460378578229e-01 -2.415220983016567735e-01 -2.422829775161988719e-01 -2.429600339930273467e-01 -2.435556810252927640e-01 -2.440720826921580766e-01 -2.445111449482486043e-01 -2.448745092611805674e-01 -2.451635481858340515e-01 -2.453793623776116262e-01 -2.455227786491034625e-01 -2.455943487666192304e-01 -2.455943487666192304e-01
-1.797990918888008327e-01 -1.797990918888008327e-01 -1.801191237688145597e-01 -1.807534308542227408e-01 -1.816907141585812346e-01 -1.829145534427207287e-01 -1.844040168189150231e-01 -1.861344272526955224e-01 -1.880782407012477619e-01 -1.902059810111050298e-01 -1.924871740173517698e-01 -1.948912280649153506e-01 -1.973882187680376932e-01 -1.999495495040465032e-01 -2.025484731789611859e-01 -2.051604731795297898e-01 -2.077635110274768104e-01 -2.103381547705112931e-01 -2.128676058266599225e-01 -2.153376433788440625e-01 -2.177365051155578934e-01 -2.200547217083538010e-01 -2.222849203800696671e-01 -2.244216106012076051e-01 -2.264609625972877627e-01 -2.284005871106255803e-01 -2.302393228242315404e-01 -2.319770360672061271e-01 -2.336144358949914235e-01 -2.351529063707797906e-01 -2.365943568519415507e-01 -2.379410902865353172e-01 -2.391956889251641016e-01 -2.403609164261527320e-01 -2.414396350504147137e-01 -2.424347364802982019e-01 -2.433490847295945725e-01 -2.441854696174682593e-01 -2.449465693377149700e-01 -2.456349207498064457e-01 -2.462528961359393975e-01 -2.468026852979181007e-01 -2.472862820009295859e-01 -2.477054739021648522e-01 -2.480618352267963955e-01 -2.483567215696241559e-01 -2.485912663065949768e-01 -2.487663781961928500e-01 -2.488827398369100052e-01 -2.489408067246793588e-01 -2.489408067246793588e-01
-1.992142501416121758e-01 -1.992142501416121758e-01 -1.994590491136511157e-01 -1.999443184533484796e-01 -2.006615585860355988e-01 -2.015984080628485386e-01 -2.027390903503399899e-01 -2.040649754693704132e-01 -2.055552246897947855e-01 -2.071874800199272615e-01 -2.089385580603626558e-01 -2.107851104165436862e-01 -2.127042194661362406e-01 -2.146739072585242269e-01 -2.166735449492991350e-01 -2.186841590344627551e-01 -2.206886378692884398e-01 -2.226718471781054809e-01 -2.246206665213733578e-01 -2.265239602610593372e-01 -2.283724968318599502e-01 -2.301588294679592084e-01 -2.318771502891744385e-01 -2.335231280839435430e-01 -2.350937384369505279e-01 -2.365870931726805904e-01 -2.380022745112814475e-01 -2.393391779125567664e-01 -2.405983663451728150e-01 -2.417809376709849911e-01 -2.428884059764210845e-01 -2.439225970034885893e-01 -2.448855573162164734e-01 -2.457794764649130215e-01 -2.466066211596819602e-01 -2.473692803150910335e-01 -2.480697197594428638e-01 -2.487101453961126085e-01 -2.492926736442965807e-01 -2.498193080581602166e-01 -2.502919211150871348e-01 -2.507122402662813054e-01 -2.510818374493183347e-01 -2.514021213672674171e-01 -2.516743319392784617e-01 -2.518995364209397070e-01 -2.520786267782070267e-01 -2.522123179761003864e-01 -2.523011469129878837e-01 -2.523454717939974667e-01 -2.523454717939974667e-01
-2.187607976952857802e-01 -2.187607976952857802e-01 -2.189309913315750922e-01 -2.192684354188214058e-01 -2.197673456737113118e-01 -2.204192972520308824e-01 -2.212135155914916052e-01 -2.221372439307906232e-01 -2.231761682601151042e-01 -2.243148760751550730e-01 -2.255373233232130514e-01 -2.268272848221792037e-01 -2.281687669010976638e-01 -2.295463662198475308e-01 -2.309455646590755917e-01 -2.323529559271390044e-01 -2.337564044779941175e-01 -2.351451411466205232e-01 -2.365098025150850769e-01 -2.378424225230119926e-01 -2.391363854222950391e-01 -2.403863490673759928e-01 -2.415881469388159453e-01 -2.427386763982507523e-01 -2.438357796094782481e-01 -2.448781224403896450e-01 -2.458650755604827320e-01 -2.467966009209459077e-01 -2.476731458818602627e-01 -2.484955464521501345e-01 -2.492649404395592683e-01 -2.499826907687059396e-01 -2.506503188076447119e-01 -2.512694472356463149e-01 -2.518417517729028554e-01 -2.523689209612922091e-01 -2.528526231188982787e-01 -2.532944795752551936e-01 -2.536960433162404049e-01 -2.540587822159453002e-01 -2.543840660983250901e-01 -2.546731569465192635e-01 -2.549272016566740406e-01 -2.551472268117457864e-01 -2.553341350262199883e-01 -2.554887024832013243e-01 -2.556115773499775812e-01 -2.557032788166976323e-01 -2.557641965554450780e-01 -2.557945904443614804e-01 -2.557945904443614804e-01
-2.384678501554173546e-01 -2.384678501554173546e-01 -2.385631463206134562e-01 -2.387521788555835300e-01 -2.390318737202573873e-01 -2.393977333993290990e-01 -2.398439714398936939e-01 -2.403636870911862733e-01 -2.409490734007993795e-01 -2.415916491518769749e-01 -2.422825028816895654e-01 -2.430125364279390743e-01 -2.437726961075936949e-01 -2.445541814892352173e-01 -2.453486243252094579e-01 -2.461482330868091095e-01 -2.469459012999680181e-01 -2.477352802469285353e-01 -2.485108184473633630e-01 -2.492677716294255386e-01 -2.500021876841379553e-01 -2.507108714396945048e-01 -2.513913340844635691e-01 -2.520417317980100380e-01 -2.526607976998452298e-01 -2.532477706665016148e-01 -2.538023239570430523e-01 -2.543244959714083819e-01 -2.548146248796719915e-01 -2.552732883276208620e-01 -2.557012489601312444e-01 -2.560994061160262181e-01 -2.564687537375292536e-01 -2.568103443004985942e-01 -2.571252584014098175e-01 -2.574145795247010371e-01 -2.576793734498403210e-01 -2.579206717315342678e-01 -2.581394586897438614e-01 -2.583366613704253800e-01 -2.585131419762756178e-01 -2.586696923135703985e-01 -2.588070298520657175e-01 -2.589257950466168356e-01 -2.590265496193763228e-01 -2.591097755486892473e-01 -2.591758745543152331e-01 -2.592251679080442850e-01 -2.592578964342385217e-01 -2.592742205966553359e-01 -2.592742205966553359e-01
-2.583709811770430465e-01 -2.583709811770430465e-01 -2.583900861591360565e-01 -2.584281627805142811e-01 -2.584849293768098355e-01 -2.585599298262586387e-01 -2.586525028746923804e-01 -2.587617546548982572e-01 -2.588865414711559176e-01 -2.590254678793141863e-01 -2.591769023454973953e-01 -2.593390099958621797e-01 -2.595097996908556914e-01 -2.596871811472879488e-01 -2.598690271481263747e-01 -2.600532359259232762e-01 -2.602377894004537784e-01 -2.604208038895338140e-01 -2.606005710038751810e-01 -2.607755875280790558e-01 -2.609445740697786675e-01 -2.611064830595317132e-01 -2.612604972741877640e-01 -2.614060204341047688e-01 -2.615426616084159384e-01 -2.616702151841626689e-01 -2.617886380522538303e-01 -2.618980254744969760e-01 -2.619985868569604803e-01 -2.620906223958695547e-01 -2.621745013066485996e-01 -2.622506421114303432e-01 -2.623194952558109416e-01 -2.623815281570516800e-01 -2.624372126543215722e-01 -2.624870147349825933e-01 -2.625313863454649677e-01 -2.625707590560988902e-01 -2.626055393311759190e-01 -2.626361051535050506e-01 -2.626628037622921186e-01 -2.626859502804807511e-01 -2.627058270296092624e-01 -2.627226833543735984e-01 -2.627367358036432621e-01 -2.627481685384649990e-01 -2.627571338598462813e-01 -2.627637527694360875e-01 -2.627681154945026298e-01 -2.627702819249800870e-01 -2.627702819249800870e-01
-2.785123010423899426e-01 -2.785123010423899426e-01 -2.784528091062559163e-01 -2.783352132368993037e-01 -2.781622059966135652e-01 -2.779376267812715406e-01 -2.776662465774762945e-01 -2.773535168351112801e-01 -2.770053056707338923e-01 -2.766276430586575574e-01 -2.762264926679831589e-01 -2.758075625759991989e-01 -2.753761612798849012e-01 -2.749371001122165592e-01 -2.744946389213707150e-01 -2.740524689712581785e-01 -2.736137254453520629e-01 -2.731810215229061312e-01 -2.727564964491241972e-01 -2.723418710408166965e-01 -2.719385053771954941e-01 -2.715474547999702226e-01 -2.711695216310305301e-01 -2.708053011151129730e-01 -2.704552209658393491e-01 -2.701195745316967156e-01 -2.697985480243985656e-01 -2.694922424999673938e-01 -2.692006913924336886e-01 -2.689238744099416989e-01 -2.686617285475235706e-01 -2.684141568777600462e-01 -2.681810356711788468e-01 -2.679622202874366588e-01 -2.677575501756255805e-01 -2.675668532327392102e-01 -2.673899496955763344e-01 -2.672266556831808249e-01 -2.670767864630040345e-01 -2.669401594823285206e-01 -2.668165971848418527e-01 -2.667059296183871275e-01 -2.666079968318006421e-01 -2.665226510547192840e-01 -2.664497586528634110e-01 -2.663892018515797711e-01 -2.663408802215227467e-01 -2.663047119217840653e-01 -2.662806346971617888e-01 -2.662686066274427832e-01 -2.662686066274427832e-01
-2.989408056540960312e-01 -2.989408056540960312e-01 -2.987990493942586090e-01 -2.985186030912233002e-01 -2.981054341045973888e-01 -2.975680970788389113e-01 -2.969173014434547397e-01 -2.961653998659187215e-01 -2.953258411902022762e-01 -2.944126297617497556e-01 -2.934398267687738371e-01 -2.924211199267920946e-01 -2.913694773362258128e-01 -2.902968913021724551e-01 -2.892142095081635111e-01 -2.881310448089708931e-01 -2.870557511710941090e-01 -2.859954516942811997e-01 -2.849561047365212763e-01 -2.839425954145714526e-01 -2.829588416715314025e-01 -2.820079062902895450e-01 -2.810921083946605892e-01 -2.802131299320393398e-01 -2.793721142743689767e-01 -2.785697553763566425e-01 -2.778063769038539577e-01 -2.770820014298248091e-01 -2.763964102409124934e-01 -2.757491945569532366e-01 -2.751397990876877642e-01 -2.745675588771496756e-01 -2.740317303503483348e-01 -2.735315174045485076e-01 -2.730660932971635813e-01 -2.726346189866599157e-01 -2.722362584899852278e-01 -2.718701917344825691e-01 -2.715356253062908842e-01 -2.712318014314492043e-01 -2.709580054699965435e-01 -2.707135721563341257e-01 -2.704978907798277765e-01 -2.703104094668822288e-01 -2.701506386983108521e-01 -2.700181541727377232e-01 -2.699125991070969177e-01 -2.698336860482891120e-01 -2.697811982550793464e-01 -2.697549906958989219e-01 -2.697549906958989219e-01
-3.197130020004679829e-01 -3.197130020004679829e-01 -3.194838504545475244e-01 -3.190305256258914590e-01 -3.183627170456525546e-01 -3.174943176692976432e-01 -3.164427236935964949e-01 -3.152280059609955942e-01 -3.138720234317615154e-01 -3.123975466526119904e-01 -3.108274489420184694e-01 -3.091840078038312067e-01 -3.074883419597579937e-01 -3.057599931196968712e-01 -3.040166481321318059e-01 -3.022739874492003653e-01 -3.005456400230690495e-01 -2.988432223479097760e-01 -2.971764395913888968e-01 -2.955532287624659249e-01 -2.939799268605504667e-01 -2.924614503268729293e-01 -2.910014754356267108e-01 -2.896026122496717092e-01 -2.882665672865624695e-01 -2.869942920550813681e-01 -2.857861161526474847e-01 -2.846418647174087102e-01 -2.835609607782255681e-01 -2.825425135158294854e-01 -2.815853937079951796e-01 -2.806882977395807610e-01 -2.798498015626453839e-01 -2.790684059296423825e-01 -2.783425741215539984e-01 -2.776707632724159658e-01 -2.770514502653744771e-01 -2.764831530518737646e-01 -2.759644481298464957e-01 -2.754939848115798839e-01 -2.750704968182236532e-01 -2.746928116556469068e-01 -2.743598581548163384e-01 -2.740706724980653819e-01 -2.738244029993153195e-01 -2.736203138603671148e-01 -2.734577880855950660e-01 -2.733363297027383010e-01 -2.732555654070000228e-01 -2.732152457185009209e-01 -2.732152457185009209e-01
-3.408938373031329960e-01 -3.408938373031329960e-01 -3.405704246452154749e-01 -3.399308222865456974e-01 -3.389890769633484013e-01 -3.377653009850342669e-01 -3.362846295162901789e-01 -3.345759914365886156e-01 -3.326708014431493665e-01 -3.306016761734469345e-01 -3.284012602066032627e-01 -3.261012233682319961e-01 -3.237314639516308823e-01 -3.213195277018215945e-01 -3.188902325942714611e-01 -3.164654758144370139e-01 -3.140641917817043605e-01 -3.117024275751602569e-01 -3.093935033500539999e-01 -3.071482289155468282e-01 -3.049751524143043402e-01 -3.028808221323262551e-01 -3.008700472955030958e-01 -2.989461479482865003e-01 -2.971111875164305083e-01 -2.953661844133169678e-01 -2.937113011170264798e-01 -2.921460106205409080e-01 -2.906692411503536411e-01 -2.892795006662022828e-01 -2.879749829916510295e-01 -2.867536575614380023e-01 -2.856133447704704009e-01 -2.845517788199032339e-01 -2.835666598141073358e-01 -2.826556966942758709e-01 -2.818166424176651863e-01 -2.810473226175474459e-01 -2.803456588149074724e-01 -2.797096871025824827e-01 -2.791375730875771954e-01 -2.786276237578741988e-01 -2.781782968355453467e-01 -2.777882080871156845e-01 -2.774561369835149560e-01 -2.771810310339908878e-01 -2.769620090595509287e-01 -2.767983636203755760e-01 -2.766895627668375379e-01 -2.766352512440477529e-01 -2.766352512440477529e-01
-3.625579820946559506e-01 -3.625579820946559506e-01 -3.621313433709247853e-01 -3.612879966866476833e-01 -3.600472277034199586e-01 -3.584365856351709456e-01 -3.564903885695303032e-01 -3.542479728242309278e-01 -3.517518469107051016e-01 -3.490459009786514022e-01 -3.461737942984506877e-01 -3.431776042434485641e-01 -3.400967789679075204e-01 -3.369673994779216475e-01 -3.338217291292554512e-01 -3.306880109768357001e-01 -3.275904649756578024e-01 -3.245494357939789909e-01 -3.215816456303566828e-01 -3.187005128166442991e-01 -3.159165044880580808e-01 -3.132374990702136985e-01 -3.106691410877661097e-01 -3.082151765066427074e-01 -3.058777613900546810e-01 -3.036577401340165294e-01 -3.015548920857785697e-01 -2.995681471034741250e-01 -2.976957717530476777e-01 -2.959355285092646892e-01 -2.942848106583952350e-01 -2.927407556936510447e-01 -2.913003399302214191e-01 -2.899604569044686442e-01 -2.887179819047087093e-01 -2.875698247392760032e-01 -2.865129726015241407e-01 -2.855445246540474491e-01 -2.846617197332950155e-01 -2.838619583748614450e-01 -2.831428201804667699e-01 -2.825020773897681248e-01 -2.819377053824802526e-01 -2.814478907170313571e-01 -2.810310372091419095e-01 -2.806857704651476992e-01 -2.804109412085795117e-01 -2.802056276724698702e-01 -2.800691372722960426e-01 -2.800010077237075068e-01 -2.800010077237075068e-01
-3.847915452980132933e-01 -3.847915452980132933e-01 -3.842501262277224217e-01 -3.831805660387154755e-01 -3.816086029597219320e-01 -3.795708899365531908e-01 -3.771128885356815896e-01 -3.742864222995610501e-01 -3.711471273654412539e-01 -3.677520192624132434e-01 -3.641573469688729747e-01 -3.604168425762772077e-01 -3.565804118492217900e-01 -3.526932583235522500e-01 -3.487953965912474752e-01 -3.449214895389283719e-01 -3.411009369550189185e-01 -3.373581452585271423e-01 -3.337129163060302273e-01 -3.301809041753415719e-01 -3.267741002904610004e-01 -3.235013178806888101e-01 -3.203686558635351345e-01 -3.173799295747691263e-01 -3.145370613915531299e-01 -3.118404284073359456e-01 -3.092891671806416443e-01 -3.068814374590583816e-01 -3.046146479148261754e-01 -3.024856475222945096e-01 -3.004908864229884902e-01 -2.986265500868095502e-01 -2.968886703817536499e-01 -2.952732168772370658e-01 -2.937761713750117187e-01 -2.923935883186866702e-01 -2.911216433984807339e-01 -2.899566723543850477e-01 -2.888952016948939105e-01 -2.879339727926344406e-01 -2.870699605926990139e-01 -2.863003879728520107e-01 -2.856227366247749977e-01 -2.850347551793185330e-01 -2.845344651735124408e-01 -2.841201653499494939e-01 -2.837904346873899031e-01 -2.835441344825294085e-01 -2.833804097345093975e-01 -2.832986900238160244e-01 -2.832986900238160244e-01
-4.076943355355407972e-01 -4.076943355355407972e-01 -4.070233295020119768e-01 -4.056988246436108447e-01 -4.037546807989033093e-01 -4.012389334046738143e-01 -3.982108427597674249e-01 -3.947374986257052853e-01 -3.908903336111426152e-01 -3.867418626970896001e-01 -3.823628844788887204e-01 -3.778202782534715864e-01 -3.731754350421193078e-01 -3.684832862219037386e-01 -3.637918464189747181e-01 -3.591421656306290067e-01 -3.545685830968149377e-01 -3.500991852442897900e-01 -3.457563860329729843e-01 -3.415575658564976025e-01 -3.375157220543165137e-01 -3.336400986689628811e-01 -3.299367748277477475e-01 -3.264092000919472936e-01 -3.230586716300214989e-01 -3.198847525738102715e-01 -3.168856338523410865e-01 -3.140584435641557426e-01 -3.113995088759393681e-01 -3.089045757830341521e-01 -3.065689920336290286e-01 -3.043878582477401173e-01 -3.023561518574582330e-01 -3.004688280270666478e-01 -2.987209012274504305e-01 -2.971075106683893630e-01 -2.956239723523069740e-01 -2.942658201129429996e-01 -2.930288376457960142e-01 -2.919090832239686906e-01 -2.909029085210896870e-01 -2.900069727288325239e-01 -2.892182529562660753e-01 -2.885340517277040773e-01 -2.879520022508453847e-01 -2.874700720040450075e-01 -2.870865650870156327e-01 -2.868001236900157846e-01 -2.866097289597832609e-01 -2.865147014735967557e-01 -2.865147014735967557e-01
-4.313828321559955437e-01 -4.313828321559955437e-01 -4.305632770813379029e-01 -4.289471246115819647e-01 -4.265786603937241628e-01 -4.235204294963277327e-01 -4.198490971410525630e-01 -4.156507347108197026e-01 -4.110160626192971289e-01 -4.060361131774347099e-01 -4.007986342610205255e-01 -3.953853887162997460e-01 -3.898703586592277004e-01 -3.843187614782113126e-01 -3.787867291652818880e-01 -3.733214861592066280e-01 -3.679618703987331818e-01 -3.627390657201507440e-01 -3.576774420734644688e-01 -3.527954276044937831e-01 -3.481063605226505930e-01 -3.436192877896308007e-01 -3.393396920744864431e-01 -3.352701387250549558e-01 -3.314108414955084236e-01 -3.277601502291498381e-01 -3.243149663086204448e-01 -3.210710930055676315e-01 -3.180235283130456447e-01 -3.151667077394672001e-01 -3.124947041057328234e-01 -3.100013907711726135e-01 -3.076805740217404272e-01 -3.055260996513304850e-01 -3.035319380940698086e-01 -3.016922518442861634e-01 -3.000014483421102884e-01 -2.984542210093473757e-01 -2.970455806907419394e-01 -2.957708793857549145e-01 -2.946258278398398711e-01 -2.936065082958090322e-01 -2.927093834790127080e-01 -2.919313026989754922e-01 -2.912695057893724404e-01 -2.907216254730208838e-01 -2.902856886245863688e-01 -2.899601168071510027e-01 -2.897437263763524284e-01 -2.896357283745256694e-01 -2.896357283745256694e-01
-4.559940985849612605e-01 -4.559940985849612605e-01 -4.550016364566373261e-01 -4.530468204646742603e-01 -4.501875642072226680e-01 -4.465052452389056126e-01 -4.420988642043553463e-01 -4.370784623181332429e-01 -4.315586133992075357e-01 -4.256526751194382174e-01 -4.194682300638166716e-01 -4.131038724677688068e-01 -4.066472769841547596e-01 -4.001743514596259321e-01 -3.937492206422862351e-01 -3.874247893889196659e-01 -3.812436676071758734e-01 -3.752392854461850114e-01 -3.694370737769204771e-01 -3.638556254121018130e-01 -3.585077845250527750e-01 -3.534016354075275590e-01 -3.485413782301719499e-01 -3.439280903495012254e-01 -3.395603783976209877e-01 -3.354349301235060588e-01 -3.315469766861576795e-01 -3.278906765400267931e-01 -3.244594317054951826e-01 -3.212461464271796907e-01 -3.182434372187870619e-01 -3.154438022206759729e-01 -3.128397567434110238e-01 -3.104239408872467298e-01 -3.081892042383841401e-01 -3.061286718568928533e-01 -3.042357950877228601e-01 -3.025043901390514489e-01 -3.009286668724964198e-01 -2.995032498274412536e-01 -2.982231931468511954e-01 -2.970839907750052467e-01 -2.960815830497990908e-01 -2.952123606059346428e-01 -2.944731663336087601e-01 -2.938612959942645264e-01 -2.933744979755129600e-01 -2.930109725670439480e-01 -2.927693710544105321e-01 -2.926487948547366047e-01 -2.926487948547366047e-01
-4.816909692227409057e-01 -4.816909692227409057e-01 -4.804941278080319123e-01 -4.781400827294876033e-01 -4.747048601222861319e-01 -4.702947055145058064e-01 -4.650377634635225466e-01 -4.590747893631362819e-01 -4.525501872231004197e-01 -4.456044042210800527e-01 -4.383682439951822607e-01 -4.309592000841736548e-01 -4.234795870426293907e-01 -4.160160858696421715e-01 -4.086402880787716740e-01 -4.014098673524615912e-01 -3.943700852231992182e-01 -3.875554189662927529e-01 -3.809911711868351203e-01 -3.746949762606431866e-01 -3.686781589656945579e-01 -3.629469277715111630e-01 -3.575034024048006076e-01 -3.523464853177738498e-01 -3.474725918486567533e-01 -3.428762559010763433e-01 -3.385506280970191351e-01 -3.344878824016077612e-01 -3.306795457142433503e-01 -3.271167632058641361e-01 -3.237905104565199088e-01 -3.206917618224159328e-01 -3.178116229920309732e-01 -3.151414343971190024e-01 -3.126728510265229244e-01 -3.103979032377833791e-01 -3.083090423572903971e-01 -3.063991741860875306e-01 -3.046616829673962634e-01 -3.030904479067171864e-01 -3.016798539508659394e-01 -3.004247982152683516e-01 -2.993206931878700239e-01 -2.983634676232979066e-01 -2.975495658642630659e-01 -2.968759461816014023e-01 -2.963400786039925294e-01 -2.959399426083375584e-01 -2.956740249578605484e-01 -2.955413179036638915e-01 -2.955413179036638915e-01
-5.086689826490067290e-01 -5.086689826490067290e-01 -5.072267788170201630e-01 -5.043948715174219055e-01 -5.002737250952031811e-01 -4.950029835873871464e-01 -4.887494632069238065e-01 -4.816938403724896345e-01 -4.740181837941672138e-01 -4.658959157284953689e-01 -4.574848880790850503e-01 -4.489234828436114988e-01 -4.403291911043754614e-01 -4.317989716119557952e-01 -4.234107323267346512e-01 -4.152254103023943488e-01 -4.072892756630723810e-01 -3.996362176426299095e-01 -3.922898721217179530e-01 -3.852655210613128989e-01 -3.785717401921956382e-01 -3.722117988636700625e-01 -3.661848308980723554e-01 -3.604868021247145671e-01 -3.551113021648822921e-01 -3.500501871461736969e-01 -3.452940977072977979e-01 -3.408328737492038463e-01 -3.366558843798587719e-01 -3.327522886499334476e-01 -3.291112401100499962e-01 -3.257220459814912927e-01 -3.225742898207961118e-01 -3.196579249506444897e-01 -3.169633445909356695e-01 -3.144814335182962717e-01 -3.122036051739602858e-01 -3.101218273968703865e-01 -3.082286393526744162e-01 -3.065171617358686262e-01 -3.049811019212857466e-01 -3.036147554153936778e-01 -3.024130046934859206e-01 -3.013713162941151213e-01 -3.004857368676217000e-01 -2.997528887334777736e-01 -2.991699653850047880e-01 -2.987347272845406465e-01 -2.984454982129328693e-01 -2.983011623706436355e-01 -2.983011623706436355e-01
-5.371657353050612871e-01 -5.371657353050612871e-01 -5.354243237859074300e-01 -5.320114945095523185e-01 -5.270611093397912228e-01 -5.207584495578956307e-01 -5.133225728052072112e-01 -5.049868001629572722e-01 -4.959811346705629842e-01 -4.865190892594265515e-01 -4.767896102103879041e-01 -4.669534911302363200e-01 -4.571431037811161668e-01 -4.474642335488562273e-01 -4.379990306043791692e-01 -4.288093792245917246e-01 -4.199402479930978704e-01 -4.114227792425311780e-01 -4.032770076943914539e-01 -3.955141790942359736e-01 -3.881386848281901392e-01 -3.811496506395193884e-01 -3.745422257914812758e-01 -3.683086194532617652e-01 -3.624389275535218613e-01 -3.569217881311134710e-01 -3.517448975950460688e-01 -3.468954149516651486e-01 -3.423602762700922453e-01 -3.381264375377781572e-01 -3.341810605993486005e-01 -3.305116540151956661e-01 -3.271061783431173930e-01 -3.239531234554738903e-01 -3.210415639801635357e-01 -3.183611977295019435e-01 -3.159023710001864771e-01 -3.136560938427033207e-01 -3.116140477711504264e-01 -3.097685878830888084e-01 -3.081127409583939158e-01 -3.066402007857975121e-01 -3.053453217096901429e-01 -3.042231111846689373e-01 -3.032692219609255391e-01 -3.024799443914703012e-01 -3.018521992456678071e-01 -3.013835313271975846e-01 -3.010721041238867413e-01 -3.009166956582871033e-01 -3.009166956582871033e-01
-5.674736066394605594e-01 -5.674736066394605594e-01 -5.653616299627103325e-01 -5.612313982278397395e-01 -5.552628191936404001e-01 -5.477047136182013887e-01 -5.388481749682603184e-01 -5.289970199461540012e-01 -5.184425905034867332e-01 -5.074467491690534127e-01 -4.962332522327221884e-01 -4.849856555819157533e-01 -4.738494180373100662e-01 -4.629362121474877023e-01 -4.523290513464692797e-01 -4.420873933819065016e-01 -4.322517841130298910e-01 -4.228478646028389631e-01 -4.138897129899529737e-01 -4.053825682740630487e-01 -3.973250149389107588e-01 -3.897107148624348594e-01 -3.825297683193845666e-01 -3.757697760400740550e-01 -3.694166630126841100e-01 -3.634553138740309053e-01 -3.578700601311143870e-01 -3.526450513350481430e-01 -3.477645356534586063e-01 -3.432130698993455797e-01 -3.389756747774507195e-01 -3.350379477095461467e-01 -3.313861429242406786e-01 -3.280072263974735947e-01 -3.248889115857149790e-01 -3.220196806072608275e-01 -3.193887945203312539e-01 -3.169862955586767450e-01 -3.148030035681559924e-01 -3.128305084038229267e-01 -3.110611596672512302e-01 -3.094880548654199148e-01 -3.081050268377781287e-01 -3.069066311132536695e-01 -3.058881337131976741e-01 -3.050454998010588281e-01 -3.043753834882811371e-01 -3.038751190332228957e-01 -3.035427136115442792e-01 -3.033768417891088975e-01 -3.033768417891088975e-01
-5.999571514551871321e-01 -5.999571514551871321e-01 -5.973794840534034645e-01 -5.923492624713727617e-01 -5.851099463265425626e-01 -5.760008322099640088e-01 -5.654149104194617914e-01 -5.537519766601615157e-01 -5.413819488787502410e-01 -5.286238351165027938e-01 -5.157384042192985074e-01 -5.029299286337800545e-01 -4.903526627160560980e-01 -4.781190317558606795e-01 -4.663077849691594223e-01 -4.549712762818555190e-01 -4.441415839753347083e-01 -4.338354673788362703e-01 -4.240582869839247260e-01 -4.148070556913103779e-01 -4.060727876114271773e-01 -3.978422915843760066e-01 -3.900995320315210346e-01 -3.828266558260901009e-01 -3.760047629469698283e-01 -3.696144813797176965e-01 -3.636363928828592607e-01 -3.580513453760114095e-01 -3.528406792929667524e-01 -3.479863887775189180e-01 -3.434712336554722745e-01 -3.392788143454901761e-01 -3.353936189992056671e-01 -3.318010499735910002e-01 -3.284874350718074987e-01 -3.254400277172759259e-01 -3.226469992544536147e-01 -3.200974258266789385e-01 -3.177812717119187780e-01 -3.156893705601028777e-01 -3.138134056396524874e-01 -3.121458899421456490e-01 -3.106801467947605810e-01 -3.094102914764815804e-01 -3.083312142155069657e-01 -3.074385648538199289e-01 -3.067287393942279561e-01 -3.061988685904847296e-01 -3.058468086986234624e-01 -3.056711344742934489e-01 -3.056711344742934489e-01
-6.350767625800990412e-01 -6.350767625800990412e-01 -6.319068221934609486e-01 -6.257303677367136441e-01 -6.168771976164990622e-01 -6.058195723607870953e-01 -5.930996165383514152e-01 -5.792500903830074543e-01 -5.647407480406604341e-01 -5.499552216979819441e-01 -5.351896312502378850e-01 -5.206625173694031661e-01 -5.065287362091459578e-01 -4.928932870117453957e-01 -4.798233370327053549e-01 -4.673579752669827503e-01 -4.555158139190833566e-01 -4.443007707295912323e-01 -4.337064008715997288e-01 -4.237191097562629238e-01 -4.143205189253315601e-01 -4.054891984004169725e-01 -3.972019284001447881e-01 -3.894346129080282770e-01 -3.821629363523277867e-01 -3.753628310511011867e-01 -3.690108054444001806e-01 -3.630841700624324875e-01 -3.575611885232233278e-01 -3.524211737353322160e-01 -3.476445442357939952e-01 -3.432128517259276923e-01 -3.391087880125561727e-01 -3.353161774510569626e-01 -3.318199594226841631e-01 -3.286061642176354436e-01 -3.256618848318160730e-01 -3.229752465417566887e-01 -3.205353756418440891e-01 -3.183323683690951200e-01 -3.163572607722642260e-01 -3.146020000813503081e-01 -3.130594179835686219e-01 -3.117232061000412280e-01 -3.105878938743371620e-01 -3.096488290225937745e-01 -3.089021606498511541e-01 -3.083448251044770272e-01 -3.079745346189797783e-01 -3.077897687687911610e-01 -3.077897687687911610e-01
-6.734200341117859701e-01 -6.734200341117859701e-01 -6.694928304331194679e-01 -6.618374072639336969e-01 -6.508941500501913557e-01 -6.373412912609545122e-01 -6.219497137213644278e-01 -6.054391018981973849e-01 -5.884023773532278678e-01 -5.712893064894589701e-01 -5.544214739728871022e-01 -5.380177926454272619e-01 -5.222198636554743478e-01 -5.071131924594451945e-01 -4.927435631850780595e-01 -4.791291515595585970e-01 -4.662692778108135094e-01 -4.541506471149693303e-01 -4.427517622596036651e-01 -4.320460256814489530e-01 -4.220039087016426715e-01 -4.125944593222770629e-01 -4.037863418406449911e-01 -3.955485453921764316e-01 -3.878508585848249313e-01 -3.806641790965449301e-01 -3.739607071033090868e-01 -3.677140572575081645e-01 -3.618993139187566266e-01 -3.564930472328259881e-01 -3.514733026030381069e-01 -3.468195724999364460e-01 -3.425127569861040611e-01 -3.385351174954647768e-01 -3.348702270898400446e-01 -3.315029194710541471e-01 -3.284192383488651612e-01 -3.256063882782964103e-01 -3.230526877309604084e-01 -3.207475249153419194e-01 -3.186813166832430655e-01 -3.168454707338824172e-01 -3.152323512392136151e-01 -3.138352479535735373e-01 -3.126483488302823632e-01 -3.116667161418653076e-01 -3.108862660851963167e-01 -3.103037518451570720e-01 -3.099167500882376025e-01 -3.097236508592975945e-01 -3.097236508592975945e-01
-7.157400857770713776e-01 -7.157400857770713776e-01 -7.108549387738755110e-01 -7.012770089460046430e-01 -6.875612449746719701e-01 -6.707375461912402637e-01 -6.519498543452513228e-01 -6.321806698652701062e-01 -6.121626616326673043e-01 -5.923968329496118734e-01 -5.732047273554011779e-01 -5.547802345696839499e-01 -5.372304323698440243e-01 -5.206049013110556345e-01 -5.049158750002006313e-01 -4.901518138266753866e-01 -4.762864627090976355e-01 -4.632848649478407133e-01 -4.511073379755413670e-01 -4.397120861086301069e-01 -4.290569010446612652e-01 -4.191002511823618826e-01 -4.098019614319839965e-01 -4.011236190637815224e-01 -3.930287969972327544e-01 -3.854831563254297877e-01 -3.784544699210900531e-01 -3.719125954758826791e-01 -3.658294171635780856e-01 -3.601787688808127941e-01 -3.549363477649847831e-01 -3.500796237837015545e-01 -3.455877492064208245e-01 -3.414414704161635727e-01 -3.376230435995380419e-01 -3.341161552314356742e-01 -3.309058478537988957e-01 -3.279784513718708161e-01 -3.253215199123064005e-01 -3.229237741749192425e-01 -3.207750491427239781e-01 -3.188662469786668341e-01 -3.171892949220264102e-01 -3.157371079959679361e-01 -3.145035563453799088e-01 -3.134834370377043711e-01 -3.126724501767431663e-01 -3.120671791989986232e-01 -3.116650752429364624e-01 -3.114644455031290726e-01 -3.114644455031290726e-01
-7.629911775485790359e-01 -7.629911775485790359e-01 -7.569538486101476948e-01 -7.448950186072719193e-01 -7.273723756553092112e-01 -7.061290118423281248e-01 -6.829579279436396311e-01 -6.591931528001815366e-01 -6.356890717094552112e-01 -6.129457330269363347e-01 -5.912327871149586356e-01 -5.706781902472235490e-01 -5.513251107114540694e-01 -5.331669881378292564e-01 -5.161688747929894516e-01 -5.002804099189136489e-01 -4.854437094770532868e-01 -4.715981464799790523e-01 -4.586832135590423465e-01 -4.466401946260243339e-01 -4.354130946497437593e-01 -4.249491080806787613e-01 -4.151988026967378675e-01 -4.061161308590598984e-01 -3.976583392623453950e-01 -3.897858222181957433e-01 -3.824619468281972301e-01 -3.756528676841447978e-01 -3.693273418398295704e-01 -3.634565503758497296e-01 -3.580139300567020122e-01 -3.529750167968456753e-01 -3.483173015452676879e-01 -3.440200985287369950e-01 -3.400644254072106021e-01 -3.364328946889463268e-01 -3.331096156612585180e-01 -3.300801060719816826e-01 -3.273312128182494507e-01 -3.248510409449137382e-01 -3.226288903131160346e-01 -3.206551993628989350e-01 -3.189214954578695749e-01 -3.174203513622169126e-01 -3.161453474594932422e-01 -3.150910393779089436e-01 -3.142529307383546966e-01 -3.136274507891696484e-01 -3.132119367361900775e-01 -3.130046206183226820e-01 -3.130046206183226820e-01
-8.163222340856167714e-01 -8.163222340856167714e-01 -8.091147646452708786e-01 -7.940134615552828512e-01 -7.709360605755449791e-01 -7.434749797439877961e-01 -7.145817518517721956e-01 -6.859629348402860316e-01 -6.584693639972690749e-01 -6.324761199969755054e-01 -6.081121558914353020e-01 -5.853824922439561096e-01 -5.642312456648330699e-01 -5.445743054199767563e-01 -5.263165132777389843e-01 -5.093607539264922712e-01 -4.936126993793119588e-01 -4.789831622688641155e-01 -4.653891168500531306e-01 -4.527539793428327908e-01 -4.410074855115286296e-01 -4.300853606885735037e-01 -4.199288950991395541e-01 -4.104844889989374135e-01 -4.017032035035866810e-01 -3.935403360049872790e-01 -3.859550290620297752e-01 -3.789099158491969765e-01 -3.723708019814740422e-01 -3.663063817963946867e-01 -3.606879863468392400e-01 -3.554893600638138196e-01 -3.506864630563654717e-01 -3.462572961859932685e-01 -3.421817463013273053e-01 -3.384414492959813003e-01 -3.350196689300500297e-01 -3.319011896185104504e-01 -3.290722216304429182e-01 -3.265203173587813423e-01 -3.242342975112620929e-01 -3.222041862407777901e-01 -3.204211543796466333e-01 -3.188774700698269182e-01 -3.175664561922914020e-01 -3.164824540960350374e-01 -3.156207932126584570e-01 -3.149777662181806326e-01 -3.145506094714595746e-01 -3.143374885199446411e-01 -3.143374885199446411e-01
-8.768973322442781271e-01 -8.768973322442781271e-01 -8.691998735736200521e-01 -8.511367090501000821e-01 -8.189115812243495940e-01 -7.822759920358014485e-01 -7.459490983748733317e-01 -7.116216403351260933e-01 -6.797606173632751991e-01 -6.503862722841451394e-01 -6.233645079292876590e-01 -5.985142679188750758e-01 -5.756478566555719434e-01 -5.545863699223694265e-01 -5.351653005788774564e-01 -5.172359977306862922e-01 -5.006653080026381986e-01 -4.853344408500933072e-01 -4.711375547975600320e-01 -4.579803074123829920e-01 -4.457784846255536393e-01 -4.344567588633704847e-01 -4.239475908631260559e-01 -4.141902724553799819e-01 -4.051300993033725706e-01 -3.967176593548888408e-01 -3.889082222040866066e-01 -3.816612153426461873e-01 -3.749397746565136802e-01 -3.687103580917411860e-01 -3.629424129598531334e-01 -3.576080887786887708e-01 -3.526819888085646615e-01 -3.481409545380290127e-01 -3.439638783070603778e-01 -3.401315400442916914e-01 -3.366264647571096114e-01 -3.334327979674984732e-01 -3.305361967490773045e-01 -3.279237344068337001e-01 -3.255838171633906319e-01 -3.235061114852665898e-01 -3.216814809086795401e-01 -3.201019314147577899e-01 -3.187605645649670971e-01 -3.176515377445748856e-01 -3.167700309794881930e-01 -3.161122198936505145e-01 -3.156752544635088031e-01 -3.154572433056239134e-01 -3.154572433056239134e-01
-9.461350025608813441e-01 -9.461350025608813441e-01 -9.403580470471508690e-01 -9.227362549596551666e-01 -8.713708548937075804e-01 -8.207941741278107495e-01 -7.753316257612919982e-01 -7.348246286484578782e-01 -6.985735450584522610e-01 -6.659504705574259553e-01 -6.364506433286034603e-01 -6.096664955396779995e-01 -5.852630146938149203e-01 -5.629608452080692160e-01 -5.425246339166114318e-01 -5.237545249576565087e-01 -5.064796531233077825e-01 -4.905530223568114190e-01 -4.758474130714736572e-01 -4.622520851922757301e-01 -4.496701090746481611e-01 -4.380161963786499690e-01 -4.272149307323405698e-01 -4.171993189002666247e-01 -4.079095994766486211e-01 -3.992922590226299917e-01 -3.912992158027238099e-01 -3.838871393913630414e-01 -3.770168808467581623e-01 -3.706529932338132882e-01 -3.647633263011820226e-01 -3.593186823042256450e-01 -3.542925224939310613e-01 -3.496607158023479212e-01 -3.454013228582281103e-01 -3.414944097487421226e-01 -3.379218869720768126e-01 -3.346673698543001230e-01 -3.317160573736401274e-01 -3.290546268788007711e-01 -3.266711426308201993e-01 -3.245549764604754861e-01 -3.226967391314493616e-01 -3.210882212461543816e-01 -3.197223427364730974e-01 -3.185931101539481447e-01 -3.176955811197773039e-01 -3.170258354197627026e-01 -3.165809523376015844e-01 -3.163589939153070851e-01 -3.163589939153070851e-01
-1.034079991457421466e+00 -1.034079991457421466e+00 -1.034079991457421466e+00 -1.034079991457421466e+00 -9.238558703229826641e-01 -8.542723851597444629e-01 -7.997712977806187284e-01 -7.537794343641301964e-01 -7.137643580239916297e-01 -6.783960852366378580e-01 -6.468248394654757538e-01 -6.184410815301742970e-01 -5.927793243408290280e-01 -5.694713777308676450e-01 -5.482195208538226394e-01 -5.287791799989439712e-01 -5.109468850905469761e-01 -4.945515162381096119e-01 -4.794477642515504456e-01 -4.655111539187672398e-01 -4.526342039683307061e-01 -4.407234305126734863e-01 -4.296969855968751362e-01 -4.194827795525100100e-01 -4.100169755899745749e-01 -4.012427733637338734e-01 -3.931094187341735435e-01 -3.855713919716846627e-01 -3.785877377783716802e-01 -3.721215088253465031e-01 -3.661393007796627797e-01 -3.606108615651201776e-01 -3.555087612537100594e-01 -3.508081118009794830e-01 -3.464863280250133348e-01 -3.425229229369217143e-01 -3.388993318734800364e-01 -3.355987609443343844e-01 -3.326060561505984059e-01 -3.299075902070045530e-01 -3.274911646429521372e-01 -3.253459251971785871e-01 -3.234622888783446060e-01 -3.218318813566737324e-01 -3.204474835933808219e-01 -3.193029868155191631e-01 -3.183933551125964767e-01 -3.177145950745964287e-01 -3.172637320144562900e-01 -3.170387924261512946e-01 -3.170387924261512946e-01
-1.034079991457421466e+00 -1.034079991457421466e+00 -1.034079991457421466e+00 -1.034079991457421466e+00 -9.418799446784040796e-01 -8.730186369952622760e-01 -8.157124504689844402e-01 -7.667627269222472286e-01 -7.243123623927667509e-01 -6.870478606378167541e-01 -6.540141304074535977e-01 -6.244957772417879527e-01 -5.979435587126369356e-01 -5.739272541062243604e-01 -5.521040804274706115e-01 -5.321967774422565745e-01 -5.139780145484129648e-01 -4.972590805639003908e-01 -4.818815480408273344e-01 -4.677110424443574055e-01 -4.546325240755922370e-01 -4.425466722528343388e-01 -4.313670828967861581e-01 -4.210180735259650420e-01 -4.114329469309732645e-01 -4.025526048811301494e-01 -3.943244316175951170e-01 -3.867013872417377485e-01 -3.796412658568331655e-01 -3.731060841218045154e-01 -3.670615738645700565e-01 -3.614767583682685914e-01 -3.563235964391259780e-01 -3.515766817814572898e-01 -3.472129878233173317e-01 -3.432116501577756051e-01 -3.395537803370449192e-01 -3.362223059880449227e-01 -3.332018331888103591e-01 -3.304785278154788730e-01 -3.280400131847193146e-01 -3.258752818107879534e-01 -3.239746194962037085e-01 -3.223295403006607440e-01 -3.209327311999853327e-01 -3.197780054680512407e-01 -3.188602639993619592e-01 -3.181754639462868739e-01 -3.177205941789543742e-01 -3.174936571927794438e-01 -3.174936571927794438e-01
-1.034079991457421466e+00 -1.034079991457421466e+00 -1.034079991457421466e+00 -1.034079991457421466e+00 -9.477847635642894231e-01 -8.810076386381509028e-01 -8.233139629463795961e-01 -7.732503334829897712e-01 -7.296772269262442601e-01 -6.914710761767878244e-01 -6.576898697390420878e-01 -6.275858554146687140e-01 -6.005731455917652228e-01 -5.761910601168693802e-01 -5.540736595562355538e-01 -5.339265833524911020e-01 -5.155099452675712124e-01 -4.986257743519417751e-01 -4.831087524166715608e-01 -4.688193210245128473e-01 -4.556384957086099252e-01 -4.434639196370177006e-01 -4.322068261470047856e-01 -4.217896750522904248e-01 -4.121442939989508614e-01 -4.032104025229619193e-01 -3.949344291372466897e-01 -3.872685550234615803e-01 -3.801699346166111382e-01 -3.736000555127558798e-01 -3.675242090432264130e-01 -3.619110494673714040e-01 -3.567322246828836252e-01 -3.519620650898305225e-01 -3.475773200920164174e-01 -3.435569339067561789e-01 -3.398818540476041261e-01 -3.365348671652167445e-01 -3.335004579687183002e-01 -3.307646877700012311e-01 -3.283150898460961975e-01 -3.261405793376898621e-01 -3.242313758236438082e-01 -3.225789370540003698e-01 -3.211759026043981002e-01 -3.200160464463869259e-01 -3.190942376212186349e-01 -3.184064083676553802e-01 -3.179495291938270740e-01 -3.177215905046875122e-01 -3.177215905046875122e-01
-1.034079991457421466e+00 -1.034079991457421466e+00 -1.034079991457421466e+00 -1.034079991457421466e+00 -9.477847635642894231e-01 -8.810076386381509028e-01 -8.233139629463795961e-01 -7.732503334829897712e-01 -7.296772269262442601e-01 -6.914710761767878244e-01 -6.576898697390420878e-01 -6.275858554146687140e-01 -6.005731455917652228e-01 -5.761910601168693802e-01 -5.540736595562355538e-01 -5.339265833524911020e-01 -5.155099452675712124e-01 -4.986257743519417751e-01 -4.831087524166715608e-01 -4.688193210245128473e-01 -4.556384957086099252e-01 -4.434639196370177006e-01 -4.322068261470047856e-01 -4.217896750522904248e-01 -4.121442939989508614e-01 -4.032104025229619193e-01 -3.949344291372466897e-01 -3.872685550234615803e-01 -3.801699346166111382e-01 -3.736000555127558798e-01 -3.675242090432264130e-01 -3.619110494673714040e-01 -3.567322246828836252e-01 -3.519620650898305225e-01 -3.475773200920164174e-01 -3.435569339067561789e-01 -3.398818540476041261e-01 -3.365348671652167445e-01 -3.335004579687183002e-01 -3.307646877700012311e-01 -3.283150898460961975e-01 -3.261405793376898621e-01 -3.242313758236438082e-01 -3.225789370540003698e-01 -3.211759026043981002e-01 -3.200160464463869259e-01 -3.190942376212186349e-01 -3.184064083676553802e-01 -3.179495291938270740e-01 -3.177215905046875122e-01 -3.177215905046875122e-01
