1.088457183971491965e-01 1.088457183971491965e-01 1.088457183971491965e-01 1.088457183971491965e-01 1.110671346324714759e-01 1.171297244873408944e-01 1.269349136631512109e-01 1.394039451403042140e-01 1.535149048216527257e-01 1.685204723005163940e-01 1.839111645328729838e-01 1.993451444736966671e-01 2.145927323020115907e-01 2.294989252041695627e-01 2.439591191019253869e-01 2.579034329457806640e-01 2.712864574120498751e-01 2.840804151108031750e-01 2.962704873442248421e-01 3.078515371358060415e-01 3.188257471307444080e-01 3.292008676085254604e-01 3.389888793622048979e-01 3.482049452470591944e-01 3.568665684098291657e-01 3.649929037987307834e-01 3.726041880647921745e-01 3.797212648276911962e-01 3.863651897042691963e-01 3.925569039715101627e-01 3.983169682930233213e-01 4.036653493113780411e-01 4.086212526116045907e-01 4.132029959406681163e-01 4.174279168422709851e-01 4.213123091579417667e-01 4.248713832074576535e-01 4.281192449029769809e-01 4.310688895550122135e-01 4.337322066665511566e-01 4.361199925544735345e-01 4.382419681591361860e-01 4.401067998843681828e-01 4.417221217389096788e-01 4.430945574208252635e-01 4.442297412979925864e-01 4.451323374935057808e-01 4.458060564903609801e-01 4.462536688319822531e-01 4.464770156215762675e-01 4.464770156215762675e-01
1.088457183971491965e-01 1.088457183971491965e-01 1.088457183971491965e-01 1.088457183971491965e-01 1.110671346324714759e-01 1.171297244873408944e-01 1.269349136631512109e-01 1.394039451403042140e-01 1.535149048216527257e-01 1.685204723005163940e-01 1.839111645328729838e-01 1.993451444736966671e-01 2.145927323020115907e-01 2.294989252041695627e-01 2.439591191019253869e-01 2.579034329457806640e-01 2.712864574120498751e-01 2.840804151108031750e-01 2.962704873442248421e-01 3.078515371358060415e-01 3.188257471307444080e-01 3.292008676085254604e-01 3.389888793622048979e-01 3.482049452470591944e-01 3.568665684098291657e-01 3.649929037987307834e-01 3.726041880647921745e-01 3.797212648276911962e-01 3.863651897042691963e-01 3.925569039715101627e-01 3.983169682930233213e-01 4.036653493113780411e-01 4.086212526116045907e-01 4.132029959406681163e-01 4.174279168422709851e-01 4.213123091579417667e-01 4.248713832074576535e-01 4.281192449029769809e-01 4.310688895550122135e-01 4.337322066665511566e-01 4.361199925544735345e-01 4.382419681591361860e-01 4.401067998843681828e-01 4.417221217389096788e-01 4.430945574208252635e-01 4.442297412979925864e-01 4.451323374935057808e-01 4.458060564903609801e-01 4.462536688319822531e-01 4.464770156215762675e-01 4.464770156215762675e-01
1.088457183971491965e-01 1.088457183971491965e-01 1.088457183971491965e-01 1.088457183971491965e-01 1.114874467057441337e-01 1.181701368852938749e-01 1.284637171391967148e-01 1.411899371724352759e-01 1.553787177429380439e-01 1.703551865698201828e-01 1.856621715377891613e-01 2.009889124511665959e-01 2.161225564428351509e-01 2.309166430855775221e-01 2.452705880029281416e-01 2.591161442023926509e-01 2.724083131657794032e-01 2.851191252432939693e-01 2.972332937087638349e-01 3.087451084202251228e-01 3.196561607170721464e-01 3.299736338211298747e-01 3.397089844280875015e-01 3.488769005808048385e-01 3.574944599465414985e-01 3.655804384013984776e-01 3.731547357990459557e-01 3.802378968171350460e-01 3.868507117334939460e-01 3.930138862032868108e-01 3.987477715300637993e-01 4.040721482285347110e-01 4.090060563488742140e-01 4.135676664012079007e-01 4.177741849932430918e-01 4.216417895901294899e-01 4.251855871738477455e-01 4.284195920268650259e-01 4.313567183739052124e-01 4.340087841582359607e-01 4.363865227751544951e-01 4.384996001097239970e-01 4.403566347092195965e-01 4.419652193511561244e-01 4.433319426395847529e-01 4.444624095750563941e-01 4.453612603004380444e-01 4.460321864312676299e-01 4.464779445424836291e-01 4.467003665107414645e-01 4.467003665107414645e-01
1.088457183971491965e-01 1.088457183971491965e-01 1.088457183971491965e-01 1.088457183971491965e-01 1.128103892183557749e-01 1.208620182827640221e-01 1.319725904947421646e-01 1.450195872085959237e-01 1.592304191595218521e-01 1.740735608118606226e-01 1.891753008156466520e-01 2.042701494200371559e-01 2.191688462730568832e-01 2.337366527978610442e-01 2.478783122661959160e-01 2.615275151023665479e-01 2.746394478616973611e-01 2.871854628683677690e-01 2.991492114970006333e-01 3.105237922226692926e-01 3.213096065797775291e-01 3.315127131856812071e-01 3.411435364279880034e-01 3.502158320595094576e-01 3.587458433386632728e-01 3.667516028651299775e-01 3.742523498337678722e-01 3.812680420930700809e-01 3.878189485934469549e-01 3.939253116091669393e-01 3.996070703139835145e-01 4.048836384816607015e-01 4.097737297041789684e-01 4.142952238734705084e-01 4.184650689488300102e-01 4.222992123381720253e-01 4.258125566019099750e-01 4.290189346476447896e-01 4.319311001033503961e-01 4.345607291076780676e-01 4.369184303088151089e-01 4.390137603927112275e-01 4.408552429487142543e-01 4.424503889141000457e-01 4.438057172132645056e-01 4.449267745222058590e-01 4.458181533476731073e-01 4.464835078187138762e-01 4.469255667533372778e-01 4.471461436921922994e-01 4.471461436921922994e-01
1.113061499251753739e-01 1.113061499251753739e-01 1.117095776343458718e-01 1.129843024203527613e-01 1.182566277914489927e-01 1.270290593888305231e-01 1.383232017680324222e-01 1.512644621666630329e-01 1.652126704070048802e-01 1.797139481195112742e-01 1.944426191592329156e-01 2.091618423024970419e-01 2.236983002252981578e-01 2.379252658647009744e-01 2.517507785978162493e-01 2.651091512289301955e-01 2.779547607414069588e-01 2.902574491115711974e-01 3.019990744855866049e-01 3.131708897873763942e-01 3.237715193748191833e-01 3.338053705438906449e-01 3.432813641739533850e-01 3.522119030218377467e-01 3.606120207402611078e-01 3.684986721552182543e-01 3.758901375147588597e-01 3.828055216784024828e-01 3.892643345998568205e-01 3.952861427922431670e-01 4.008902834104775548e-01 4.060956336509821130e-01 4.109204287372435482e-01 4.153821220997397368e-01 4.194972816424835660e-01 4.232815163106985468e-01 4.267494275732041653e-01 4.299145809097574822e-01 4.327894929277096847e-01 4.353856302949211665e-01 4.377134172376430099e-01 4.397822488882163205e-01 4.416005082598162268e-01 4.431755850629220395e-01 4.445138949557826957e-01 4.456208981388775636e-01 4.465011164647629816e-01 4.471581484456144118e-01 4.475946817082702145e-01 4.478125025783122881e-01 4.478125025783122881e-01
1.180604022366483902e-01 1.180604022366483902e-01 1.190561662801464249e-01 1.216427753414410784e-01 1.275820964778263955e-01 1.364098732500712008e-01 1.473952229961891791e-01 1.598601787778622108e-01 1.732673086685907748e-01 1.872130752863904457e-01 2.013979440227229301e-01 2.155990958788374101e-01 2.296502862943066992e-01 2.434275972056619552e-01 2.568392725858409387e-01 2.698183167905061075e-01 2.823169980858842854e-01 2.943026996295677322e-01 3.057547424319590479e-01 3.166619186957850829e-01 3.270205490597111742e-01 3.368329293882677544e-01 3.461060701569601550e-01 3.548506587979873839e-01 3.630801953773715729e-01 3.708102664871309462e-01 3.780579325480141195e-01 3.848412108163491441e-01 3.911786410699271688e-01 3.970889238743917637e-01 4.025906230514575412e-01 4.077019249243429844e-01 4.124404474408616683e-01 4.168230926097729050e-01 4.208659359843006653e-01 4.245841472714095288e-01 4.279919365680106003e-01 4.311025212231814341e-01 4.339281088771502759e-01 4.364798928041183079e-01 4.387680562581129928e-01 4.408017830649016977e-01 4.425892722011194880e-01 4.441377545436695495e-01 4.454535103536895191e-01 4.465418863803188865e-01 4.474073117339098515e-01 4.480533118922009339e-01 4.484825203734650878e-01 4.486966877454229841e-01 4.486966877454229841e-01
1.290858496178128867e-01 1.290858496178128867e-01 1.305380835907449799e-01 1.338786385702386839e-01 1.399172374341100811e-01 1.483905152319430210e-01 1.587695216902302586e-01 1.705210614005673864e-01 1.831904248826871640e-01 1.964155274373819149e-01 2.099161197043764859e-01 2.234775795306838952e-01 2.369362499748058071e-01 2.501678454549121078e-01 2.630786552292361247e-01 2.755989112757791237e-01 2.876777523987164020e-01 2.992793557208417443e-01 3.103799263718265422e-01 3.209653235054049647e-01 3.310291623470512090e-01 3.405712757236947219e-01 3.495964501978888195e-01 3.581133751902936257e-01 3.661337606282079604e-01 3.736715912019394903e-01 3.807424942944581114e-01 3.873632048760493607e-01 3.935511147847488567e-01 3.993238964070057739e-01 4.046991923072896236e-01 4.096943632194992579e-01 4.143262873074035624e-01 4.186112039397134055e-01 4.225645955439106261e-01 4.262011014740723636e-01 4.295344582768791386e-01 4.325774612610194247e-01 4.353419428455269080e-01 4.378387637531613863e-01 4.400778136975322385e-01 4.420680187640420589e-01 4.438173531883587430e-01 4.453328536821943850e-01 4.466206348408384152e-01 4.476859044909017316e-01 4.485329781041225150e-01 4.491652916200011836e-01 4.495854121936844749e-01 4.497950465236164597e-01 4.497950465236164597e-01
1.432964511927272144e-01 1.432964511927272144e-01 1.449739488763906459e-01 1.485719638142663224e-01 1.544173592754498614e-01 1.623460710702877563e-01 1.719786671803054390e-01 1.828962438604050111e-01 1.947158936337052282e-01 2.071151633273609627e-01 2.198333395584526617e-01 2.326640162581430638e-01 2.454457088485075267e-01 2.580531697834054783e-01 2.703901525772131609e-01 2.823836230914239520e-01 2.939791893124839017e-01 3.051374936466456633e-01 3.158313470149008428e-01 3.260434302883344904e-01 3.357644298913632364e-01 3.449915075286972277e-01 3.537270296210727194e-01 3.619775015754193581e-01 3.697526667434845038e-01 3.770647408385529586e-01 3.839277604635270014e-01 3.903570298962115159e-01 3.963686539318805879e-01 4.019791468848128435e-01 4.072051092195120847e-01 4.120629640662309412e-01 4.165687463434744608e-01 4.207379375536126065e-01 4.245853396570608007e-01 4.281249818279244668e-01 4.313700543687220001e-01 4.343328646049727793e-01 4.370248101682359665e-01 4.394563656796435791e-01 4.416370794376461295e-01 4.435755772712781098e-01 4.452795712281461538e-01 4.467558712155497713e-01 4.480103981003712987e-01 4.490481970997940997e-01 4.498734505648207538e-01 4.504894894782120462e-01 4.508988031651399164e-01 4.511030468562155504e-01 4.511030468562155504e-01
1.596607115903600771e-01 1.596607115903600771e-01 1.613861216795614839e-01 1.649471181414181031e-01 1.704487398432321943e-01 1.777611162997011218e-01 1.866038412019793702e-01 1.966470588130467267e-01 2.075707326406921738e-01 2.190913274668602473e-01 2.309697696809729917e-01 2.430102240502116095e-01 2.550551779141439490e-01 2.669796137415839654e-01 2.786854899833206001e-01 2.900969533268556999e-01 3.011563442910127342e-01 3.118209178460074615e-01 3.220601616199921802e-01 3.318535965100239404e-01 3.411889609199824647e-01 3.500606990128780072e-01 3.584686910152034001e-01 3.664171784340660709e-01 3.739138488745888944e-01 3.809690542132779800e-01 3.875951425645766113e-01 3.938058891846046294e-01 3.996160146043389871e-01 4.050407802723630102e-01 4.100956531745519884e-01 4.147960315887572191e-01 4.191570245640177661e-01 4.231932780541896588e-01 4.269188409893997505e-01 4.303470649869740039e-01 4.334905318992505752e-01 4.363610039568443510e-01 4.389693918674729134e-01 4.413257368434942984e-01 4.434392031291007896e-01 4.453180781593448767e-01 4.469697779931379178e-01 4.484008561128502435e-01 4.496170140714230712e-01 4.506231127955497295e-01 4.514231836249810725e-01 4.520204383897087341e-01 4.524172780059826371e-01 4.526152992164186872e-01 4.526152992164186872e-01
1.774297278404720346e-01 1.774297278404720346e-01 1.790987853901474247e-01 1.824730733357738943e-01 1.875597112393937171e-01 1.942417635854192526e-01 2.023022831341948491e-01 2.114785798926266669e-01 2.215040632812471932e-01 2.321321535348652432e-01 2.431468874420885662e-01 2.543655134581675470e-01 2.656369313720191583e-01 2.768383451390115657e-01 2.878714219774898275e-01 2.986585841572440003e-01 3.091396880900734168e-01 3.192691564490823253e-01 3.290135429877241169e-01 3.383494771488950170e-01 3.472619287700210444e-01 3.557427376823286136e-01 3.637893615439277695e-01 3.714038044114224002e-01 3.785916968243457359e-01 3.853615049720650609e-01 3.917238517226833139e-01 3.976909360432542284e-01 4.032760398721890183e-01 4.084931131054536646e-01 4.133564283136988982e-01 4.178802973701009615e-01 4.220788425386506337e-01 4.259658148915814180e-01 4.295544532784311142e-01 4.328573774974226462e-01 4.358865098278737471e-01 4.386530196542492988e-01 4.411672865216525463e-01 4.434388775799932847e-01 4.454765359735977093e-01 4.472881772941800227e-01 4.488808917240093010e-01 4.502609499452957520e-01 4.514338112790517443e-01 4.524041328438420662e-01 4.531757787965760564e-01 4.537518289401759053e-01 4.541345861638618753e-01 4.543255823283957051e-01 4.543255823283957051e-01
1.960978337190293352e-01 1.960978337190293352e-01 1.976585220888399663e-01 2.007796134970951663e-01 2.054273353018441495e-01 2.114939526064207320e-01 2.188047592016476028e-01 2.271471865378447974e-01 2.362988361018014127e-01 2.460467937043046838e-01 2.561983688252155722e-01 2.665856191475492465e-01 2.770660257035956753e-01 2.875210781866357479e-01 2.978539050659772536e-01 3.079866086322799457e-01 3.178576522238148461e-01 3.274194590072030953e-01 3.366362774482106190e-01 3.454823155644665134e-01 3.539401223229974303e-01 3.619991865983936408e-01 3.696547240309310811e-01 3.769066254801705096e-01 3.837585451645966761e-01 3.902171107939007566e-01 3.962912414932613925e-01 4.019915619295041376e-01 4.073299028330555904e-01 4.123188792304502415e-01 4.169715383603007086e-01 4.213010696332990523e-01 4.253205692712563324e-01 4.290428525325415965e-01 4.324803067662896794e-01 4.356447789609922405e-01 4.385474919615200973e-01 4.411989841015944713e-01 4.436090676075623573e-01 4.457868017445070219e-01 4.477404772714257963e-01 4.494776093286180219e-01 4.510049363844396697e-01 4.523284233132609522e-01 4.534532670600319171e-01 4.543839036713862023e-01 4.551240157434545686e-01 4.556765395588401324e-01 4.560436713666626285e-01 4.562268724075919657e-01 4.562268724075919657e-01
2.153298118580107279e-01 2.153298118580107279e-01 2.167608281841391094e-01 2.196066038638889439e-01 2.238187194748868236e-01 2.292992682919826331e-01 2.359037398454048862e-01 2.434574202970075374e-01 2.517739614442144891e-01 2.606701826455972704e-01 2.699757143603143117e-01 2.795381780624221491e-01 2.892251654889009815e-01 2.989241900132079688e-01 3.085414934745649984e-01 3.180003001247265759e-01 3.272388805183390481e-01 3.362086296936847574e-01 3.448722630737288131e-01 3.532021736229866704e-01 3.611789607795031776e-01 3.687901251968309646e-01 3.760289164247734850e-01 3.828933189062529996e-01 3.893851623781996452e-01 3.955093443768821215e-01 4.012731542270087104e-01 4.066856892576306559e-01 4.117573549291501656e-01 4.164994411196532575e-01 4.209237671198092778e-01 4.250423880526364440e-01 4.288673555786032821e-01 4.324105259455383043e-01 4.356834087381254439e-01 4.386970500834668774e-01 4.414619445645910911e-01 4.439879706568106710e-01 4.462843451012101226e-01 4.483595922348709850e-01 4.502215248829735117e-01 4.518772339643115088e-01 4.533330844564741891e-01 4.545947158034837066e-01 4.556670452255647263e-01 4.565542727101490894e-01 4.572598867299182412e-01 4.577866699538823969e-01 4.581367043981248166e-01 4.583113756110804293e-01 4.583113756110804293e-01
2.349038987769872799e-01 2.349038987769872799e-01 2.362003003516563449e-01 2.387711790100162657e-01 2.425654589092648694e-01 2.474958180667304608e-01 2.534408770005384670e-01 2.602552145507502912e-01 2.677818684460442356e-01 2.758634454536506020e-01 2.843502681737624660e-01 2.931054715087276774e-01 3.020076100750902492e-01 3.109514853997595862e-01 3.198478220223583968e-01 3.286222711194745072e-01 3.372140723469617130e-01 3.455745859092990702e-01 3.536658215193960730e-01 3.614590340382499711e-01 3.689334200239854922e-01 3.760749285536338360e-01 3.828751883112139209e-01 3.893305473290599172e-01 3.954412194056877161e-01 4.012105304959630026e-01 4.066442583224882390e-01 4.117500585805291546e-01 4.165369711805604336e-01 4.210149999428998702e-01 4.251947590664298393e-01 4.290871796076292100e-01 4.327032691926719354e-01 4.360539182881935649e-01 4.391497465930014332e-01 4.420009834773807045e-01 4.446173768658143732e-01 4.470081255009355492e-01 4.491818301071109354e-01 4.511464595596834104e-01 4.529093287346472319e-01 4.544770852443851261e-01 4.558557027458561284e-01 4.570504789321514494e-01 4.580660366853022691e-01 4.589063271798531907e-01 4.595746339876346509e-01 4.600735774503830755e-01 4.604051187650756716e-01 4.605705633739550220e-01 4.605705633739550220e-01
2.546735295464508941e-01 2.546735295464508941e-01 2.558384329556341874e-01 2.581455290479761078e-01 2.615463584227246119e-01 2.659642321263622211e-01 2.712963965176494185e-01 2.774207146366056143e-01 2.842043501456105736e-01 2.915120959862308458e-01 2.992130498156377327e-01 3.071852660831634885e-01 3.153185519496407574e-01 3.235157927136633749e-01 3.316932227975951109e-01 3.397800017367387237e-01 3.477173712898112834e-01 3.554575896816969949e-01 3.629627737425655809e-01 3.702037314434819537e-01 3.771588339915838417e-01 3.838129548734063312e-01 3.901564897042743563e-01 3.961844627060462920e-01 4.018957210326957186e-01 4.072922155591899296e-01 4.123783652190675664e-01 4.171605009762325844e-01 4.216463847675794296e-01 4.258447981434369534e-01 4.297651948431701618e-01 4.334174111933162821e-01 4.368114280303906916e-01 4.399571778426631941e-01 4.428643909894272035e-01 4.455424751706966724e-01 4.480004227519128190e-01 4.502467410592773112e-01 4.522894013144685421e-01 4.541358024399645976e-01 4.557927465117848631e-01 4.572664231463150486e-01 4.585624005700914552e-01 4.596856215300361148e-01 4.606404025553796910e-01 4.614304353835762540e-01 4.620587896152793528e-01 4.625279158736808616e-01 4.628396489175961581e-01 4.629952103021440224e-01 4.629952103021440224e-01
2.745426980790330318e-01 2.745426980790330318e-01 2.755827739533407983e-01 2.776415806947864495e-01 2.806753561458191770e-01 2.846175063114924630e-01 2.893807424066989209e-01 2.948618866594984178e-01 3.009481284383175859e-01 3.075233281751114656e-01 3.144734153234907126e-01 3.216904641700922829e-01 3.290754197131433578e-01 3.365396545231117975e-01 3.440056130945057244e-01 3.514067981634984572e-01 3.586873155014427828e-01 3.658011452974015421e-01 3.727112625785127809e-01 3.793886915458554721e-01 3.858115502753747816e-01 3.919641219582669645e-01 3.978359750177500320e-01 4.034211452812144216e-01 4.087173874116336592e-01 4.137254988709733738e-01 4.184487170103013409e-01 4.228921879556796770e-01 4.270625045013848875e-01 4.309673090926721128e-01 4.346149571231185949e-01 4.380142351692510316e-01 4.411741284298235644e-01 4.441036315147264268e-01 4.468115968135689675e-01 4.493066149305438017e-01 4.515969220581667609e-01 4.536903296347395975e-01 4.555941721488617757e-01 4.573152694851193023e-01 4.588599007217892267e-01 4.602337867752432365e-01 4.614420797250866069e-01 4.624893570430297363e-01 4.633796192858551377e-01 4.641162901005710939e-01 4.647022176321030096e-01 4.651396766260736948e-01 4.654303706873653690e-01 4.655754342953923874e-01 4.655754342953923874e-01
2.944501547272186381e-01 2.944501547272186381e-01 2.953732679605713396e-01 2.972003425125335219e-01 2.998928934057585316e-01 3.033935678650796497e-01 3.076281505571774044e-01 3.125092103995178450e-01 3.179407635356791828e-01 3.238231132760260311e-01 3.300571994550090538e-01 3.365480875434171404e-01 3.432074888394190948e-01 3.499553730886310610e-01 3.567208196695929590e-01 3.634422784916079840e-01 3.700674023613590991e-01 3.765525874919841143e-01 3.828623296610011995e-01 3.889684764084379021e-01 3.948494331555469916e-01 4.004893637017081787e-01 4.058774126808066818e-01 4.110069683034799359e-01 4.158749771269143469e-01 4.204813178727145329e-01 4.248282378511455404e-01 4.289198529377881708e-01 4.327617100355788393e-01 4.363604094015510193e-01 4.397232830503156054e-01 4.428581246243787906e-01 4.457729656129663098e-01 4.484758925711843647e-01 4.509748999983253515e-01 4.532777737304021226e-01 4.553920000380358157e-01 4.573246960491608726e-01 4.590825575945328696e-01 4.606718210680373904e-01 4.620982363768599277e-01 4.633670485101495373e-01 4.644829856674438373e-01 4.654502522540994724e-01 4.662725253689614657e-01 4.669529536813286641e-01 4.674941578237336581e-01 4.678982316192102364e-01 4.681667436221225720e-01 4.683007385860261662e-01 4.683007385860261662e-01
3.143591713392425158e-01 3.143591713392425158e-01 3.151731807324322232e-01 3.167844487974869061e-01 3.191596711562089128e-01 3.222497781682773788e-01 3.259917357187289699e-01 3.303114061105042465e-01 3.351271211774460301e-01 3.403534529998596958e-01 3.459047222841321600e-01 3.516979453156409141e-01 3.576550888321631261e-01 3.637046299993886289e-01 3.697824958800785544e-01 3.758324918962409611e-01 3.818063354491751382e-01 3.876634014309978116e-01 3.933702697889203681e-01 3.989001471740917792e-01 4.042322179966812978e-01 4.093509661504942665e-01 4.142454974688329905e-01 4.189088843185531097e-01 4.233375471349203334e-01 4.275306826497696222e-01 4.314897446614424092e-01 4.352179801412346949e-01 4.387200210730733962e-01 4.420015305608316347e-01 4.450689003365782548e-01 4.479289958101493330e-01 4.505889441684743923e-01 4.530559607125342891e-01 4.553372085569771244e-01 4.574396869562996626e-01 4.593701438072068099e-01 4.611350082589523725e-01 4.627403397988169576e-01 4.641917906335681354e-01 4.654945786335576985e-01 4.666534685259772219e-01 4.676727594065388516e-01 4.685562769789230475e-01 4.693073692273466158e-01 4.699289044811488791e-01 4.704232710448539856e-01 4.707923777473522198e-01 4.710376549147740621e-01 4.711600553985871853e-01 4.711600553985871853e-01
3.342508159320836114e-01 3.342508159320836114e-01 3.349629862410527514e-01 3.363729133215068168e-01 3.384521038147595418e-01 3.411588378451256287e-01 3.444397353139531659e-01 3.482320417819161906e-01 3.524664219950321975e-01 3.570699340014824585e-01 3.619688661156302278e-01 3.670912047197754102e-01 3.723686074086002273e-01 3.777378479362888397e-01 3.831417632578638099e-01 3.885297689103860419e-01 3.938580233319639023e-01 3.990893218976210854e-01 4.041927937637155299e-01 4.091434635501967065e-01 4.139217282419365151e-01 4.185127889378595922e-01 4.229060678252125616e-01 4.270946330988845685e-01 4.310746483251738370e-01 4.348448577264795167e-01 4.384061148083344683e-01 4.417609584805192724e-01 4.449132382095150051e-01 4.478677876904795241e-01 4.506301449775548806e-01 4.532063159056401447e-01 4.556025769194573249e-01 4.578253130383443947e-01 4.598808865665477419e-01 4.617755322476400082e-01 4.635152748001413747e-01 4.651058651078706085e-01 4.665527317296002119e-01 4.678609448039397489e-01 4.690351898315520685e-01 4.700797492004464839e-01 4.709984896704718649e-01 4.717948543449341225e-01 4.724718579290835274e-01 4.730320843084231397e-01 4.734776856775504972e-01 4.738103826167026078e-01 4.740314646530119913e-01 4.741417909614721871e-01 4.741417909614721871e-01
3.541194712843705461e-01 3.541194712843705461e-01 3.547362028841903325e-01 3.559574220538527789e-01 3.577589996552348328e-01 3.601057246641943821e-01 3.629526347127991492e-01 3.662468573184420317e-01 3.699298213542249192e-01 3.739396224850313755e-01 3.782133203135809585e-01 3.826889905116201973e-01 3.873074220888921282e-01 3.920134145258128422e-01 3.967566795398276280e-01 4.014923846967723975e-01 4.061813930085138025e-01 4.107902581290138189e-01 4.152910328889165559e-01 4.196609430214887082e-01 4.238819703571006237e-01 4.279403819320636293e-01 4.318262341322872677e-01 4.355328744946715402e-01 4.390564581904913832e-01 4.423954914684609663e-01 4.455504103562599738e-01 4.485231996252486697e-01 4.513170543450925609e-01 4.539360842362969439e-01 4.563850594174754249e-01 4.586691949873993313e-01 4.607939711216553214e-01 4.627649849376149205e-01 4.645878302247298253e-01 4.662680011865569796e-01 4.678108165378428440e-01 4.692213605932472054e-01 4.705044383316154821e-01 4.716645417880834246e-01 4.727058254915731395e-01 4.736320890110004012e-01 4.744467649897440298e-01 4.751529113296258378e-01 4.757532064314876630e-01 4.762499466106051571e-01 4.766450449844785719e-01 4.769400312817256293e-01 4.771360521480623174e-01 4.772338716329835306e-01 4.772338716329835306e-01
3.739698189044629584e-01 3.739698189044629584e-01 3.744965375835533905e-01 3.755397094217899912e-01 3.770791381038121060e-01 3.790854029877508413e-01 3.815209674132465367e-01 3.843416621271940059e-01 3.874984446894164103e-01 3.909392864691743630e-01 3.946110293108667788e-01 3.984610781768532228e-01 4.024388381235572409e-01 4.064968487645594375e-01 4.105916073948804312e-01 4.146840993036619571e-01 4.187400704594748668e-01 4.227300856379637706e-01 4.266294166778153429e-01 4.304178032068402548e-01 4.340791236712433498e-01 4.376010090650530038e-01 4.409744261587312253e-01 4.441932516905039985e-01 4.472538541175436477e-01 4.501546952107167154e-01 4.528959600391155860e-01 4.554792207248711255e-01 4.579071367375694424e-01 4.601831924143706121e-01 4.623114707999400608e-01 4.642964617523606674e-01 4.661429015008199395e-01 4.678556404053827444e-01 4.694395354938466491e-01 4.708993643728787704e-01 4.722397572733227356e-01 4.734651442436194624e-01 4.745797148106750685e-01 4.755873877533799976e-01 4.764917889579378674e-01 4.772962356311509224e-01 4.780037254287205495e-01 4.786169293058989971e-01 4.791381871163037931e-01 4.795695051724127578e-01 4.799125551407335544e-01 4.801686737792107418e-01 4.803388631378164297e-01 4.804237909392782280e-01 4.804237909392782280e-01
3.938148051184101051e-01 3.938148051184101051e-01 3.942559277113938943e-01 3.951297089067953294e-01 3.964195109795171645e-01 3.981011171031474394e-01 4.001436361255745755e-01 4.025106887702131209e-01 4.051618026809593598e-01 4.080539116412160161e-01 4.111428452730950256e-01 4.143847084341926168e-01 4.177370760964543850e-01 4.211599603744496934e-01 4.246165346665286555e-01 4.280736219695573941e-01 4.315019693851598337e-01 4.348763393382678033e-01 4.381754514769795605e-01 4.413818091259125165e-01 4.444814418286287538e-01 4.474635919298236009e-01 4.503203690016431837e-01 4.530463916543170377e-01 4.556384321615390420e-01 4.580950755376173578e-01 4.604164013203543848e-01 4.626036933921832128e-01 4.646591807335639923e-01 4.665858100443126544e-01 4.683870496671260208e-01 4.700667231628368747e-01 4.716288701661568439e-01 4.730776317338316050e-01 4.744171572221798638e-01 4.756515297384389385e-01 4.767847073465474872e-01 4.778204774274505406e-01 4.787624218599390025e-01 4.796138909724844690e-01 4.803779844993916193e-01 4.810575380424629843e-01 4.816551137842817742e-01 4.821729944171964100e-01 4.826131794421918420e-01 4.829773831550256968e-01 4.832670337755551326e-01 4.834832732930285371e-01 4.836269576985230412e-01 4.836986573590119631e-01 4.836986573590119631e-01
4.136742860092338381e-01 4.136742860092338381e-01 4.140332162944200811e-01 4.147442681606199888e-01 4.157940628270758721e-01 4.171631325190832129e-01 4.188266398692322423e-01 4.207553095325378689e-01 4.229165184438639646e-01 4.252754699801498672e-01 4.277963698163204098e-01 4.304435280377318929e-01 4.331823288724186427e-01 4.359800305435425627e-01 4.388063784257745237e-01 4.416340319605526199e-01 4.444388184378635920e-01 4.471998348117569577e-01 4.498994228748632862e-01 4.525230442993793400e-01 4.550590811564642624e-01 4.574985853024108873e-01 4.598349970403996512e-01 4.620638501440192947e-01 4.641824769519325433e-01 4.661897240105820628e-01 4.680856857872274790e-01 4.698714613837051690e-01 4.715489369981122891e-01 4.731205951208110050e-01 4.745893500998339953e-01 4.759584087354609694e-01 4.772311539168356820e-01 4.784110489397295773e-01 4.795015599867921696e-01 4.805060942554433279e-01 4.814279513354626783e-01 4.822702856275314365e-01 4.830360778229939589e-01 4.837281137094354699e-01 4.843489688089496203e-01 4.849009975847400900e-01 4.853863261602684998e-01 4.858068476802948066e-01 4.861642196041879860e-01 4.864598623597793936e-01 4.866949589028181644e-01 4.868704548253355857e-01 4.869870587387711280e-01 4.870452427274201135e-01 4.870452427274201135e-01
4.335741594335721372e-01 4.335741594335721372e-01 4.338532890705048550e-01 4.344062867122183702e-01 4.352228141523148408e-01 4.362878266360850632e-01 4.375821212603699384e-01 4.390830428578331723e-01 4.407653088624429172e-01 4.426019004643533816e-01 4.445649613935133693e-01 4.466266489375301241e-01 4.487598922302546978e-01 4.509390270414280755e-01 4.531402910376641779e-01 4.553421765183599534e-01 4.575256478009198657e-01 4.596742374545681464e-01 4.617740397224073812e-01 4.638136212460028385e-01 4.657838691960288768e-01 4.676777956517493839e-01 4.694903150091717658e-01 4.712180086875645824e-01 4.728588887193457269e-01 4.744121691534169405e-01 4.758780517245424502e-01 4.772575300409699350e-01 4.785522146774096597e-01 4.797641800535960566e-01 4.808958328241747515e-01 4.819498006761822606e-01 4.829288398843516461e-01 4.838357596629619395e-01 4.846733612254621737e-01 4.854443894719425723e-01 4.861514953276281914e-01 4.867972069179337113e-01 4.873839079597154789e-01 4.879138219536602317e-01 4.883890009649556885e-01 4.888113179691667143e-01 4.891824619123336659e-01 4.895039347862747414e-01 4.897770501515978370e-01 4.900029326529860563e-01 4.901825181657502584e-01 4.903165542916519404e-01 4.904056009880132794e-01 4.904500311695554338e-01 4.904500311695554338e-01
4.535458630839695471e-01 4.535458630839695471e-01 4.537465628634462234e-01 4.541441812189622729e-01 4.547312865148028793e-01 4.554970575973576463e-01 4.564276698737604332e-01 4.575067925452679374e-01 4.587161716637502273e-01 4.600362640168974004e-01 4.614468819920167220e-01 4.629278105825217482e-01 4.644593636924996827e-01 4.660228559153353767e-01 4.676009759419085809e-01 4.691780570777114301e-01 4.707402480463925287e-01 4.722755929371664219e-01 4.737740328276660029e-01 4.752273435238335564e-01 4.766290243426162809e-01 4.779741522746227544e-01 4.792592145287894456e-01 4.804819306623791531e-01 4.816410734725079523e-01 4.827362957579083291e-01 4.837679680944279581e-01 4.847370310046099640e-01 4.856448634011334975e-01 4.864931679722863112e-01 4.872838732536692308e-01 4.880190514723845574e-01 4.887008508232290049e-01 4.893314405997576388e-01 4.899129675140954654e-01 4.904475215583905534e-01 4.909371098531933875e-01 4.913836370653625329e-01 4.917888911382563566e-01 4.921545332437696207e-01 4.924820910281067499e-01 4.927729543740275164e-01 4.930283730378139384e-01 4.932494556378379524e-01 4.934371695733533736e-01 4.935923415380610302e-01 4.937156583646750141e-01 4.938076679960937132e-01 4.938687804278115712e-01 4.938992685068791522e-01 4.938992685068791522e-01
4.736261639558302927e-01 4.736261639558302927e-01 4.737487557289752349e-01 4.739916162252315601e-01 4.743501741635082758e-01 4.748177605085522335e-01 4.753858338320255950e-01 4.760442748858750850e-01 4.767817377485738528e-01 4.775860382301662654e-01 4.784445559825596384e-01 4.793446259906638529e-01 4.802738976388117309e-01 4.812206443872018569e-01 4.821740130395501533e-01 4.831242075687247062e-01 4.840626077523335069e-01 4.849818270559690392e-01 4.858757171582123169e-01 4.867393282868667792e-01 4.875688352792814650e-01 4.883614391871268223e-01 4.891152535271468538e-01 4.898291831372545979e-01 4.905028022158243739e-01 4.911362366578727601e-01 4.917300543793401979e-01 4.922851660297159482e-01 4.928027373900530916e-01 4.932841138643609402e-01 4.937307567995188329e-01 4.941441908965928942e-01 4.945259616780043332e-01 4.948776018182343139e-01 4.952006050977167950e-01 4.954964067696121521e-01 4.957663692108530973e-01 4.960117718407789922e-01 4.962338044164747997e-01 4.964335629418439866e-01 4.966120475496361153e-01 4.967701618273391850e-01 4.969087131566669036e-01 4.970284137215212894e-01 4.971298819111987788e-01 4.972136439052380896e-01 4.972801352751131665e-01 4.973297024775135688e-01 4.973626041458023561e-01 4.973790121119190388e-01 4.973790121119190388e-01
4.938571964550782512e-01 4.938571964550782512e-01 4.939008980964378348e-01 4.939874623780314833e-01 4.941152261448221172e-01 4.942817355823770908e-01 4.944838039624315784e-01 4.947175980992489785e-01 4.949787543432743742e-01 4.952625202381328862e-01 4.955639137688279683e-01 4.958778895075627857e-01 4.961995002808261557e-01 4.965240440177898784e-01 4.968471876671969323e-01 4.971650628950919915e-01 4.974743311906846266e-01 4.977722186459288545e-01 4.980565228122712518e-01 4.983255955709557927e-01 4.985783068675583296e-01 4.988139945082872284e-01 4.990324050890093677e-01 4.992336306452575534e-01 4.994180448964057883e-01 4.995862421259955055e-01 4.997389808913199061e-01 4.998771339635982858e-01 5.000016452147665325e-01 5.001134936138039722e-01 5.002136640807597345e-01 5.003031246621073569e-01 5.003828093195352711e-01 5.004536055441674014e-01 5.005163459971200268e-01 5.005718034143783468e-01 5.006206880815048388e-01 5.006636472674125260e-01 5.007012660957971262e-01 5.007340694204179821e-01 5.007625243515372304e-01 5.007870431528602673e-01 5.008079862901668733e-01 5.008256654644421824e-01 5.008403465043336222e-01 5.008522520261693423e-01 5.008615637957635203e-01 5.008684247459875838e-01 5.008729406187814037e-01 5.008751812109787371e-01 5.008751812109787371e-01
5.142867298265714204e-01 5.142867298265714204e-01 5.142495656106691460e-01 5.141759623537526247e-01 5.140673176874310801e-01 5.139256045297431186e-01 5.137532439017337138e-01 5.135529649443757449e-01 5.133276685761636315e-01 5.130803077450974969e-01 5.128137923417553923e-01 5.125309218293627733e-01 5.122343444344008567e-01 5.119265388050228127e-01 5.116098124802382907e-01 5.112863111569515562e-01 5.109580332933414404e-01 5.106268457022159479e-01 5.102944971462735069e-01 5.099626282898848117e-01 5.096327775102036384e-01 5.093063829264140585e-01 5.089847815428124589e-01 5.086692066452436212e-01 5.083607845998660002e-01 5.080605320507978195e-01 5.077693542700416618e-01 5.074880451393453118e-01 5.072172889835542264e-01 5.069576642562344526e-01 5.067096489139754079e-01 5.064736272077952073e-01 5.062498975630034259e-01 5.060386812032497961e-01 5.058401311894079599e-01 5.056543415789609419e-01 5.054813564576733365e-01 5.053211786454662180e-01 5.051737779275007334e-01 5.050390987061958992e-01 5.049170670083896750e-01 5.048075968133675095e-01 5.047105956919986092e-01 5.046259697652635268e-01 5.045536280027554943e-01 5.044934858891917395e-01 5.044454684904274844e-01 5.044095129507559783e-01 5.043855704511093219e-01 5.043736076537584934e-01 5.043736076537584934e-01
5.349686645550354447e-01 5.349686645550354447e-01 5.348473318793448561e-01 5.346070997479569487e-01 5.342527017359666175e-01 5.337909206876580992e-01 5.332302460300565317e-01 5.325804734671812923e-01 5.318522830016039205e-01 5.310568282348528957e-01 5.302053632789948123e-01 5.293089251117544247e-01 5.283780805014144377e-01 5.274227389959770251e-01 5.264520276642659091e-01 5.254742195376206348e-01 5.244967058830194429e-01 5.235260021591719992e-01 5.225677782909803337e-01 5.216269052853236277e-01 5.207075118251311974e-01 5.198130460516163787e-01 5.189463391171947881e-01 5.181096681945559501e-01 5.173048174550014533e-01 5.165331361140799160e-01 5.157955930344901851e-01 5.150928276272607187e-01 5.144251969480865272e-01 5.137928189820075708e-01 5.131956121713239227e-01 5.126333312845869905e-01 5.121055997575367780e-01 5.116119386641646560e-01 5.111517924990230943e-01 5.107245519705212455e-01 5.103295740187533402e-01 5.099661992800377242e-01 5.096337672236717076e-01 5.093316291846846644e-01 5.090591595100942834e-01 5.088157650260417553e-01 5.086008930199816813e-01 5.084140379166167678e-01 5.082547468092023513e-01 5.081226239898216646e-01 5.080173346037454296e-01 5.079386075343843565e-01 5.078862376068975504e-01 5.078600871803323757e-01 5.078600871803323757e-01
5.559637747091253912e-01 5.559637747091253912e-01 5.557534552667263705e-01 5.553371796632399215e-01 5.547234419458174637e-01 5.539244256384053822e-01 5.529553973964561608e-01 5.518339925296759096e-01 5.505794541556312538e-01 5.492118843381581517e-01 5.477515555903648137e-01 5.462183172311033674e-01 5.446311161130921175e-01 5.430076375526101673e-01 5.413640614049733957e-01 5.397149207723447306e-01 5.380730467009691154e-01 5.364495808643203745e-01 5.348540388785312238e-01 5.332944087977264935e-01 5.317772718488670280e-01 5.303079351157986565e-01 5.288905683661432322e-01 5.275283393693209755e-01 5.262235438195592696e-01 5.249777273609664840e-01 5.237917982557322993e-01 5.226661299990912335e-01 5.216006537247882546e-01 5.205949406151739733e-01 5.196482747743202957e-01 5.187597171748653535e-01 5.179281613754977975e-01 5.171523817451422200e-01 5.164310749358969055e-01 5.157628953297246355e-01 5.151464851511541321e-01 5.145804998952484555e-01 5.140636296708549491e-01 5.135946170066618688e-01 5.131722716140553198e-01 5.127954825478386880e-01 5.124632281546432910e-01 5.121745841501293972e-01 5.119287301202507523e-01 5.117249546991705644e-01 5.115626596368557655e-01 5.114413629327975164e-01 5.113607011784518930e-01 5.113204312195009926e-01 5.113204312195009926e-01
5.773407311671991948e-01 5.773407311671991948e-01 5.770348302393194517e-01 5.764296431866379189e-01 5.755380381957285740e-01 5.743784508642300057e-01 5.729739418898109893e-01 5.713510877743921412e-01 5.695388019678688796e-01 5.675671786691425247e-01 5.654664355193240732e-01 5.632660089820695770e-01 5.609938320612669616e-01 5.586758021060531654e-01 5.563354292709683513e-01 5.539936446642865775e-01 5.516687410524340196e-01 5.493764171957159492e-01 5.471298982027988922e-01 5.449401074886391916e-01 5.428158700045752072e-01 5.407641306617471111e-01 5.387901758363494720e-01 5.368978492873900388e-01 5.350897566469656752e-01 5.333674548688213113e-01 5.317316247055930978e-01 5.301822255139005957e-01 5.287186325481184612e-01 5.273397574800352539e-01 5.260441532426560762e-01 5.248301044992260689e-01 5.236957051280424214e-01 5.226389241242485051e-01 5.216576612774511679e-01 5.207497939077597726e-01 5.199132158466179821e-01 5.191458697424898849e-01 5.184457736620009527e-01 5.178110428492456174e-01 5.172399074027290711e-01 5.167307265326739341e-01 5.162819999722083608e-01 5.158923770345917870e-01 5.155606637350815813e-01 5.152858283298772379e-01 5.150670055652235568e-01 5.149034998764576709e-01 5.147947877287561980e-01 5.147405192477053637e-01 5.147405192477053637e-01
5.991774615165785800e-01 5.991774615165785800e-01 5.987672524958785880e-01 5.979561527835294266e-01 5.967622654993738340e-01 5.952114674657966731e-01 5.933360244856058507e-01 5.911729693635804361e-01 5.887623909761132701e-01 5.861457733555619498e-01 5.833644972822656927e-01 5.804585806710919060e-01 5.774656961176772851e-01 5.744204706916783421e-01 5.713540480581663639e-01 5.682938772531763716e-01 5.652636850192387374e-01 5.622835876204529404e-01 5.593703013649903300e-01 5.565374167572070263e-01 5.537957078158093349e-01 5.511534546385906674e-01 5.486167631887280960e-01 5.461898712518862276e-01 5.438754335038691323e-01 5.416747816946944072e-01 5.395881582177202151e-01 5.376149229339333147e-01 5.357537342008972248e-01 5.340027057371423691e-01 5.323595413398485299e-01 5.308216496499713610e-01 5.293862411892984454e-01 5.280504098273272051e-01 5.268112007085117288e-01 5.256656665084250557e-01 5.246109137091449215e-01 5.236441404022126322e-01 5.227626669501619361e-01 5.219639606699852941e-01 5.212456555469596742e-01 5.206055678463207270e-01 5.200417083636619253e-01 5.195522919421942110e-01 5.191357447852484874e-01 5.187907100044650832e-01 5.185160517666737023e-01 5.183108583341361486e-01 5.181744442322142596e-01 5.181063517242605609e-01 5.181063517242605609e-01
6.215629287237773859e-01 6.215629287237773859e-01 6.210370704020118371e-01 6.199980033791483436e-01 6.184702577944765078e-01 6.164887900100857188e-01 6.140969996547880339e-01 6.113444239946311809e-01 6.082843324921158867e-01 6.049714268246586535e-01 6.014598068893362015e-01 5.978013046583114942e-01 5.940442288813397864e-01 5.902325145784529381e-01 5.864052368606663679e-01 5.825964292024751190e-01 5.788351394022278606e-01 5.751456585074485872e-01 5.715478654047640994e-01 5.680576397005654421e-01 5.646873059266864781e-01 5.614460817606208298e-01 5.583405112289513417e-01 5.553748705610938030e-01 5.525515395273210562e-01 5.498713349114278115e-01 5.473338054662592045e-01 5.449374895141538833e-01 5.426801374956635726e-01 5.405589024169084045e-01 5.385705014416457548e-01 5.367113519292899815e-01 5.349776851178531523e-01 5.333656404518996030e-01 5.318713433033932514e-01 5.304909685577419154e-01 5.292207922584903912e-01 5.280572332348323350e-01 5.269968863841113516e-01 5.260365490508733810e-01 5.251732417364615157e-01 5.244042241886170963e-01 5.237270077580692407e-01 5.231393647669848601e-01 5.226393355104593796e-01 5.222252334048094191e-01 5.218956487031541913e-01 5.216494511175284732e-01 5.214857916155745121e-01 5.214041035968134397e-01 5.214041035968134397e-01
6.445994457609297568e-01 6.445994457609297568e-01 6.439433259273569243e-01 6.426479364379718007e-01 6.407458801202809973e-01 6.382834415876961209e-01 6.353177774151207435e-01 6.319136782933136853e-01 6.281402381055325446e-01 6.240677314905730411e-01 6.197649245271281693e-01 6.152969473721235927e-01 6.107237668336917835e-01 6.060992263441608019e-01 6.014705760908020116e-01 5.968783952167378004e-01 5.923568052854710775e-01 5.879338830437053076e-01 5.836321952500764798e-01 5.794693948507392278e-01 5.754588335132050370e-01 5.716101591476087096e-01 5.679298780690829052e-01 5.644218699186464017e-01 5.610878496600382181e-01 5.579277753051484767e-01 5.549402028964631750e-01 5.521225920547854216e-01 5.494715663870792799e-01 5.469831334820935975e-01 5.446528692828537244e-01 5.424760714496559277e-01 5.404478860112811311e-01 5.385634112129074058e-01 5.368177820519944854e-01 5.352062385777012210e-01 5.337241806333402616e-01 5.323672113552682106e-01 5.311311714104147708e-01 5.300121656597761577e-01 5.290065836758404139e-01 5.281111153158787319e-01 5.273227623574445744e-01 5.266388470340198635e-01 5.260570181642102439e-01 5.255752554440138447e-01 5.251918723653951071e-01 5.249055181328582398e-01 5.247151788703326991e-01 5.246201783410543440e-01 5.246201783410543440e-01
6.684056918777150358e-01 6.684056918777150358e-01 6.676005302947176645e-01 6.660124642506849435e-01 6.636844468425432408e-01 6.606771848907393441e-01 6.570651643163538669e-01 6.529321153642979603e-01 6.483664260246705391e-01 6.434569484353239721e-01 6.382895081149285721e-01 6.329442677257844929e-01 6.274939575691832472e-01 6.220028866559618175e-01 6.165265946763387461e-01 6.111119886138338675e-01 6.057978160173312920e-01 6.006153486570455780e-01 5.955891768750405380e-01 5.907380409839686486e-01 5.860756487408721460e-01 5.816114461780795830e-01 5.773513229196726160e-01 5.732982430873249102e-01 5.694527997321152668e-01 5.658136951492941380e-01 5.623781520820346769e-01 5.591422622191566383e-01 5.561012789426317271e-01 5.532498612812749572e-01 5.505822756909418692e-01 5.480925617572532937e-01 5.457746673043788466e-01 5.436225577577633583e-01 5.416303039902202743e-01 5.397921523029000079e-01 5.381025796672548323e-01 5.365563368857689808e-01 5.351484819177882990e-01 5.338744052593374922e-01 5.327298489579097573e-01 5.317109205797441174e-01 5.308141032227384759e-01 5.300362624777582576e-01 5.293746510798337246e-01 5.288269118541820690e-01 5.283910794461325056e-01 5.280655812253225445e-01 5.278492376697503374e-01 5.277412624615990255e-01 5.277412624615990255e-01
6.931206647864530668e-01 6.931206647864530668e-01 6.921422786702976504e-01 6.902148526743155932e-01 6.873948606297302089e-01 6.837617161646490915e-01 6.794121281617038210e-01 6.744537255221034755e-01 6.689987378776497406e-01 6.631583956588212869e-01 6.570384699949046725e-01 6.507361085924587840e-01 6.443379115535871060e-01 6.379190602947859556e-01 6.315432580819793085e-01 6.252632407531931724e-01 6.191216474034808570e-01 6.131520845562002942e-01 6.073802617216991218e-01 6.018251150377802450e-01 5.964998666029657226e-01 5.914129901308107229e-01 5.865690697310277368e-01 5.819695493722191193e-01 5.776133772764650010e-01 5.734975533075805654e-01 5.696175892619714798e-01 5.659678925382789494e-01 5.625420834385009838e-01 5.593332556762382612e-01 5.563341887619792647e-01 5.535375199454550810e-01 5.509358824098863350e-01 5.485220154836332185e-01 5.462888517878514705e-01 5.442295854849584780e-01 5.423377251331282789e-01 5.406071340820856053e-01 5.390320608576905093e-01 5.376071615683942762e-01 5.363275160165517086e-01 5.351886389030915403e-01 5.341864872671125974e-01 5.333174650953116380e-01 5.325784258633324830e-01 5.319666736264998530e-01 5.314799631560749305e-01 5.311164995148518475e-01 5.308749373789324322e-01 5.307543803376101321e-01 5.307543803376101321e-01
7.189089012660503375e-01 7.189089012660503375e-01 7.177259931919190983e-01 7.153989687442811052e-01 7.120022679063415794e-01 7.076400008220781190e-01 7.024378662612473789e-01 6.965341069297176224e-01 6.900707573001042539e-01 6.831861905209740682e-01 6.760095187889914037e-01 6.686569547668395064e-01 6.612299256946834181e-01 6.538145731456391774e-01 6.464822372953874519e-01 6.392905655746187188e-01 6.322849592036697830e-01 6.255001495997950522e-01 6.189617655985300004e-01 6.126878066164682668e-01 6.066899762352907510e-01 6.009748574526780907e-01 5.955449279161281195e-01 5.903994235412615144e-01 5.855350642313591480e-01 5.809466576282168448e-01 5.766275971249050780e-01 5.725702695696457400e-01 5.687663867188569311e-01 5.652072528920484284e-01 5.618839796437219425e-01 5.587876567118236215e-01 5.559094870864296212e-01 5.532408927893899264e-01 5.507735968681958250e-01 5.484996861765926157e-01 5.464116587259788549e-01 5.445024587287751183e-01 5.427655019009310911e-01 5.411946931297240138e-01 5.397844382306521416e-01 5.385296512008728165e-01 5.374257581153086827e-01 5.364686985958340149e-01 5.356549256058429354e-01 5.349814041752429805e-01 5.344456095387626338e-01 5.340455250685843813e-01 5.337796402966028531e-01 5.336469492485229615e-01 5.336469492485229615e-01
7.459674399610938256e-01 7.459674399610938256e-01 7.445392080586711314e-01 7.417342853033210837e-01 7.376513534782416226e-01 7.324276932082168790e-01 7.262274728589555028e-01 7.192287267876500412e-01 7.116111216176276288e-01 7.035460689758873398e-01 6.951898686040062225e-01 6.866798072010666942e-01 6.781326903849389520e-01 6.696451310813578139e-01 6.612949547084610025e-01 6.531432073286594919e-01 6.452363980427633372e-01 6.376087354387287576e-01 6.302842171795266513e-01 6.232785016874859974e-01 6.166005364614519646e-01 6.102539451230605261e-01 6.042381904379775515e-01 5.985495376575022952e-01 5.931818446964727265e-01 5.881272050124163320e-01 5.833764669356279464e-01 5.789196504561641143e-01 5.747462795909780153e-01 5.708456457003558970e-01 5.672070146283431091e-01 5.638197883565476687e-01 5.606736299882927321e-01 5.577585593001838093e-01 5.550650247795024805e-01 5.525839569738113521e-01 5.503068070799398415e-01 5.482255739620867097e-01 5.463328221858454459e-01 5.446216931630127878e-01 5.430859111012306117e-01 5.417197851262423036e-01 5.405182086790236706e-01 5.394766570739245592e-01 5.385911839278499924e-01 5.378584170267296516e-01 5.372755540777097716e-01 5.368403586984128451e-01 5.365511569138784465e-01 5.364068343637471425e-01 5.364068343637471425e-01
7.745352013889093001e-01 7.745352013889093001e-01 7.728079962145258941e-01 7.694224681578353264e-01 7.645104344440588617e-01 7.582545130431507241e-01 7.508708551537280895e-01 7.425899828878751441e-01 7.336394673315147497e-01 7.242308979901818100e-01 7.145518399873604931e-01 7.047622054459475871e-01 6.949939006539987973e-01 6.853525651066018076e-01 6.759204314315075957e-01 6.667596175016768933e-01 6.579154160536843099e-01 6.494193392730799319e-01 6.412918058590904025e-01 6.335444385444918280e-01 6.261819854403456453e-01 6.192039011420261696e-01 6.126056322328421455e-01 6.063796526767325501e-01 6.005162914070071301e-01 5.950043894729144522e-01 5.898318186904555338e-01 5.849858885375697204e-01 5.804536633532130230e-01 5.762222078560259586e-01 5.722787755924538811e-01 5.686109521040207948e-01 5.652067622952540171e-01 5.620547496096159890e-01 5.591440331074486458e-01 5.564643473224605286e-01 5.540060687962025110e-01 5.517602324070154385e-01 5.497185399830355479e-01 5.478733631870607024e-01 5.462177422594439724e-01 5.447453818835727990e-01 5.434506451808206462e-01 5.423285466351867035e-01 5.413747445818443138e-01 5.405855337601729316e-01 5.399578383238590185e-01 5.394892056129005908e-01 5.391778009204066802e-01 5.390224034272961262e-01 5.390224034272961262e-01
8.049057368783740785e-01 8.049057368783740785e-01 8.028084214191345547e-01 7.987061957768326614e-01 7.927765727510932559e-01 7.852653162400647924e-01 7.764602873749796297e-01 7.666623239970401515e-01 7.561603248745221162e-01 7.452143591971871484e-01 7.340470198729709406e-01 7.228412312277888718e-01 7.117422259789100147e-01 7.008617340466427592e-01 6.902830078176583894e-01 6.800658479672363477e-01 6.702511920542721935e-01 6.608650845804097118e-01 6.519219954657400340e-01 6.434275301376273237e-01 6.353806070713529097e-01 6.277751869593540812e-01 6.206016337082165268e-01 6.138477781266460376e-01 6.074997442570565509e-01 6.015425877169957580e-01 5.959607859892852577e-01 5.907386125968766555e-01 5.858604205009346755e-01 5.813108547234794310e-01 5.770750099316097614e-01 5.731385453411986797e-01 5.694877666345531386e-01 5.661096824942564165e-01 5.629920417149387735e-01 5.601233555695769306e-01 5.574929091002759352e-01 5.550907642146781784e-01 5.529077568505702533e-01 5.509354899857157317e-01 5.491663238884101350e-01 5.475933647041073549e-01 5.462104522370503368e-01 5.450121475993885412e-01 5.439937212529781796e-01 5.431511418524794799e-01 5.424810662057928390e-01 5.419808305940211346e-01 5.416484436337369868e-01 5.414825808159516862e-01 5.414825808159516862e-01
8.374446428637991602e-01 8.374446428637991602e-01 8.348823495513855164e-01 8.298812826452479641e-01 8.226820354693038517e-01 8.136203289813340733e-01 8.030855148603143201e-01 7.914742182511809165e-01 7.791539475914086577e-01 7.664421172147508621e-01 7.535986142523518616e-01 7.408273711437961540e-01 7.282826719625781209e-01 7.160771990781326091e-01 7.042900813406034466e-01 6.929741038499984684e-01 6.821617827488108965e-01 6.718702956147835081e-01 6.621053876646120218e-01 6.528644169711889100e-01 6.441387020175056710e-01 6.359153167124057537e-01 6.281784541814893208e-01 6.209104572191616045e-01 6.140925926885720809e-01 6.077056300618588480e-01 6.017302705751221836e-01 5.961474626887797168e-01 5.909386311765293387e-01 5.860858407269184944e-01 5.815719100111874651e-01 5.773804884069110299e-01 5.734961046970521448e-01 5.699041948764972387e-01 5.665911145298585527e-01 5.635441399707151744e-01 5.607514613587746277e-01 5.582021702658399587e-01 5.558862435895728371e-01 5.537945252746392377e-01 5.519187069627077280e-01 5.502513084322224746e-01 5.487856584879139410e-01 5.475158768048182800e-01 5.464368571117157458e-01 5.455442520062127043e-01 5.448344596219626412e-01 5.443046123128988389e-01 5.439525674759922991e-01 5.437769005999492089e-01 5.437769005999492089e-01
8.726132442720941906e-01 8.726132442720941906e-01 8.694597031223548766e-01 8.633140773344732954e-01 8.545026587120316819e-01 8.434934407048474414e-01 8.308244078039773717e-01 8.170249710983815694e-01 8.025625972602377090e-01 7.878196300702856592e-01 7.730916699936339898e-01 7.585972503762155039e-01 7.444915196244192845e-01 7.308799184130908566e-01 7.178301086910344742e-01 7.053816713265013139e-01 6.935536778363776689e-01 6.823504592325007057e-01 6.717659339095291005e-01 6.617868216169110474e-01 6.523950130932664182e-01 6.435693072217902877e-01 6.352866777777367302e-01 6.275231918119091867e-01 6.202546707255532921e-01 6.134571616149925299e-01 6.071072689034621161e-01 6.011823832396472334e-01 5.956608350024167331e-01 5.905219926376318318e-01 5.857463208062810844e-01 5.813154094517551940e-01 5.772119820340552154e-01 5.734198890625586964e-01 5.699240914902136135e-01 5.667106373667640806e-01 5.637666342813046905e-01 5.610802194776783880e-01 5.586405290431050163e-01 5.564376672090660669e-01 5.544626765329512263e-01 5.527075095264506466e-01 5.511650021451504067e-01 5.498288494406265992e-01 5.486935835920991877e-01 5.477545544722778326e-01 5.470079128560925152e-01 5.464505963474640682e-01 5.460803180750376518e-01 5.458955581904636478e-01 5.458955581904636478e-01
9.109999772843946353e-01 9.109999772843946353e-01 9.070905858695078594e-01 8.994683076575766822e-01 8.885691400587933941e-01 8.750661101824148691e-01 8.597253521142950161e-01 8.432630878480904535e-01 8.262702324185305924e-01 8.091957199428642111e-01 7.923610683665583965e-01 7.759855444300850502e-01 7.602112913710857844e-01 7.451244081411815268e-01 7.307712517236357730e-01 7.171705170066072776e-01 7.043219783296520431e-01 6.922127297913845956e-01 6.808216030125170404e-01 6.701222762720742132e-01 6.600854511748991404e-01 6.506803674246495195e-01 6.418758486387997619e-01 6.336410162379622069e-01 6.259457686093323758e-01 6.187610945016239761e-01 6.120592696188271731e-01 6.058139712300039115e-01 6.000003355847840503e-01 5.945949758059340118e-01 5.895759728670705302e-01 5.849228486543220917e-01 5.806165275325465558e-01 5.766392909914080933e-01 5.729747286236704928e-01 5.696076877383482451e-01 5.665242232290805813e-01 5.637115488279186293e-01 5.611579905228960552e-01 5.588529426658019883e-01 5.567868271168954220e-01 5.549510556460023336e-01 5.533379957201828292e-01 5.519409397465934175e-01 5.507540777977347757e-01 5.497724738195349792e-01 5.489920453066605699e-01 5.484095464211360405e-01 5.480225545276837806e-01 5.478294601205221381e-01 5.478294601205221381e-01
9.533587232138107659e-01 9.533587232138107659e-01 9.484932945594162224e-01 9.389516425524787602e-01 9.252830593438934326e-01 9.085109692231145839e-01 8.897738666784680284e-01 8.700508242117248603e-01 8.500730501763299474e-01 8.303413712668703539e-01 8.111777982395067532e-01 7.927769324087653446e-01 7.752466004110590836e-01 7.586370758642760892e-01 7.429611961826473321e-01 7.282079313756903982e-01 7.143514491361964147e-01 7.013571402844785974e-01 6.891856066385821933e-01 6.777952848506172412e-01 6.671441564342779351e-01 6.571908450172886385e-01 6.478953026392043624e-01 6.392192208570612877e-01 6.311262582773315977e-01 6.235821465012258979e-01 6.165547164920344159e-01 6.100138738486169387e-01 6.039315422817078671e-01 5.982815883311316529e-01 5.930397360900716563e-01 5.881834777834110684e-01 5.836919840523832059e-01 5.795460164364003575e-01 5.757278436165635949e-01 5.722211623582569295e-01 5.690110236691486856e-01 5.660837644097245214e-01 5.634269444118629178e-01 5.610292890463550730e-01 5.588806371114967142e-01 5.569718938773050576e-01 5.552949891034189012e-01 5.538428398463479674e-01 5.526093178786548599e-01 5.515892215556021938e-01 5.507782519815652700e-01 5.501729933476099399e-01 5.497708973321001613e-01 5.495702714774117759e-01 5.495702714774117759e-01
1.000644079791609187e+00 1.000644079791609187e+00 9.946291959442082886e-01 9.826113395013027496e-01 9.651392753957672710e-01 9.439493907247212823e-01 9.208284132646559206e-01 8.971068515281389599e-01 8.736386279891293904e-01 8.509245468949391267e-01 8.292353057165817720e-01 8.086998723852936166e-01 7.893622905181116867e-01 7.712167217140000197e-01 7.542288002773346323e-01 7.383486298040471407e-01 7.235186953565522217e-01 7.096786633781207998e-01 6.967682603182095979e-01 6.847289570608559028e-01 6.735049086967922483e-01 6.630434307208822320e-01 6.532951889121256794e-01 6.442142152810925726e-01 6.357578214809930239e-01 6.278864549612025447e-01 6.205635264033220189e-01 6.137552262162908612e-01 6.074303409404332443e-01 6.015600759619404991e-01 5.961178880979810524e-01 5.910793298157547282e-01 5.864219057308597272e-01 5.821249413529417938e-01 5.781694636537103582e-01 5.745380928218866146e-01 5.712149444744607507e-01 5.681855415700390877e-01 5.654367352894922316e-01 5.629566341931697693e-01 5.607345410208348646e-01 5.587608965628073632e-01 5.570272300940878329e-01 5.555261159248543468e-01 5.542511356792672039e-01 5.531968459693951123e-01 5.523587511821593798e-01 5.517332811446565843e-01 5.513177734774586947e-01 5.511104604869466739e-01 5.511104604869466739e-01
1.054039049951235318e+00 1.054039049951235318e+00 1.046897243272308931e+00 1.031813436761324976e+00 1.008741873394737976e+00 9.813365540163926370e-01 9.524960738595810161e-01 9.239173268888879464e-01 8.964544781301655441e-01 8.704851705418662489e-01 8.461400236833399591e-01 8.234252514840753046e-01 8.022858611813319385e-01 7.826384147168996552e-01 7.643882648179102235e-01 7.474386865380752143e-01 7.316956521494889509e-01 7.170702069705162662e-01 7.034795069813236656e-01 6.908471114240035682e-01 6.791028694579942515e-01 6.681825969422368061e-01 6.580276568277774185e-01 6.485845081260563916e-01 6.398042596579464059e-01 6.316422477149431502e-01 6.240576466909250053e-01 6.170131158926880355e-01 6.104744824390541114e-01 6.044104583968182842e-01 5.987923894572840799e-01 5.935940321501855799e-01 5.887913565905217306e-01 5.843623719172758024e-01 5.802869718264089816e-01 5.765467978739049482e-01 5.731251184994030634e-01 5.700067219816292718e-01 5.671778217758434160e-01 5.646259728980742576e-01 5.623399982108908679e-01 5.603099236322196530e-01 5.585269214344139588e-01 5.569832609277983737e-01 5.556722659337068881e-01 5.545882785489442135e-01 5.537266287888052974e-01 5.530836097712585886e-01 5.526564581724177083e-01 5.524433397446057992e-01 5.524433397446057992e-01
1.106304277774964762e+00 1.106304277774964762e+00 1.100658880645741355e+00 1.086076372708251414e+00 1.056243698550386245e+00 1.020106075268088830e+00 9.838987185336798280e-01 9.496128234993050921e-01 9.177770562882404670e-01 8.884211500605108114e-01 8.614134909511624860e-01 8.365742403247509174e-01 8.137164913879856298e-01 7.926618961186561174e-01 7.732463521863758293e-01 7.553215088063249816e-01 7.387544383562545391e-01 7.234265223238249831e-01 7.092320518935012474e-01 6.960767880510024819e-01 6.838765981526830906e-01 6.725562193091276786e-01 6.620481640529464196e-01 6.522917659804552404e-01 6.432323546385719792e-01 6.348205456078950260e-01 6.270116311172152512e-01 6.197650572667642299e-01 6.130439752868087622e-01 6.068148558061214892e-01 6.010471566381088149e-01 5.957130360081952514e-01 5.907871044029449070e-01 5.862462093107591032e-01 5.820692480538617319e-01 5.782370046972781230e-01 5.747320076807369560e-01 5.715384053719155810e-01 5.686418572008810068e-01 5.660294384207191776e-01 5.636895568610119645e-01 5.616118803099013901e-01 5.597872733861360972e-01 5.582077429524749945e-01 5.568663912824932671e-01 5.557573763296104197e-01 5.548758785644981595e-01 5.542180739487049257e-01 5.537811127015229706e-01 5.535631035965701274e-01 5.535631035965701274e-01
1.136416520638873662e+00 1.136416520638873662e+00 1.134663157333988925e+00 1.128551017106235177e+00 1.101957326529616088e+00 1.058117249435112539e+00 1.013301704053909402e+00 9.728476911085482959e-01 9.366162391262571330e-01 9.040063303688277152e-01 8.745163886708255951e-01 8.477398970471851092e-01 8.233424417135515316e-01 8.010450697484029492e-01 7.806127139511154223e-01 7.618457272216888621e-01 7.445733998011576649e-01 7.286488533223647313e-01 7.139449586147568194e-01 7.003510459784751951e-01 6.877702411846026154e-01 6.761172999790920901e-01 6.653168413792115432e-01 6.553019007801907936e-01 6.460127400949960963e-01 6.373958649856215075e-01 6.294032094373596120e-01 6.219914560145893834e-01 6.151214665433207829e-01 6.087578030367887250e-01 6.028683226942864737e-01 5.974238339834654354e-01 5.923978033398740184e-01 5.877661040246050517e-01 5.835068002815541055e-01 5.795999612161731873e-01 5.760274998451692108e-01 5.727730335941838558e-01 5.698217631894775259e-01 5.671603674325420563e-01 5.647769117889894774e-01 5.626607690852241106e-01 5.608025509043297330e-01 5.591940485190616261e-01 5.578281824050196347e-01 5.566989595492062293e-01 5.558014379148616957e-01 5.551316975481684901e-01 5.546868179205544092e-01 5.544648611956526363e-01 5.544648611956526363e-01
1.142925709854570648e+00 1.142925709854570648e+00 1.142925709854570648e+00 1.142925709854570648e+00 1.129126038899074036e+00 1.088872035697175722e+00 1.037762604989898696e+00 9.918287494917177316e-01 9.518273598469200181e-01 9.164677318204603740e-01 8.849029697221945101e-01 8.565242736221798658e-01 8.308665401784804949e-01 8.075618311537795524e-01 7.863126037836194460e-01 7.668744146010515461e-01 7.490438909971189885e-01 7.326499873863108192e-01 7.175474521378351067e-01 7.036118552531989145e-01 6.907357514119319974e-01 6.788256856161936081e-01 6.677998333389965069e-01 6.575861240591445167e-01 6.481207367391241814e-01 6.393468840639332518e-01 6.312138227222147124e-01 6.236760420157413387e-01 6.166925942013330442e-01 6.102265382838056862e-01 6.042444752490350179e-01 5.987161574924282359e-01 5.936141588478244246e-01 5.889135944363149688e-01 5.845918817394256672e-01 5.806285360081874236e-01 5.770049944615945892e-01 5.737044647890957583e-01 5.707117943157227202e-01 5.680133568634476715e-01 5.655969548852685103e-01 5.634517348876869614e-01 5.615681145146476094e-01 5.599377199587136644e-01 5.585533326067353421e-01 5.574088440280791090e-01 5.564992185821180382e-01 5.558204630649088429e-01 5.553696029383333732e-01 5.551446647930342593e-01 5.551446647930342593e-01
1.142925709854570648e+00 1.142925709854570648e+00 1.142925709854570648e+00 1.142925709854570648e+00 1.135217948937394361e+00 1.103738351156709818e+00 1.053638570269250119e+00 1.004829161551742178e+00 9.623889730045336321e-01 9.251299526124627803e-01 8.921003652130404804e-01 8.625853214189402873e-01 8.360357944889906801e-01 8.120217016102501129e-01 7.902003587613268820e-01 7.702945798801317245e-01 7.520770913372996080e-01 7.353592265182617993e-01 7.199825933630445984e-01 7.058128457925569865e-01 6.927349672360418875e-01 6.806496559814507741e-01 6.694705236280026339e-01 6.591219007358098958e-01 6.495371010011843360e-01 6.406570353524690953e-01 6.324290957494901333e-01 6.248062488159622507e-01 6.177462941777721595e-01 6.112112531767009971e-01 6.051668616151449909e-01 5.995821461511042783e-01 5.944290684567287153e-01 5.896822246693802505e-01 5.853185902814044272e-01 5.813173026356820428e-01 5.776594747658398976e-01 5.743280355510318458e-01 5.713075921257595446e-01 5.685843112553363721e-01 5.661458170025720493e-01 5.639811025054518590e-01 5.620804540852922804e-01 5.604353862304057854e-01 5.590385862674137618e-01 5.578838677534172508e-01 5.569661318069660805e-01 5.562813357520030033e-01 5.558264685829491514e-01 5.555995328760194862e-01 5.555995328760194862e-01
1.142925709854570648e+00 1.142925709854570648e+00 1.142925709854570648e+00 1.142925709854570648e+00 1.136940478693927004e+00 1.109443204736866306e+00 1.061115765719912396e+00 1.011324863600554069e+00 9.677605980977835864e-01 9.295583372820723778e-01 8.957800943498603896e-01 8.656785128532999973e-01 8.386678330429977457e-01 8.142874529146066909e-01 7.921714909109334180e-01 7.720256318193923217e-01 7.536100257658453483e-01 7.367267313715037957e-01 7.212104547433753066e-01 7.069216575736770869e-01 6.937413721896324992e-01 6.815672558527695601e-01 6.703105537853109031e-01 6.598937358638878869e-01 6.502486382825961586e-01 6.413149878573414231e-01 6.330392193132274858e-01 6.253735191405065397e-01 6.182750463148848352e-01 6.117052923182730861e-01 6.056295518078423923e-01 6.000164818888356066e-01 5.948377328928493579e-01 5.900676372997998298e-01 5.856829462888561988e-01 5.816626055907518911e-01 5.779875640070785137e-01 5.746406092826226164e-01 5.716062270538281309e-01 5.688704794164110012e-01 5.664209003077623761e-01 5.642464054226316028e-01 5.623372148023044748e-01 5.606847865800562714e-01 5.592817606460596114e-01 5.581219112264486082e-01 5.572001075642964985e-01 5.565122820531990255e-01 5.560554053136111952e-01 5.558274678235833877e-01 5.558274678235833877e-01
1.142925709854570648e+00 1.142925709854570648e+00 1.142925709854570648e+00 1.142925709854570648e+00 1.136940478693927004e+00 1.109443204736866306e+00 1.061115765719912396e+00 1.011324863600554069e+00 9.677605980977835864e-01 9.295583372820723778e-01 8.957800943498603896e-01 8.656785128532999973e-01 8.386678330429977457e-01 8.142874529146066909e-01 7.921714909109334180e-01 7.720256318193923217e-01 7.536100257658453483e-01 7.367267313715037957e-01 7.212104547433753066e-01 7.069216575736770869e-01 6.937413721896324992e-01 6.815672558527695601e-01 6.703105537853109031e-01 6.598937358638878869e-01 6.502486382825961586e-01 6.413149878573414231e-01 6.330392193132274858e-01 6.253735191405065397e-01 6.182750463148848352e-01 6.117052923182730861e-01 6.056295518078423923e-01 6.000164818888356066e-01 5.948377328928493579e-01 5.900676372997998298e-01 5.856829462888561988e-01 5.816626055907518911e-01 5.779875640070785137e-01 5.746406092826226164e-01 5.716062270538281309e-01 5.688704794164110012e-01 5.664209003077623761e-01 5.642464054226316028e-01 5.623372148023044748e-01 5.606847865800562714e-01 5.592817606460596114e-01 5.581219112264486082e-01 5.572001075642964985e-01 5.565122820531990255e-01 5.560554053136111952e-01 5.558274678235833877e-01 5.558274678235833877e-01
