0.000000000000000000e+00 0.000000000000000000e+00 0.000000000000000000e+00 0.000000000000000000e+00 0.000000000000000000e+00 0.000000000000000000e+00 0.000000000000000000e+00 0.000000000000000000e+00 0.000000000000000000e+00 0.000000000000000000e+00 0.000000000000000000e+00 0.000000000000000000e+00 0.000000000000000000e+00 0.000000000000000000e+00 0.000000000000000000e+00 0.000000000000000000e+00 0.000000000000000000e+00 0.000000000000000000e+00 0.000000000000000000e+00 0.000000000000000000e+00 0.000000000000000000e+00 0.000000000000000000e+00 0.000000000000000000e+00 0.000000000000000000e+00 0.000000000000000000e+00 0.000000000000000000e+00 0.000000000000000000e+00 0.000000000000000000e+00 0.000000000000000000e+00 0.000000000000000000e+00 0.000000000000000000e+00 0.000000000000000000e+00 0.000000000000000000e+00 0.000000000000000000e+00 0.000000000000000000e+00 0.000000000000000000e+00 0.000000000000000000e+00 0.000000000000000000e+00 0.000000000000000000e+00 0.000000000000000000e+00 0.000000000000000000e+00 0.000000000000000000e+00 0.000000000000000000e+00 0.000000000000000000e+00 0.000000000000000000e+00 0.000000000000000000e+00 0.000000000000000000e+00 0.000000000000000000e+00 0.000000000000000000e+00 0.000000000000000000e+00 0.000000000000000000e+00
0.000000000000000000e+00 0.000000000000000000e+00 0.000000000000000000e+00 0.000000000000000000e+00 2.804846862450528988e+03 2.906693916184686259e+03 2.655703166538993173e+03 2.285615700552613816e+03 1.920571878681813359e+03 1.605538840818363724e+03 1.347610038801831251e+03 1.140347237137492584e+03 9.742713411907744785e+02 8.405664019749355020e+02 7.320340129781351379e+02 6.430828309545047432e+02 5.694502469032897807e+02 5.079003945164473066e+02 4.559696656761092868e+02 4.117702035740396127e+02 3.738435101494583250e+02 3.410528852854042725e+02 3.125046292315228698e+02 2.874901500651272954e+02 2.654431684350961405e+02 2.459078286515852199e+02 2.285147207831171556e+02 2.129626777366341628e+02 1.990048214564506566e+02 1.864377638650227311e+02 1.750931732903341640e+02 1.648311333142443402e+02 1.555348745839380342e+02 1.471065696661546838e+02 1.394639594783757843e+02 1.325376363583259547e+02 1.262688498827343579e+02 1.206077316713219716e+02 1.155118578090336996e+02 1.109450844234513625e+02 1.068766049308747199e+02 1.032801875862725041e+02 1.001335599890970229e+02 9.741791364271999498e+01 9.511750689001269166e+01 9.321934883131424954e+01 9.171295037172598086e+01 9.057502689210682906e-30 8.983232573476547055e-30 8.946189395090189572e-30 8.946189395090189572e-30
0.000000000000000000e+00 0.000000000000000000e+00 0.000000000000000000e+00 0.000000000000000000e+00 1.140788101092065335e+04 1.019095677617154433e+04 8.574547907484606185e+03 7.067972094564075633e+03 5.812533569942505892e+03 4.809667348793621386e+03 4.018939458353464488e+03 3.395217377020049753e+03 2.899884896876034418e+03 2.502699140402220110e+03 2.180774188707729536e+03 1.916989912180729561e+03 1.698546035675999519e+03 1.515823313055722110e+03 1.361535472309583156e+03 1.230112148596519091e+03 1.117253359580137158e+03 1.019607747172522295e+03 9.345391077017765156e+02 8.599557560811844041e+02 7.941847257358980414e+02 7.358781361118379891e+02 6.839428040756670271e+02 6.374867898978116045e+02 5.957783933860717980e+02 5.582143930255598434e+02 5.242952186230781990e+02 4.936053815814647692e+02 4.657979361775136908e+02 4.405820651783416224e+02 4.177131121798092863e+02 3.969845480547942884e+02 3.782214787652711721e+02 3.612753897886212826e+02 3.460198878988532556e+02 3.323472505202403227e+02 3.201656308941505245e+02 3.093967970104460505e+02 2.999743058172351766e+02 2.918420331877778722e+02 2.849529955276091755e+02 2.792684115460899648e+02 2.747569631705591746e+02 2.713491722398261133e-29 2.691247875070519273e-29 2.680153399736292462e-29 2.680153399736292462e-29
9.855114759401126540e-29 9.855114759401126540e-29 1.147102088225392587e-28 1.657685654955617131e-28 3.961194604289912968e+04 2.221685269612512275e+04 1.582664441936296862e+04 1.217079717198836624e+04 9.709883615298336736e+03 7.930657664945993929e+03 6.593643533817091338e+03 5.563141345218576134e+03 4.753441681859341770e+03 4.106965581255173674e+03 3.583541296990827504e+03 3.154407553046599787e+03 2.798562431367842237e+03 2.500417210685624923e+03 2.248234496837385450e+03 2.033062243128722685e+03 1.847992163466960619e+03 1.687635554857173702e+03 1.547747561515325515e+03 1.424954351828221434e+03 1.316552597203230107e+03 1.220360361378870039e+03 1.134604959125493451e+03 1.057837689904427179e+03 9.888683194689059519e+02 9.267142309116587739e+02 8.705605942238235002e+02 8.197289060808691374e+02 7.736519604663702694e+02 7.318538149294397499e+02 6.939336780338237531e+02 6.595529035054911446e+02 6.284244655736831646e+02 6.003044289308885482e+02 5.749850303143103929e+02 5.522890671569660981e+02 5.320653491938847992e+02 5.141850162756240934e+02 4.985385633315713108e+02 4.850334438279490996e+02 4.735921478509172857e+02 4.641506713265945336e+02 4.566573097709529634e+02 4.509975075394985142e-29 4.473025483356789805e-29 4.454596053226457556e-29 4.454596053226457556e-29
6.216476925951514568e+04 6.216476925951514568e+04 6.748935752295979182e+04 7.543600380947403028e+04 4.602700279671041790e+04 3.042879140246913812e+04 2.185507764671942641e+04 1.665337290119263344e+04 1.320346108016125982e+04 1.076100713723194531e+04 8.951319078553038707e+03 7.566482531928777462e+03 6.480998712035156132e+03 5.613957856631804134e+03 4.910559783594278088e+03 4.332300171280823633e+03 3.851359207224199054e+03 3.447190958681195298e+03 3.104347537387247485e+03 2.811037674800657896e+03 2.558143230133647648e+03 2.338532142786074019e+03 2.146569063390735209e+03 1.977760966170823622e+03 1.828496734070914727e+03 1.695853241730079162e+03 1.577449166801062802e+03 1.471333501007902441e+03 1.375899595980126378e+03 1.289818222307547330e+03 1.211984952712673476e+03 1.141478463767422454e+03 1.077527257066906486e+03 1.019482945500840515e+03 9.667987119273378767e+02 9.190118806720431621e+02 8.757297849132487499e+02 8.366182918695898252e+02 8.013924814614364323e+02 7.698090758286276696e+02 7.416602957959948981e+02 7.167688823502151081e+02 6.949840707537546223e+02 6.761783450761953418e+02 6.602448338055596651e+02 6.470952343419222643e+02 6.366581767326696308e+02 6.288779558835674379e+02 6.237135774024665125e+02 6.211380758311022419e+02 6.211380758311022419e+02
5.081834698970993486e+04 5.081834698970993486e+04 5.251708220781055570e+04 5.331953767065469583e+04 4.279823459251598251e+04 3.258125159729716688e+04 2.503031809404065280e+04 1.970106843187987033e+04 1.589051918839294558e+04 1.308936917179538614e+04 1.097152472343468980e+04 9.330512531886201032e+03 8.032561137364390561e+03 6.988152750849343647e+03 6.135424311196322378e+03 5.430382649781101463e+03 4.840970641723679364e+03 4.343344890328957263e+03 3.919461503089929010e+03 3.555462190828214261e+03 3.240566600376962015e+03 2.966294744305118911e+03 2.725910484592048306e+03 2.514016467426398322e+03 2.326254862370616593e+03 2.159083264464954482e+03 2.009604781547010589e+03 1.875437706132969424e+03 1.754614467676357663e+03 1.645502505817654765e+03 1.546741751548095408e+03 1.457194840571743725e+03 1.375907201362685328e+03 1.302074886854593160e+03 1.235018540559522080e+03 1.174162265759885258e+03 1.119016442694089392e+03 1.069163743227405348e+03 1.024247746286417168e+03 9.839636749858780149e+02 9.480508680323902126e+02 9.162866706526540383e+02 8.884814888179136005e+02 8.644747982619578579e+02 8.441319391098887763e+02 8.273415595575538646e+02 8.140135992855529139e+02 8.040777261697934364e+02 7.974821592190114643e+02 7.941928272516012157e+02 7.941928272516012157e+02
4.528705428327601112e+04 4.528705428327601112e+04 4.548934542295736901e+04 4.438322965233422292e+04 3.875006041911639477e+04 3.205684352385952297e+04 2.613483352055696014e+04 2.139035871432466229e+04 1.770085401363790152e+04 1.483649320749528488e+04 1.259160786594909951e+04 1.080896723007798209e+04 9.373956587888682407e+03 8.203774193710778491e+03 7.238202826488070968e+03 6.432889534236464897e+03 5.754690140804434122e+03 5.178480100754941304e+03 4.684958507412821746e+03 4.259117445365292951e+03 3.889159284283912712e+03 3.565719163219628626e+03 3.281298447375732849e+03 3.029846217114809861e+03 2.806446120180207799e+03 2.607079222281501188e+03 2.428442359434548962e+03 2.267807502500848386e+03 2.122911775086152375e+03 1.991870643930994675e+03 1.873108827772370660e+03 1.765304910183971742e+03 1.667346671124184468e+03 1.578294892013987919e+03 1.497353924543946732e+03 1.423847703592009111e+03 1.357200171831472971e+03 1.296919297795014245e+03 1.242584031485291462e+03 1.193833666901818333e+03 1.150359179398846209e+03 1.111896184685074559e+03 1.078219230422894270e+03 1.049137184178502594e+03 1.024489525309076043e+03 1.004143385002499826e+03 9.879912094546251637e+02 9.759489471381912153e+02 9.679546831921943522e+02 9.639676629181024055e+02 9.639676629181024055e+02
4.073512967910384759e+04 4.073512967910384759e+04 4.034295750324398978e+04 3.883320782056001190e+04 3.520188208157268673e+04 3.060817230148230010e+04 2.608415563559280417e+04 2.210251587900074082e+04 1.877155893414393722e+04 1.604101199025640926e+04 1.381367257300709389e+04 1.199184255980883427e+04 1.049222218548517594e+04 9.248119933014966591e+03 8.207444855154999459e+03 7.329806900293843682e+03 6.583853102814416161e+03 5.945118188196642222e+03 5.394376453857566048e+03 4.916403194987054121e+03 4.499049187981468094e+03 4.132548009524042754e+03 3.808994837799087236e+03 3.521951410438740368e+03 3.266144106989517695e+03 3.037231167304489645e+03 2.831621600758703607e+03 2.646333052954892992e+03 2.478879291501062653e+03 2.327180425067412216e+03 2.189490746962640969e+03 2.064340385179157693e+03 1.950487880254446281e+03 1.846881497627947738e+03 1.752627582997095260e+03 1.666964638909324776e+03 1.589242075877865091e+03 1.518902798706744306e+03 1.455468947789205686e+03 1.398530239514612731e+03 1.347734449078268199e+03 1.302779659470099205e+03 1.263407966699626286e+03 1.229400386521232804e+03 1.200572754233168325e+03 1.176772448177118349e+03 1.157875800608537929e+03 1.143786087668288474e+03 1.134432014166200133e+03 1.129766629551202186e+03 1.129766629551202186e+03
3.684885879351176118e+04 3.684885879351176118e+04 3.628885586257711839e+04 3.486059740055025759e+04 3.226234926527471907e+04 2.894561406033363528e+04 2.546930073443738365e+04 2.219820606242599388e+04 1.929588587381447724e+04 1.679908626105120129e+04 1.468258884441827104e+04 1.289809928601766114e+04 1.139355635947449082e+04 1.012124415329174008e+04 9.040360590801021317e+03 8.117144952802394073e+03 7.324087587036440709e+03 6.638907159373712602e+03 6.043573469272854709e+03 5.523468600499674722e+03 5.066700885834920882e+03 4.663556773326326038e+03 4.306067468733431269e+03 3.987667491407396938e+03 3.702925433897956736e+03 3.447330936680979903e+03 3.217125303771394101e+03 3.009166033905083168e+03 2.820817811944407367e+03 2.649864268041591913e+03 2.494436159523030710e+03 2.352952649329378346e+03 2.224073119579014474e+03 2.106657530355763356e+03 1.999733760646343853e+03 1.902470688310653259e+03 1.814156007933909223e+03 1.734177970965349004e+03 1.662010377433218309e+03 1.597200263969996740e+03 1.539357826709599522e+03 1.488148195220206844e+03 1.443284738672796720e+03 1.404523640455195164e+03 1.371659524212635688e+03 1.344521954176155987e+03 1.322972666693691963e+03 1.306903419015541886e+03 1.296234366431661556e+03 1.290912900546359197e+03 1.290912900546359197e+03
3.358152109283948084e+04 3.358152109283948084e+04 3.302725363994696818e+04 3.180179980867034101e+04 2.983187219552319220e+04 2.733207234706117379e+04 2.461547518905784091e+04 2.193649167698985548e+04 1.944794966266085612e+04 1.721813250308180432e+04 1.526141361461862107e+04 1.356345667361710002e+04 1.209744767067452449e+04 1.083316999117313571e+04 9.741501853891002611e+03 8.796315203246220335e+03 7.975024042683439802e+03 7.258492337627273628e+03 6.630678204165583338e+03 6.078202020360897222e+03 5.589924894918513019e+03 5.156572252325645422e+03 4.770412206826509646e+03 4.424987072168524719e+03 4.114891907019496102e+03 3.835592840327415615e+03 3.583278232796181783e+03 3.354736606979417047e+03 3.147256288528725236e+03 2.958542652800732867e+03 2.786649690830382497e+03 2.629923280378682193e+03 2.486954081377606144e+03 2.356538391023578242e+03 2.237645614842393570e+03 2.129391257632404631e+03 2.031014530458501667e+03 1.941859821318319518e+03 1.861361398694085437e+03 1.789030816900160971e+03 1.724446575495077695e+03 1.667245655811346296e+03 1.617116618412133903e+03 1.573793997724305655e+03 1.537053775456552103e+03 1.506709753616615671e+03 1.482610681799983240e+03 1.464638022654534780e+03 1.452704264711590895e+03 1.446751713814813684e+03 1.446751713814813684e+03
3.085693833703774362e+04 3.085693833703774362e+04 3.036577103905019976e+04 2.934721206050547698e+04 2.780217300734675518e+04 2.585419232619302784e+04 2.369013993402248161e+04 2.148410928265381881e+04 1.936103043385120691e+04 1.739371841903945460e+04 1.561460341245472773e+04 1.402978734558465840e+04 1.263039438273069572e+04 1.140027710719024253e+04 1.032070326197767463e+04 9.372954013980708623e+03 8.539617081412727202e+03 7.805121197347528323e+03 7.155857658945593357e+03 6.580094290388137779e+03 6.067797823874683672e+03 5.610427086956187850e+03 5.200728514498260665e+03 4.832548359845903178e+03 4.500666824904509667e+03 4.200654694320793169e+03 3.928750913598801617e+03 3.681758731471785268e+03 3.456957879074686389e+03 3.252030422117398302e+03 3.064998204792462730e+03 2.894170107788385394e+03 2.738097622670107285e+03 2.595537484743937512e+03 2.465420304705840408e+03 2.346824300800978563e+03 2.238953364951928961e+03 2.141118805211321160e+03 2.052724198655474083e+03 1.973252867702319918e+03 1.902257561742118469e+03 1.839351986809009986e+03 1.784203880004301027e+03 1.736529373253503991e+03 1.696088433301991699e+03 1.662681202069653864e+03 1.636145094055854997e+03 1.616352535905949253e+03 1.603209258030168940e+03 1.596653069899523189e+03 1.596653069899523189e+03
2.858672798147673529e+04 2.858672798147673529e+04 2.816899731628524023e+04 2.732898824362432060e+04 2.608949110994732109e+04 2.453206148858394590e+04 2.277628570426854640e+04 2.094291162801221799e+04 1.912939851549190280e+04 1.740217449734172260e+04 1.579946040255314801e+04 1.433816297518406827e+04 1.302096144589930009e+04 1.184200779971705379e+04 1.079095548492034686e+04 9.855567376329438048e+03 9.023283816461744209e+03 8.282093295565771768e+03 7.620963536975128591e+03 7.030009593125500032e+03 6.500512932157428622e+03 6.024861894268895412e+03 5.596455338895425484e+03 5.209593363246465742e+03 4.859368065525857673e+03 4.541560891456979334e+03 4.252549428008846007e+03 3.989224493271237407e+03 3.748917328546517183e+03 3.529336207488532182e+03 3.328511586182987685e+03 3.144748881285507650e+03 2.976587998874333607e+03 2.822768801117686507e+03 2.682201770029564159e+03 2.553943198457900962e+03 2.437174305109766465e+03 2.331183732618977501e+03 2.235352945972420912e+03 2.149144103576181351e+03 2.072090025107193924e+03 2.003785929032327203e+03 1.943882658060065296e+03 1.892081152575663054e+03 1.848127970103870439e+03 1.811811682985379321e+03 1.782960016820611145e+03 1.761437619050432659e+03 1.747144370656628098e+03 1.740014174801993931e+03 1.740014174801993931e+03
2.668958854296428763e+04 2.668958854296428763e+04 2.633902263452824263e+04 2.564448952525997083e+04 2.463262069942587550e+04 2.336176970183212688e+04 2.191338148026890485e+04 2.037341173181372505e+04 1.881698127829095029e+04 1.730095932559633002e+04 1.586316846794735284e+04 1.452522536584933732e+04 1.329658333829815274e+04 1.217839185353650646e+04 1.116660869294583244e+04 1.025427037022916193e+04 9.433034194003146695e+03 8.694164250860039829e+03 8.029123972271808270e+03 7.429904955991777570e+03 6.889186513950432527e+03 6.400390951820514601e+03 5.957677517166514917e+03 5.555902466051348711e+03 5.190562291888236359e+03 4.857730390481022368e+03 4.553993145545104198e+03 4.276388763515229584e+03 4.022350578037625382e+03 3.789655590629608014e+03 3.576378459777876287e+03 3.380850835505855684e+03 3.201625761644279009e+03 3.037446775122298732e+03 2.887221286833555951e+03 2.749997813037218293e+03 2.624946629265010415e+03 2.511343434212664761e+03 2.408555635249156239e+03 2.316030897216890025e+03 2.233287629891493452e+03 2.159907124952112554e+03 2.095527089019836694e+03 2.039836354014520793e+03 1.992570578836355025e+03 1.953508786634466105e+03 1.922470609364702796e+03 1.899314135921495790e+03 1.883934282006808871e+03 1.876261619353871765e+03 1.876261619353871765e+03
2.509765937437268440e+04 2.509765937437268440e+04 2.480360248940800011e+04 2.422502912470102819e+04 2.338648406545233229e+04 2.233162430134366514e+04 2.111876142408487431e+04 1.981088393987977179e+04 1.846611644974020965e+04 1.713185903681397394e+04 1.584283499507941997e+04 1.462184408370052552e+04 1.348185533942412440e+04 1.242844824270239769e+04 1.146205266570855019e+04 1.057976482436285187e+04 9.776706735494219174e+03 9.046985477907717723e+03 8.384336859936669498e+03 7.782536227457770110e+03 7.235645375262597554e+03 6.738148304700109293e+03 6.285014025321590452e+03 5.871713033009576975e+03 5.494205514224070612e+03 5.148913237330987613e+03 4.832682907679590244e+03 4.542745953154816561e+03 4.276677850627175758e+03 4.032358890070039251e+03 3.807937483196047197e+03 3.601796608968533292e+03 3.412523651916375456e+03 3.238883668610534187e+03 3.079795973898756984e+03 2.934313847163370610e+03 2.801607104499573779e+03 2.680947255072476310e+03 2.571694951786615093e+03 2.473289452348611576e+03 2.385239822550126064e+03 2.307117635661339591e+03 2.238550947490302406e+03 2.179219353767740813e+03 2.128849963526092779e+03 2.087214147970536033e+03 2.054124948346801375e+03 2.029435048187891425e+03 2.013035235026102100e+03 2.004853294326592959e+03 2.004853294326592959e+03
2.375662311798727751e+04 2.375662311798727751e+04 2.350850654980183390e+04 2.302169252211025378e+04 2.231709582983752261e+04 2.142825802878771719e+04 2.039856400541192488e+04 1.927546616915964478e+04 1.810443989824047458e+04 1.692464112718158140e+04 1.576681838574638277e+04 1.465308798385560476e+04 1.359786498001143082e+04 1.260931060100081777e+04 1.169086039827818968e+04 1.084259557830907943e+04 1.006236225559251397e+04 9.346627633135589349e+03 8.691103203978713282e+03 8.091179420859538368e+03 7.542216424739021022e+03 7.039729337130935164e+03 6.579498758375792022e+03 6.157629635088878786e+03 5.770575406862179989e+03 5.415139477517623163e+03 5.088462439606374573e+03 4.788000871173672749e+03 4.511501676035091805e+03 4.256974643969523640e+03 4.022665002914657180e+03 3.807027102553811801e+03 3.608699924217188709e+03 3.426484798965134360e+03 3.259325495941322970e+03 3.106290690952075693e+03 2.966558723135288801e+03 2.839404482965733678e+03 2.724188238308893233e+03 2.620346189443246658e+03 2.527382543099711711e+03 2.444862904914356022e+03 2.372408805553887305e+03 2.309693195300515981e+03 2.256436762962627654e+03 2.212404956130035316e+03 2.177405600066022998e+03 2.151287031386601029e+03 2.133936679894576628e+03 2.125280047528783143e+03 2.125280047528783143e+03
2.262374643920874587e+04 2.262374643920874587e+04 2.241245537932570733e+04 2.199818988828271904e+04 2.139824411420262186e+04 2.063887414474182151e+04 1.975333584832554698e+04 1.877828011603525738e+04 1.774979507097747046e+04 1.670024364031701043e+04 1.565640012501428282e+04 1.463882715242700579e+04 1.366215359300411183e+04 1.273586698114988030e+04 1.186530818837940933e+04 1.105266347360053442e+04 1.029784361434370476e+04 9.599206650198675561e+03 8.954120954131652979e+03 8.359385680392426366e+03 7.811533292882873866e+03 7.307039446272111491e+03 6.842462694378850756e+03 6.414532535989015742e+03 6.020200331233511861e+03 5.656664143063208030e+03 5.321375731840215849e+03 5.012035733443524805e+03 4.726581387666751652e+03 4.463169943078571123e+03 4.220159945733791574e+03 3.996091939991157687e+03 3.789669607790132432e+03 3.599742002474976744e+03 3.425287261845307512e+03 3.265397988938845629e+03 3.119268350677666604e+03 2.986182850664694797e+03 2.865506672642631656e+03 2.756677457018238329e+03 2.659198357531678994e+03 2.572632223124307984e+03 2.496596756886891853e+03 2.430760516308544538e+03 2.374839634331981870e+03 2.328595157183245192e+03 2.291830911374816878e+03 2.264391827954956625e+03 2.246162666621638891e+03 2.237067095637548391e+03 2.237067095637548391e+03
2.166560326584714494e+04 2.166560326584714494e+04 2.148368060545055778e+04 2.112687582174641648e+04 2.060935775075058700e+04 1.995200614546563520e+04 1.918093757668257240e+04 1.832509930768682170e+04 1.741357549521193869e+04 1.647327295482598856e+04 1.552736552946277334e+04 1.459455589004510875e+04 1.368900761473872262e+04 1.282072468693652991e+04 1.199616745381575856e+04 1.121894527316550921e+04 1.049048359931318373e+04 9.810611051202873568e+03 9.178045485953480238e+03 8.590778530692879940e+03 8.046368705983095424e+03 7.542157572252315731e+03 7.075423911145810052e+03 6.643489649258509417e+03 6.243789174831948003e+03 5.873911518717945910e+03 5.531622875214367014e+03 5.214875241919093241e+03 4.921805575523174412e+03 4.650728761673257395e+03 4.400126835812690842e+03 4.168636222587273551e+03 3.955034244579624556e+03 3.758225755128096353e+03 3.577230449891359058e+03 3.411171188134504973e+03 3.259263491848067133e+03 3.120806276056890511e+03 2.995173786473776545e+03 2.881808672195801591e+03 2.780216094073473414e+03 2.689958757730711568e+03 2.610652759150198108e+03 2.541964136548948773e+03 2.483606032156077163e+03 2.435336379445348030e+03 2.396956044019560068e+03 2.368307358802877843e+03 2.349273006001461454e+03 2.339775209225209437e+03 2.339775209225209437e+03
2.085606744964742757e+04 2.085606744964742757e+04 2.069753051758684160e+04 2.038633417020352863e+04 1.993410548830378320e+04 1.935770316580130020e+04 1.867807333327130982e+04 1.791855117915268784e+04 1.710295350010628681e+04 1.625385771366292647e+04 1.539133449178632691e+04 1.453222161124988452e+04 1.368988690703845714e+04 1.287435696975450992e+04 1.209267427966740615e+04 1.134936499713702688e+04 1.064693177883939097e+04 9.986317758840174065e+03 9.367313287316650531e+03 8.788894791054015514e+03 8.249496127625510780e+03 7.747218745632633727e+03 7.279989514666231116e+03 6.845675592000381585e+03 6.442165093961129060e+03 6.067421243900648733e+03 5.719516429882796729e+03 5.396651410108032906e+03 5.097163836894451379e+03 4.819529357579581301e+03 4.562357791178438674e+03 4.324386258935011028e+03 4.104470647201221254e+03 3.901576384713008792e+03 3.714769207149204703e+03 3.543206345460290777e+03 3.386128398106632631e+03 3.242852019728164123e+03 3.112763469958094447e+03 2.995313007399541675e+03 2.890010077865956646e+03 2.796419226678337964e+03 2.714156657182456456e+03 2.642887357798340418e+03 2.582322724940558146e+03 2.532218616901538098e+03 2.492373782815803679e+03 2.462628620156532634e+03 2.442864223295274769e+03 2.433001694190371381e+03 2.433001694190371381e+03
2.017470489237956281e+04 2.017470489237956281e+04 2.003477090696314553e+04 1.975981015830530305e+04 1.935944235853195278e+04 1.884749663449218133e+04 1.824110531676167375e+04 1.755944926266458424e+04 1.682235497899018083e+04 1.604898643440105661e+04 1.525681666568877517e+04 1.446096311729680201e+04 1.367387887914285602e+04 1.290533456286866203e+04 1.216260360971986847e+04 1.145076698900976953e+04 1.077306938787430954e+04 1.013127885978548329e+04 9.526020102159294765e+03 8.957065790738142823e+03 8.423580363755734652e+03 7.924316925525450642e+03 7.457771438827296151e+03 7.022299977427302110e+03 6.616205221453279592e+03 6.237798108666951521e+03 5.885439941662090860e+03 5.557569503118917055e+03 5.252718968107706132e+03 4.969521687335464776e+03 4.706714277676980601e+03 4.463134906816610055e+03 4.237719197544381132e+03 4.029494799027936097e+03 3.837575369372582827e+03 3.661154476847924798e+03 3.499499746756344393e+03 3.351947447616124009e+03 3.217897615222056629e+03 3.096809748142503395e+03 2.988199066227086860e+03 2.891633298733660467e+03 2.806729955858671929e+03 2.733154032898314199e+03 2.670616097060596530e+03 2.618870710934749241e+03 2.577715152300979753e+03 2.546988396338470466e+03 2.526570332739090190e+03 2.516381196432233537e+03 2.516381196432233537e+03
1.960553836397361010e+04 1.960553836397361010e+04 1.948036210674366885e+04 1.923414135902882481e+04 1.887493745045298056e+04 1.841429046726341039e+04 1.786648898648025715e+04 1.724760704785537018e+04 1.657443471231399599e+04 1.586345834745204411e+04 1.513001995163788342e+04 1.438772659972658221e+04 1.364812114387592010e+04 1.292058182877167565e+04 1.221239631954786637e+04 1.152895118604605705e+04 1.087398455255045701e+04 1.024986130294685245e+04 9.657842675815429175e+03 9.098332958945404243e+03 8.571094399088884529e+03 8.075427347555985762e+03 7.610316448331170250e+03 7.174545852114452828e+03 6.766787488897495678e+03 6.385666744618456505e+03 6.029809753388252830e+03 5.697876135807919127e+03 5.388580517389082161e+03 5.100705631493595320e+03 4.833109297938246527e+03 4.584727099263810487e+03 4.354572165520786257e+03 4.141733130201922904e+03 3.945371033850402000e+03 3.764715723558006630e+03 3.599062119556016569e+03 3.447766586991752320e+03 3.310243554098455206e+03 3.185962450047621587e+03 3.074444990243019220e+03 2.975262808022958779e+03 2.888035415034068592e+03 2.812428464216953671e+03 2.748152286561744404e+03 2.694960673473170118e+03 2.652649879237751520e+03 2.621057821725631584e+03 2.600063463443062574e+03 2.589586359022985562e+03 2.589586359022985562e+03
1.913611762728112080e+04 1.913611762728112080e+04 1.902257041852935072e+04 1.879900429157198232e+04 1.847228711401451073e+04 1.805223314522672808e+04 1.755100326469870197e+04 1.698233992011518421e+04 1.636072324266751821e+04 1.570055415837724286e+04 1.501545702759853157e+04 1.431775954254150747e+04 1.361816792208398874e+04 1.292562323153914622e+04 1.224730508300536894e+04 1.158874153388898776e+04 1.095398537803989348e+04 1.034582337948357235e+04 9.765993212761826726e+03 9.215390914137378786e+03 8.694258461339584755e+03 8.202346327787055998e+03 7.739049550867384824e+03 7.303518255482707900e+03 6.894744981143759105e+03 6.511631852643788989e+03 6.153040841705828825e+03 5.817830266706818293e+03 5.504880398070354204e+03 5.213110667706283493e+03 4.941490582173781149e+03 4.689046049760799178e+03 4.454862474689908595e+03 4.238085659508334174e+03 4.037921294085642785e+03 3.853633596058073181e+03 3.684543499295838501e+03 3.530026658442744520e+03 3.389511442453731888e+03 3.262477021949081063e+03 3.148451608214140833e+03 3.047010870621335926e+03 2.957776539832641902e+03 2.880415192904655669e+03 2.814637210700843752e+03 2.760195895856242259e+03 2.716886739522979042e+03 2.684546826290593799e+03 2.663054368399088617e+03 2.652328362270398884e+03 2.652328362270398884e+03
1.875682762457590798e+04 1.875682762457590798e+04 1.865231953516548310e+04 1.844637293859673082e+04 1.814495659203130344e+04 1.775659588665738556e+04 1.729186876109777586e+04 1.676277711540368909e+04 1.618205751187984060e+04 1.556250716360027764e+04 1.491639379195892070e+04 1.425499595061421496e+04 1.358829333319842954e+04 1.292480262491808389e+04 1.227153802737921615e+04 1.163406743277939859e+04 1.101663383933680052e+04 1.042231464948541179e+04 9.853196768788313420e+03 9.310551280199690154e+03 8.794996890055175754e+03 8.306645833854161538e+03 7.845229351482615129e+03 7.410202258210237233e+03 7.000827710060578283e+03 6.616244176774403059e+03 6.255517068507889235e+03 5.917677562622619917e+03 5.601751062550593815e+03 5.306777480892162203e+03 5.031825238166680720e+03 4.776000551541184905e+03 4.538453283421974447e+03 4.318380345196297640e+03 4.115027415185251812e+03 3.927689534420737345e+03 3.755710987634437515e+03 3.598484755836669137e+03 3.455451735951454339e+03 3.326099856672820806e+03 3.209963172834280613e+03 3.106620988499777013e+03 3.015697037801376609e+03 2.936858739135373980e+03 2.869816530246318052e+03 2.814323287171873744e+03 2.770173827688894562e+03 2.737204498878302729e+03 2.715292848124837747e+03 2.704357376908390052e+03 2.704357376908390052e+03
1.846037937535674064e+04 1.846037937535674064e+04 1.836271796313540108e+04 1.817012672145981924e+04 1.788791495452235540e+04 1.752366673880002418e+04 1.708680501724458009e+04 1.658805654410127681e+04 1.603886818804863105e+04 1.545083264832780696e+04 1.483517668749385302e+04 1.420235001504064167e+04 1.356173359610563784e+04 1.292146791926862534e+04 1.228838812250419141e+04 1.166804499306866273e+04 1.106478816380911849e+04 1.048188892419201511e+04 9.921683402201157151e+03 9.385721155413491942e+03 8.874908529558921146e+03 8.389639970785374317e+03 7.929913575646663048e+03 7.495429486494815137e+03 7.085671356218960682e+03 6.699972132871514077e+03 6.337565982633579551e+03 5.997628402015800020e+03 5.679306572797626359e+03 5.381741870930901314e+03 5.104086218188847852e+03 4.845513709560176721e+03 4.605228692059823516e+03 4.382471231666705535e+03 4.176520695334810625e+03 3.986697998803113933e+03 3.812366928207708952e+03 3.652934831560033672e+03 3.507852890871208729e+03 3.376616122464219643e+03 3.258763207303215040e+03 3.153876220927860231e+03 3.061580310347340401e+03 2.981543350247567560e+03 2.913475600899473648e+03 2.857129383619776945e+03 2.812298785315380883e+03 2.778819400736586431e+03 2.756568118986952413e+03 2.745462959237158429e+03 2.745462959237158429e+03
1.824144156512534755e+04 1.824144156512534755e+04 1.814871866951044285e+04 1.796576854528869444e+04 1.769744090219464124e+04 1.735066419671019685e+04 1.693405539520877210e+04 1.645744653420491159e+04 1.593137090041333795e+04 1.536655616889512748e+04 1.477346776602716636e+04 1.416193450745290647e+04 1.354087380237892285e+04 1.291811924767076380e+04 1.230034197224747550e+04 1.169304981047629917e+04 1.110064517976853494e+04 1.052652255865827283e+04 9.973188599108036215e+03 9.442391131137712364e+03 8.935246838480286897e+03 8.452360683186620008e+03 7.993932954580276601e+03 7.559852008668528470e+03 7.149772356298731211e+03 6.763178823211143936e+03 6.399438141081170215e+03 6.057839638451418068e+03 5.737626778346162610e+03 5.438021214783417236e+03 5.158240876092165308e+03 4.897513375551086938e+03 4.655085831911400419e+03 4.430231974725211330e+03 4.222257223998607515e+03 4.030502275892671605e+03 3.854345596934002060e+03 3.693205126650440889e+03 3.546539409404902472e+03 3.413848316580386381e+03 3.294673476281549028e+03 3.188598495841201384e+03 3.095249039629579329e+03 3.014292808507309019e+03 2.945439455826508038e+03 2.888440466713700971e+03 2.843089021402568505e+03 2.809219858878724153e+03 2.786709153519019765e+03 2.775474414412972692e+03 2.775474414412972692e+03
1.809638244279328501e+04 1.809638244279328501e+04 1.800688109631504267e+04 1.783022742038028082e+04 1.757098476456705612e+04 1.723567127053534932e+04 1.683239594097900408e+04 1.637042134051615722e+04 1.585969181454985846e+04 1.531036856657926182e+04 1.473240890250781740e+04 1.413521754168736697e+04 1.352738569262490455e+04 1.291652144382765255e+04 1.230916508226487531e+04 1.171077629635622179e+04 1.112577693303817614e+04 1.055763249624455966e+04 1.000895705236503636e+04 9.481628797717139605e+03 8.976906546569871352e+03 8.495540325941929041e+03 8.037871823727393348e+03 7.603922496424998826e+03 7.193468678955757241e+03 6.806104096168822252e+03 6.441290831901714228e+03 6.098400156004052405e+03 5.776744728117356317e+03 5.475603663520430928e+03 5.194241820844186805e+03 4.931924499003005621e+03 4.687928543058688774e+03 4.461550676551410106e+03 4.252113713108151387e+03 4.058971158541075965e+03 3.881510597583541312e+03 3.719156165600151780e+03 3.571370332342265101e+03 3.437655168803652941e+03 3.317553226103767884e+03 3.210648124048657792e+03 3.116564923953659672e+03 3.034970343321133896e+03 2.965572857377640503e+03 2.908122722990894999e+03 2.862411953193832687e+03 2.828274264724035220e+03 2.805585016192106195e+03 2.794261150364367950e+03 2.794261150364367950e+03
1.802310108256520834e+04 1.802310108256520834e+04 1.793521561647482667e+04 1.776172916269838606e+04 1.750707707906241558e+04 1.717758983880089363e+04 1.678113755957160902e+04 1.632670671439906619e+04 1.582394688205423154e+04 1.528272628459704538e+04 1.471273028831532065e+04 1.412312814392348810e+04 1.352232216393253111e+04 1.291778260324397525e+04 1.231596251315911650e+04 1.172228071312247448e+04 1.114115788789682665e+04 1.057609022374938104e+04 1.002974622754461052e+04 9.504074676733192973e+03 9.000414389047293298e+03 8.519599215875994560e+03 8.062054067022612799e+03 7.627879727957536488e+03 7.216925701047485745e+03 6.828851323931665320e+03 6.463176060945907011e+03 6.119320209651213190e+03 5.796637394526792377e+03 5.494440204115174311e+03 5.212020223164267009e+03 4.948663560412512197e+03 4.703662805671135175e+03 4.476326186296372725e+03 4.265984544328779521e+03 4.071996626936087523e+03 3.893753075746704781e+03 3.730679414190918578e+03 3.582238263731548614e+03 3.447930966990003981e+03 3.327298755326923128e+03 3.219923567771518719e+03 3.125428604985327183e+03 3.043478684353081917e+03 2.973780448809317477e+03 2.916082471526904556e+03 2.870175290254008814e+03 2.835891398274444327e+03 2.813105213235317933e+03 2.801733040110942966e+03 2.801733040110942966e+03
1.802093466218822141e+04 1.802093466218822141e+04 1.793309792800626747e+04 1.775972495775812422e+04 1.750527769197653106e+04 1.717611478691633238e+04 1.678012667405555476e+04 1.632630508391612602e+04 1.582428653037741242e+04 1.528390871992617031e+04 1.471481316959124524e+04 1.412611788110524321e+04 1.352617283422525179e+04 1.292240045368006577e+04 1.232121465084003285e+04 1.172800632921541546e+04 1.114718041957748392e+04 1.058222911323703011e+04 1.003582728735355886e+04 9.509938439041972742e+03 9.005922154276719084e+03 8.524636792466630141e+03 8.066533398824437427e+03 7.631738737239612419e+03 7.220126741399521961e+03 6.831378650305375231e+03 6.465032697761263080e+03 6.120524546104316869e+03 5.797219771285430397e+03 5.494439687350947679e+03 5.211481697529618941e+03 4.947635216647307971e+03 4.702194053292196259e+03 4.474465987786758888e+03 4.263780143679471621e+03 4.069492630866537638e+03 3.890990838656894994e+03 3.727696676082079193e+03 3.579068992314188108e+03 3.444605359579167725e+03 3.323843361818221638e+03 3.216361502161141743e+03 3.121779818994332345e+03 3.039760282375501447e+03 2.970007028427576643e+03 2.912266478144718803e+03 2.866327377970609632e+03 2.832020792012910988e+03 2.809220069398603755e+03 2.797840804740986641e+03 2.797840804740986641e+03
1.809063475106123951e+04 1.809063475106123951e+04 1.800124680577457548e+04 1.782487234965575772e+04 1.756616202934693865e+04 1.723172742395563546e+04 1.682974686163426304e+04 1.636950527173899354e+04 1.586091208597864352e+04 1.531403907484461160e+04 1.473871248062726409e+04 1.414418278200695204e+04 1.353888328502808872e+04 1.293027766195972436e+04 1.232478803258056723e+04 1.172778981752610889e+04 1.114365726371880373e+04 1.057584364728688161e+04 1.002698190919511580e+04 9.498994108423728903e+03 8.993200971981003022e+03 8.510425557541944727e+03 8.051087381548160010e+03 7.615285204681352297e+03 7.202868007295327516e+03 6.813494586567027909e+03 6.446682747906408622e+03 6.101849333609502537e+03 5.778342412410609541e+03 5.475466911459618132e+03 5.192504859038665018e+03 4.928731259339348981e+03 4.683426464947237037e+03 4.455885763818127998e+03 4.245426763904909421e+03 4.051395043770799020e+03 3.873168441955413982e+03 3.710160280187380067e+03 3.561821753516017452e+03 3.427643671516033464e+03 3.307157696448081879e+03 3.199937194401301895e+03 3.105597792136192766e+03 3.023797714057481699e+03 2.954237959259658510e+03 2.896662366970296262e+03 2.850857609248426343e+03 2.816653141934508767e+03 2.793921138184627580e+03 2.782576423140179031e+03 2.782576423140179031e+03
1.823441131035183207e+04 1.823441131035183207e+04 1.814176380543405321e+04 1.795906723773236808e+04 1.769134343159757918e+04 1.734570776549922448e+04 1.693092197030338139e+04 1.645687811489235901e+04 1.593406585791195175e+04 1.537307078979741891e+04 1.478414123058059158e+04 1.417684693179468741e+04 1.355983878402202572e+04 1.294070632705610478e+04 1.232592103903163843e+04 1.172084841465833415e+04 1.112981029102050888e+04 1.055617986462672525e+04 1.000249438429838483e+04 9.470573739014855164e+03 8.961636449795527369e+03 8.476407520956798180e+03 8.015215012217136973e+03 7.578074009484471389e+03 7.164757940401516862e+03 6.774857989029585951e+03 6.407831815673303026e+03 6.063042981753366803e+03 5.739792500567969000e+03 5.437343849663640867e+03 5.154942638733156855e+03 4.891831962582516098e+03 4.647264303643391941e+03 4.420510695488303099e+03 4.210867724156350050e+03 4.017662829850449270e+03 3.840258277225029815e+03 3.678054086115413611e+03 3.530490153635403658e+03 3.397047750452905802e+03 3.277250536278656000e+03 3.170665210004996425e+03 3.076901886717968409e+03 2.995614275496691789e+03 2.926499717374233114e+03 2.869299131150252379e+03 2.823796905236913062e+03 2.789820765852970908e+03 2.767241645250247984e+03 2.755973567952636586e+03 2.755973567952636586e+03
1.845604881370785733e+04 1.845604881370785733e+04 1.835823857626927565e+04 1.816552926033045878e+04 1.788353247546510829e+04 1.752016529563983568e+04 1.708511936805645746e+04 1.658925608850605568e+04 1.604399280145402008e+04 1.546073756538922134e+04 1.485041490570403403e+04 1.422310633535396846e+04 1.358781143235891432e+04 1.295232093252322738e+04 1.232318401147200893e+04 1.170574763632054965e+04 1.110424558714976229e+04 1.052191714270548255e+04 9.961139208536316801e+03 9.423559833690142113e+03 8.910224952752276295e+03 8.421693451441544312e+03 7.958138165238252441e+03 7.519432208183591683e+03 7.105221197473213579e+03 6.714982621800380002e+03 6.348073928749728111e+03 6.003770992568426664e+03 5.681298558594603492e+03 5.379854111376141191e+03 5.098626426534144230e+03 4.836809871877147998e+03 4.593615339112702713e+03 4.368278523094257253e+03 4.160066124558403317e+03 3.968280434872490332e+03 3.792262665609498526e+03 3.631395309020931563e+03 3.485103754657510308e+03 3.352857339572666206e+03 3.234169972132071052e+03 3.128600440215701838e+03 3.035752491733388524e+03 2.955274757405905802e+03 2.886860571560779135e+03 2.830247735355624172e+03 2.785218257691650251e+03 2.751598101594952823e+03 2.729256957605011848e+03 2.718108060417731849e+03 2.718108060417731849e+03
1.876110528879137200e+04 1.876110528879137200e+04 1.865592901269988215e+04 1.844894697586475377e+04 1.814663619040195408e+04 1.775808759603992803e+04 1.729434977509525197e+04 1.676769141838514406e+04 1.619086737519138478e+04 1.557646069422620167e+04 1.493635042817090653e+04 1.428132880971129271e+04 1.362086783262571953e+04 1.296301809875830077e+04 1.231441316685240054e+04 1.168034969327959152e+04 1.106491549884269989e+04 1.047114227479980582e+04 9.901165247689015814e+03 9.356377589203359094e+03 8.837572035938432236e+03 8.345065823432212710e+03 7.878807644463178804e+03 7.438467053703328020e+03 7.023507751135823128e+03 6.633246676385380852e+03 6.266901000430282693e+03 5.923625040048104893e+03 5.602538938984414017e+03 5.302750723639795069e+03 5.023373092053023356e+03 4.763536057940010323e+03 4.522396359447147006e+03 4.299144360222725481e+03 4.093009018774956530e+03 3.903261378599901036e+03 3.729216932699200242e+03 3.570237137983456250e+03 3.425730293899262051e+03 3.295151952060804433e+03 3.178004986827814264e+03 3.073839428278078231e+03 2.982252136966792932e+03 2.902886382740889985e+03 2.835431376513362466e+03 2.779621793397686361e+03 2.735237317269326923e+03 2.702102230125917686e+03 2.680085064155713098e+03 2.669098329882582220e+03 2.669098329882582220e+03
1.915721298819816366e+04 1.915721298819816366e+04 1.904203227787528886e+04 1.881569399681090363e+04 1.848590214444501544e+04 1.806340549788443241e+04 1.756115701024917507e+04 1.699338247429698458e+04 1.637467390532505669e+04 1.571920238775979669e+04 1.504011005231884701e+04 1.434910268218320925e+04 1.365623259693174441e+04 1.296984075211484924e+04 1.229661776481331253e+04 1.164174337159224160e+04 1.100906922483227754e+04 1.040131782739950540e+04 9.820278567253872097e+03 9.266988960115093505e+03 8.741894805745676422e+03 8.244986963628796730e+03 7.775915065443577987e+03 7.334080009309675916e+03 6.918707829832117568e+03 6.528907769289252428e+03 6.163717290340639011e+03 5.822136513682269651e+03 5.503154231862034067e+03 5.205767303414293565e+03 4.928994904174360272e+03 4.671888822315900143e+03 4.433540736551918599e+03 4.213087212777176319e+03 4.009712989488632957e+03 3.822652991360886062e+03 3.651193407755773478e+03 3.494672093427955588e+03 3.352478487539790876e+03 3.224053200362080133e+03 3.108887381449781060e+03 3.006521956049276923e+03 2.916546795964165995e+03 2.838599875502897703e+03 2.772366451233877797e+03 2.717578295167779743e+03 2.674013003965442749e+03 2.641493401311043272e+03 2.619887046292177729e+03 2.609105857181181364e+03 2.609105857181181364e+03
1.965450992120317096e+04 1.965450992120317096e+04 1.952607171006168574e+04 1.927413329825389883e+04 1.890811463791698043e+04 1.844107175763783744e+04 1.788858613653436623e+04 1.726755150863043309e+04 1.659502161446282116e+04 1.588724739210154621e+04 1.515897567889827042e+04 1.442302390559137530e+04 1.369010146223858646e+04 1.296882405833937810e+04 1.226586059548322191e+04 1.158615726711186107e+04 1.093319487035514794e+04 1.030924810821637584e+04 9.715627237605314804e+03 9.152891566035579672e+03 8.621030810201837085e+03 8.119614527723180800e+03 7.647912241406447720e+03 7.204988020783206593e+03 6.789773612074700395e+03 6.401124049855421617e+03 6.037859274431087215e+03 5.698794769129861379e+03 5.382763711856072405e+03 5.088632654498497686e+03 4.815312324619196261e+03 4.561764792589435274e+03 4.327007961343337229e+03 4.110118108073588701e+03 3.910231028759307264e+03 3.726542198595256650e+03 3.558306256124328229e+03 3.404836039220841485e+03 3.265501341260842310e+03 3.139727511191593749e+03 3.026993988090269340e+03 2.926832836336038326e+03 2.838827329494896276e+03 2.762610617795304279e+03 2.697864504381948336e+03 2.644318348461994901e+03 2.601748108286571551e+03 2.569975533150502088e+03 2.548867510840333580e+03 2.538335574945148437e+03 2.538335574945148437e+03
2.026624613674319335e+04 2.026624613674319335e+04 2.012043712097205207e+04 1.983503519345711538e+04 1.942185282330283007e+04 1.889714696700452987e+04 1.828011062283899082e+04 1.759124660223753381e+04 1.685086526675979985e+04 1.607788671062110552e+04 1.528903317775226242e+04 1.449840797215492967e+04 1.371739677935064719e+04 1.295480105034432563e+04 1.221711337736060705e+04 1.150886019547316937e+04 1.083295785541271835e+04 1.019104786333197990e+04 9.583792922116579575e+03 9.011126643182918997e+03 8.472456933587385720e+03 7.966827053159161551e+03 7.493040153111668587e+03 7.049753557187673323e+03 6.635548720726257670e+03 6.248982099968867260e+03 5.888621330566064898e+03 5.553070291325323524e+03 5.240985887710940915e+03 4.951088757641060511e+03 4.682169583475930267e+03 4.433092279976802274e+03 4.202795004231887106e+03 3.990289684603117166e+03 3.794660576981738359e+03 3.615062215193262546e+03 3.450717017512482016e+03 3.300912734222458766e+03 3.164999865098380724e+03 3.042389135273649572e+03 2.932549089061296399e+03 2.835003840882101485e+03 2.749331008174626731e+03 2.675159841335432702e+03 2.612169559095446857e+03 2.560087893372398412e+03 2.518689844886318042e+03 2.487796649205573885e+03 2.467274952062938155e+03 2.457036192501891492e+03 2.457036192501891492e+03
2.100962955943213456e+04 2.100962955943213456e+04 2.084113405318994410e+04 2.051214640488876466e+04 2.003782366803557306e+04 1.943888022276735865e+04 1.873948603587883917e+04 1.796502468110677000e+04 1.714008739077135760e+04 1.628696581972981221e+04 1.542473934133324838e+04 1.456891013707328239e+04 1.373145833728454818e+04 1.292116796281389725e+04 1.214409161184600816e+04 1.140405570797138535e+04 1.070314339389266934e+04 1.004212116109633280e+04 9.420795856135722715e+03 8.838301541337266826e+03 8.293322650963171327e+03 7.784262886397601505e+03 7.309369893684621275e+03 6.866825072510248901e+03 6.454806592977545733e+03 6.071532267736735776e+03 5.715287567284373836e+03 5.384442877844153372e+03 5.077463115604858103e+03 4.792912022282996986e+03 4.529452851929793724e+03 4.285846688898555840e+03 4.060949283544014179e+03 3.853707030271290478e+03 3.663152520765447662e+03 3.488399966477880298e+03 3.328640685245462009e+03 3.183138776880779460e+03 3.051227063820394505e+03 2.932303339543352195e+03 2.825826945109773078e+03 2.731315679599881150e+03 2.648343041140390142e+03 2.576535789899990959e+03 2.515571821726432518e+03 2.465178340137630585e+03 2.425130314579161222e+03 2.395249213811733171e+03 2.375402004722277070e+03 2.365500408569119827e+03 2.365500408569119827e+03
2.190700612417479351e+04 2.190700612417479351e+04 2.170882440474477698e+04 2.132296597737864795e+04 2.076928678529162426e+04 2.007476070239752153e+04 1.927047546436507037e+04 1.838844678499706060e+04 1.745887569823121885e+04 1.650824444510020112e+04 1.555833638840693311e+04 1.462603597249128507e+04 1.372366505603506448e+04 1.285961388822644221e+04 1.203907856551316945e+04 1.126478237019613880e+04 1.053761465032089109e+04 9.857160860529913407e+03 9.222121887723911641e+03 8.630633608148758867e+03 8.080502790631625430e+03 7.569376185599925520e+03 7.094858121462461895e+03 6.654589519915439269e+03 6.246298688609034798e+03 5.867831918907342697e+03 5.517169949936238481e+03 5.192434780149749713e+03 4.891890080041514011e+03 4.613937528979142371e+03 4.357110707044371338e+03 4.120067666183934307e+03 3.901582939428443751e+03 3.700539486647372996e+03 3.515920892512289811e+03 3.346804005864898045e+03 3.192352123713246328e+03 3.051808765904108441e+03 2.924492049601486087e+03 2.809789649862461374e+03 2.707154319410272819e+03 2.616099934021032823e+03 2.536198027556803481e+03 2.467074781052330763e+03 2.408408432360157349e+03 2.359927075955855798e+03 2.321406826146454932e+03 2.292670320810595967e+03 2.273585546754456118e+03 2.264064971689297636e+03 2.264064971689297636e+03
2.298751091483863274e+04 2.298751091483863274e+04 2.275028179852452740e+04 2.228981417410371432e+04 2.163259463981262161e+04 2.081449527366583061e+04 1.987635287017401788e+04 1.885927470328514028e+04 1.780079589771228348e+04 1.673249511517430801e+04 1.567907186732325135e+04 1.465852630328698615e+04 1.368299006667422691e+04 1.275982801344309155e+04 1.189275627609927869e+04 1.108283824964210180e+04 1.032930324777685200e+04 9.630182529032144885e+03 8.982782418830936876e+03 8.384023507837058787e+03 7.830675496247707997e+03 7.319513821172279677e+03 6.847419428244083974e+03 6.411438297347203843e+03 6.008813195837571584e+03 5.636996782515313498e+03 5.293652592516810728e+03 4.976648487694819778e+03 4.684045730432164419e+03 4.414085811701064813e+03 4.165176436155950796e+03 3.935877558515235705e+03 3.724888015549706779e+03 3.531033061149580590e+03 3.353252954819680781e+03 3.190592652410601204e+03 3.042192584616648219e+03 2.907280471518115974e+03 2.785164101586987726e+03 2.675224995113224395e+03 2.576912870819272484e+03 2.489740837683749305e+03 2.413281239821573763e+03 2.347162089401901540e+03 2.291064030262403321e+03 2.244717782580061339e+03 2.207902026428906538e+03 2.180441689142621726e+03 2.162206608057610538e+03 2.153110546462939510e+03 2.153110546462939510e+03
2.428938178591359610e+04 2.428938178591359610e+04 2.400044963143688801e+04 2.344133631218438313e+04 2.264788423425912333e+04 2.166882730153527154e+04 2.055902004820308503e+04 1.937218793355808884e+04 1.815541060101408220e+04 1.694624402731597729e+04 1.577217900271100734e+04 1.465161026915368893e+04 1.359550641581188029e+04 1.260921248700376782e+04 1.169407383743231912e+04 1.084875720575166633e+04 1.007025492160085741e+04 9.354610363986692391e+03 8.697420016896492598e+03 8.094166785562109908e+03 7.540431133634115213e+03 7.032016660965109622e+03 6.565017516829197120e+03 6.135847440657899824e+03 5.741244354490142541e+03 5.378260085984210491e+03 5.044241673472481125e+03 4.736808501289342530e+03 4.453827988218343307e+03 4.193391512378640982e+03 3.953791558615265330e+03 3.733500615086510606e+03 3.531152049700685893e+03 3.345523011877144199e+03 3.175519294257957426e+03 3.020162027254984423e+03 2.878576049434554534e+03 2.749979787037253118e+03 2.633676478546311046e+03 2.529046589963249062e+03 2.435541279938481694e+03 2.352676788967507946e+03 2.280029642176621564e+03 2.217232570001403928e+03 2.163971064885866326e+03 2.119980504823994124e+03 2.085043786091264792e+03 2.058989417937378221e+03 2.041690041439259630e+03 2.033061343303104877e+03 2.033061343303104877e+03
2.586318443879660845e+04 2.586318443879660845e+04 2.550539617651651497e+04 2.481469920750792153e+04 2.383998473034396375e+04 2.264903125216120679e+04 2.131744013821803674e+04 1.991672130338138595e+04 1.850622410432862307e+04 1.713003504792913736e+04 1.581758230897565045e+04 1.458614510238749426e+04 1.344388807945201552e+04 1.239265245028800200e+04 1.143020051513856015e+04 1.055187590092004029e+04 9.751759690125358247e+03 9.023435905258322236e+03 8.360473563725521672e+03 7.756712351450659298e+03 7.206417125990027671e+03 6.704347722061553213e+03 6.245776051489609927e+03 5.826471936573619132e+03 5.442671705493346963e+03 5.091038507061221935e+03 4.768619899541820814e+03 4.472806024025243460e+03 4.201290217567709988e+03 3.952032995660392771e+03 3.723229759107122391e+03 3.513282236002412446e+03 3.320773473895633742e+03 3.144446096307774951e+03 2.983183495834994574e+03 2.835993629771780434e+03 2.701995098433553721e+03 2.580405211503478313e+03 2.470529777764987557e+03 2.371754384836489862e+03 2.283536965866904211e+03 2.205401478429973395e+03 2.136932546548538539e+03 2.077770939716515386e+03 2.027609783066194041e+03 1.986191410640082950e+03 1.953304789342239701e+03 1.928783454868309946e+03 1.912503913035837286e+03 1.904384470765380456e+03 1.904384470765380456e+03
2.777620869797814885e+04 2.777620869797814885e+04 2.732664863838772362e+04 2.645901006683945889e+04 2.523967164700273133e+04 2.376574045694534652e+04 2.214482961309301754e+04 2.047392274333698151e+04 1.882763964773277985e+04 1.725609140501048387e+04 1.578833304272387431e+04 1.443771373527968717e+04 1.320699780353807182e+04 1.209242922088181331e+04 1.108663328688809997e+04 1.018054272927839884e+04 9.364601529830481013e+03 8.629471879680086204e+03 7.966416160669642522e+03 7.367474904476024676e+03 6.825521742571486357e+03 6.334247778583152467e+03 5.888108386702774624e+03 5.482252656496154486e+03 5.112447484433683712e+03 4.775003125118677417e+03 4.466703801063377796e+03 4.184745020240643498e+03 3.926678101235647773e+03 3.690361756548412359e+03 3.473920243442154970e+03 3.275707436831427458e+03 3.094276133348285384e+03 2.928351912147776147e+03 2.776810926798658329e+03 2.638661066004073746e+03 2.513025988478330873e+03 2.399131603185002859e+03 2.296294627254418629e+03 2.203912908884993612e+03 2.121457251005195758e+03 2.048464513643666123e+03 1.984531809308489755e+03 1.929311636834856472e+03 1.882507825800730643e+03 1.843872186368661232e+03 1.813201778914954730e+03 1.790336734595165581e+03 1.775158572586640730e+03 1.767588972579680103e+03 1.767588972579680103e+03
3.011808222234772256e+04 3.011808222234772256e+04 2.954774774349241125e+04 2.844120654330571051e+04 2.688554069072726998e+04 2.502633283547825340e+04 2.302351750953997180e+04 2.101089946061106093e+04 1.908052039330832122e+04 1.728530041402513598e+04 1.564888205117358848e+04 1.417585018970250530e+04 1.285972633494854563e+04 1.168840815106381888e+04 1.064755254924262590e+04 9.722529971681329698e+03 8.899464574240791990e+03 8.165721516182714367e+03 7.510075410374716739e+03 6.922704440658643762e+03 6.395096338369835394e+03 5.919916067486548855e+03 5.490863041416406304e+03 5.102532621253123580e+03 4.750289039566824613e+03 4.430152575088180129e+03 4.138701436692579591e+03 3.872987592038247385e+03 3.630465212345843611e+03 3.408930211388412772e+03 3.206469363244033957e+03 3.021417590233282681e+03 2.852322162706049767e+03 2.697912714202264851e+03 2.557076132193923513e+03 2.428835527960146010e+03 2.312332615972678468e+03 2.206812942995228696e+03 2.111613500858326006e+03 2.026152336152824319e+03 1.949919836700083351e+03 1.882471430402174292e+03 1.823421478615982323e+03 1.772438185055513713e+03 1.729239373675907473e+03 1.693589016196137436e+03 1.665294412819994022e+03 1.644203949134503546e+03 1.630205368824269499e+03 1.623224516317251073e+03 1.623224516317251073e+03
3.300663376692972088e+04 3.300663376692972088e+04 3.228460700541959523e+04 3.085776847829354301e+04 2.882699145905127079e+04 2.642893548889376689e+04 2.391527104496515676e+04 2.147192322964619234e+04 1.920593625652825358e+04 1.716364803132697489e+04 1.535352039963794596e+04 1.376372984828660447e+04 1.237334879639396604e+04 1.115868323079004585e+04 1.009653861295025126e+04 9.165712425626104960e+03 8.347527219174291531e+03 7.625875650290041449e+03 6.987037816604914951e+03 6.419409265315888661e+03 5.913210215290429005e+03 5.460209704801589396e+03 5.053478832375199090e+03 4.687177191356436197e+03 4.356371667207457904e+03 4.056884578191356468e+03 3.785167384411890453e+03 3.538196153074676658e+03 3.313385263988682709e+03 3.108516264543443867e+03 2.921679233051745996e+03 2.751224433152480742e+03 2.595722418829751859e+03 2.453931073646918321e+03 2.324768340712660120e+03 2.207289626724190839e+03 2.100669050345861251e+03 2.004183858368296796e+03 1.917201458232101004e+03 1.839168617548867815e+03 1.769602464436646869e+03 1.708082990327852713e+03 1.654246812311609119e+03 1.607781997434464301e+03 1.568423788640484418e+03 1.535951102790120785e+03 1.510183696744874851e+03 1.490979918921134640e+03 1.478234981873206607e+03 1.471879707111352900e+03 1.471879707111352900e+03
3.658935114343713940e+04 3.658935114343713940e+04 3.570272604200259229e+04 3.386243211468277150e+04 3.112856517551943398e+04 2.794772897314663351e+04 2.474262689084979866e+04 2.176421942707722337e+04 1.911703152985441557e+04 1.681877137198068885e+04 1.484573867089100349e+04 1.315890805285822717e+04 1.171677820604164299e+04 1.048089706775922969e+04 9.417760393699465567e+03 8.499060076913207013e+03 7.701256965038842282e+03 7.004933352458388072e+03 6.394125867204468705e+03 5.855719114275267202e+03 5.378925253482908374e+03 4.954850538640615014e+03 4.576140250707390805e+03 4.236690548508517168e+03 3.931415790215255129e+03 3.656061075116534994e+03 3.407051295815660524e+03 3.181369510868024008e+03 2.976458801776512246e+03 2.790142924300094819e+03 2.620562006695000946e+03 2.466120309800830910e+03 2.325443674000886404e+03 2.197344763495008920e+03 2.080794603229070162e+03 1.974899208658374846e+03 1.878880349911936491e+03 1.792059683278776674e+03 1.713845634868442403e+03 1.643722542205757463e+03 1.581241655991120751e+03 1.526013681477076716e+03 1.477702600942459185e+03 1.436020568783644649e+03 1.400723711305639654e+03 1.371608696382126936e+03 1.348509965342019314e+03 1.331297542008555638e+03 1.319875352780444246e+03 1.314180007856655948e+03 1.314180007856655948e+03
4.103949209878683905e+04 4.103949209878683905e+04 4.007678051271302684e+04 3.775974433887519990e+04 3.386994539539812104e+04 2.949360489819794020e+04 2.535265571968104268e+04 2.173676711907321805e+04 1.869037038341873995e+04 1.615848945520848793e+04 1.405992919589459416e+04 1.231597480711252138e+04 1.085916910646178439e+04 9.634437338084644580e+03 8.597702872682741145e+03 7.713947350863233623e+03 6.955382468369015442e+03 6.299915214427831415e+03 5.729917943039786223e+03 5.231262662279290453e+03 4.792569409934319992e+03 4.404623006614339829e+03 4.059920419956887145e+03 3.752318832014620511e+03 3.476761201473841993e+03 3.229061489309558965e+03 3.005735908800646939e+03 2.803869781206345579e+03 2.621012033310940296e+03 2.455091237844030275e+03 2.304348512993091845e+03 2.167283672007116365e+03 2.042611831711447394e+03 1.929228312737301167e+03 1.826180141952433814e+03 1.732642834624995203e+03 1.647901417032090421e+03 1.571334869629581817e+03 1.502403341635506195e+03 1.440637621346168544e+03 1.385630451323369471e+03 1.337029360295265860e+03 1.294530749209932992e+03 1.257875021182382170e+03 1.226842587030683262e+03 1.201250611989047229e+03 1.180950396794311700e+03 1.165825309072341724e+03 1.155789199913408538e+03 1.150785256624806607e+03 1.150785256624806607e+03
4.296304749560986238e+04 4.296304749560986238e+04 4.300391983091251313e+04 4.193534743368905038e+04 3.691713919763528247e+04 3.079355675176620935e+04 2.545016693459081944e+04 2.115442657761975352e+04 1.776205912948898549e+04 1.507531027769588763e+04 1.292765532378914941e+04 1.119213861200189240e+04 9.774234602038492085e+03 8.603575399703422590e+03 7.627384025345122609e+03 6.805698106036796162e+03 6.107963996457333451e+03 5.510603406392921897e+03 4.995259632456144573e+03 4.547520696059390502e+03 4.155980493203776859e+03 3.811542119604741856e+03 3.506896482026732883e+03 3.236128964593231103e+03 2.994420446000345692e+03 2.777818389840399050e+03 2.583060371479894002e+03 2.407437128714415849e+03 2.248685611719091412e+03 2.104904956928220599e+03 1.974490092558703964e+03 1.856078990689796683e+03 1.748510545630193064e+03 1.650790775132862791e+03 1.562065577089246517e+03 1.481598677779954869e+03 1.408753713325039371e+03 1.342979618820551195e+03 1.283798678174995530e+03 1.230796725338416081e+03 1.183615094436365098e+03 1.141943999685505787e+03 1.105517091410551757e+03 1.074106986193653938e+03 1.047521610317125351e+03 1.025601228627677756e+03 1.008216057614265765e+03 9.952643833017225461e+02 9.866711226416567797e+02 9.823867823531730892e+02 9.823867823531730892e+02
4.619466161703102989e+04 4.619466161703102989e+04 4.546069810169850825e+04 4.379585240812845586e+04 3.847106645767489681e+04 3.108371316635138282e+04 2.450284503257024699e+04 1.968579418288922898e+04 1.614220881055568680e+04 1.346354701535987078e+04 1.139095820517977154e+04 9.756337749129595977e+03 8.446197029642855341e+03 7.381293326565037205e+03 6.504811688933301411e+03 5.775168168781037821e+03 5.161417166015063231e+03 4.640206030057111093e+03 4.193695262159876620e+03 3.808105828030017165e+03 3.472686379440781366e+03 3.178968254093254473e+03 2.920221312399412909e+03 2.691052027009148787e+03 2.487103612670000075e+03 2.304830178271748991e+03 2.141325129912896955e+03 1.994189715930684088e+03 1.861431541870046885e+03 1.741385651612999027e+03 1.632652737151254996e+03 1.534050449360505581e+03 1.444574802138484984e+03 1.363369406542183697e+03 1.289700819110523980e+03 1.222938694583973074e+03 1.162539736617284916e+03 1.108034668447404783e+03 1.059017618611520902e+03 1.015137448976270775e+03 9.760906539195269715e+02 9.416155381055015141e+02 9.114874415155089764e+02 8.855148284160188723e+02 8.635360948891195676e+02 8.454169797754831279e+02 8.310484881837174953e+02 8.203452564934600559e+02 8.132443040951894773e+02 8.097041308211532851e+02 8.097041308211532851e+02
9.328179893262175028e+04 9.328179893262175028e+04 9.214417463806102751e+04 7.940356095730952802e+04 3.904725246380411409e+04 2.839041380943061813e+04 2.168836052579411262e+04 1.696349217987986412e+04 1.367193971078459253e+04 1.125558080190936926e+04 9.423132160127875977e+03 8.000864385683647015e+03 6.876341233195511450e+03 5.973045736666475932e+03 5.237182553004800866e+03 4.630047822850767261e+03 4.123288977785715360e+03 3.695818142472684031e+03 3.331737985394396674e+03 3.018916056721226141e+03 2.747987397617467650e+03 2.511646312197803582e+03 2.304136791130693382e+03 2.120881416077919766e+03 1.958208062956835875e+03 1.813146503938562091e+03 1.683275529755459047e+03 1.566606974363710833e+03 1.461496966256805990e+03 1.366577459524674623e+03 1.280703007011150021e+03 1.202909087525986024e+03 1.132379262510014541e+03 1.068419131859430308e+03 1.010435563564679228e+03 9.579200422817923481e+02 9.104352560697499257e+02 8.676042449983586948e+02 8.291015890621763447e+02 7.946462292962327183e+02 7.639956048682006440e+02 7.369408572361543293e+02 7.133029053705085971e+02 6.929292372872389478e+02 6.756912955811180836e+02 6.614823603564798304e+02 6.502158535383387061e+02 6.418240052227754404e+02 6.362568364321273293e+02 6.334814241202382163e+02 6.334814241202382163e+02
2.607217716918604378e-28 2.607217716918604378e-28 3.309517146418502549e-28 5.757699210578040683e-28 4.744535662493634300e+04 2.092741088245625724e+04 1.622835735711178859e+04 1.283796967662455791e+04 1.034018908956284577e+04 8.472101653892956165e+03 7.050678963789654517e+03 5.951431325958109483e+03 5.087888250538293505e+03 4.399222457271433996e+03 3.842152401970330629e+03 3.385511090947069079e+03 3.006572774786539412e+03 2.688554267150324449e+03 2.418903422879094705e+03 2.188116523682766456e+03 1.988912801001105663e+03 1.815651865652078868e+03 1.663917846629319683e+03 1.530219112225298659e+03 1.411768995718103724e+03 1.306323922151699435e+03 1.212062660626930892e+03 1.127495361028731168e+03 1.051394388313183072e+03 9.827412701772919945e+02 9.206856708898143324e+02 8.645134229034515556e+02 8.136214396556458723e+02 7.674978988433991844e+02 7.257064937835002638e+02 6.878738478427771952e+02 6.536794054477652480e+02 6.228472751524874411e+02 5.951396212963564949e+02 5.703512919880093932e+02 5.483054403976801723e+02 5.288499493242513836e+02 5.118545098436881062e+02 4.972082365764765655e+02 4.848177269536486165e+02 4.746054914937774356e+02 4.665086977628376417e+02 4.604808669343752436e-29 4.564804155528949772e-29 4.544861133863395012e-29 4.544861133863395012e-29
0.000000000000000000e+00 0.000000000000000000e+00 0.000000000000000000e+00 0.000000000000000000e+00 1.768531221053800255e+04 1.096449837382031001e+04 9.419181739101170024e+03 7.820929675220560057e+03 6.389154996797362401e+03 5.248159491028501179e+03 4.360053306271809561e+03 3.668971660398461609e+03 3.126392242107272068e+03 2.695083137117926071e+03 2.347600005537660309e+03 2.063921762985723490e+03 1.829408463901163714e+03 1.633267937279419584e+03 1.467459473446556785e+03 1.325922714163649516e+03 1.204036327329186861e+03 1.098236065155585493e+03 1.005742972986831205e+03 9.243680094027226914e+02 8.523700739878854620e+02 7.883517192793970025e+02 7.311817288440424818e+02 6.799370534738974357e+02 6.338588435917328070e+02 5.923188522488129593e+02 5.547935435489854399e+02 5.208439805145337687e+02 4.901000868043844889e+02 4.622482467269933295e+02 4.370214736855857609e+02 4.141915698038927758e+02 3.935628403940472708e+02 3.749670309525319567e+02 3.582592318168391898e+02 3.433145537591466905e+02 3.300254217924129421e+02 3.182993680293809007e+02 3.080572302293737721e+02 2.992316826614892875e+02 2.917660415206452740e+02 2.856132994437595585e+02 2.807353534708077518e+02 2.771040544990151959e-29 2.746941353029419934e-29 2.734927652925721038e-29 2.734927652925721038e-29
0.000000000000000000e+00 0.000000000000000000e+00 0.000000000000000000e+00 0.000000000000000000e+00 4.582906317833812864e+03 3.321592073933950360e+03 3.030363143571627006e+03 2.604956170776877116e+03 2.153433650654325902e+03 1.775030386007874540e+03 1.474777558070151144e+03 1.239585814887226206e+03 1.054697563480907320e+03 9.078608459340623540e+02 7.897663442041331336e+02 6.935416274165062305e+02 6.141418250527756300e+02 5.478469502948568106e+02 4.918890913422636118e+02 4.441861661918176765e+02 4.031539249610274283e+02 3.675731222756161287e+02 3.364950697141332512e+02 3.091738621652934853e+02 2.850172389948751288e+02 2.635505723702576120e+02 2.443901940447200332e+02 2.272234349703555836e+02 2.117935414133795291e+02 1.978881704374259698e+02 1.853305390796861616e+02 1.739725598698258864e+02 1.636894767696875306e+02 1.543756443068794226e+02 1.459411848645842156e+02 1.383093257703055485e+02 1.314142665082231360e+02 1.251994622422191554e+02 1.196162364896392916e+02 1.146226557594408746e+02 1.101826140590998904e+02 1.062650866665870382e+02 1.028435213892340556e+02 9.989534235442637566e+01 9.740154670578672835e+01 9.534637876790492328e+01 9.371706958177468039e+01 9.250419187121620632e-30 9.169927013273881978e-30 9.129801176471517915e-30 9.129801176471517915e-30
0.000000000000000000e+00 0.000000000000000000e+00 0.000000000000000000e+00 0.000000000000000000e+00 0.000000000000000000e+00 0.000000000000000000e+00 0.000000000000000000e+00 0.000000000000000000e+00 0.000000000000000000e+00 0.000000000000000000e+00 0.000000000000000000e+00 0.000000000000000000e+00 0.000000000000000000e+00 0.000000000000000000e+00 0.000000000000000000e+00 0.000000000000000000e+00 0.000000000000000000e+00 0.000000000000000000e+00 0.000000000000000000e+00 0.000000000000000000e+00 0.000000000000000000e+00 0.000000000000000000e+00 0.000000000000000000e+00 0.000000000000000000e+00 0.000000000000000000e+00 0.000000000000000000e+00 0.000000000000000000e+00 0.000000000000000000e+00 0.000000000000000000e+00 0.000000000000000000e+00 0.000000000000000000e+00 0.000000000000000000e+00 0.000000000000000000e+00 0.000000000000000000e+00 0.000000000000000000e+00 0.000000000000000000e+00 0.000000000000000000e+00 0.000000000000000000e+00 0.000000000000000000e+00 0.000000000000000000e+00 0.000000000000000000e+00 0.000000000000000000e+00 0.000000000000000000e+00 0.000000000000000000e+00 0.000000000000000000e+00 0.000000000000000000e+00 0.000000000000000000e+00 0.000000000000000000e+00 0.000000000000000000e+00 0.000000000000000000e+00 0.000000000000000000e+00
