0.000000000000000000e+00 0.000000000000000000e+00 0.000000000000000000e+00 8.897752966553952973e-29 5.528123022895336180e+04 4.433124486269759655e+04 3.869282039655862900e+04 3.401563054003706202e+04 3.000321686267464975e+04 2.659944188502195175e+04 2.372328468516985595e+04 2.128502411297533399e+04 1.920349117934273454e+04 1.741136118484536928e+04 1.585479135102748478e+04 1.449128305448635001e+04 1.328734902637906634e+04 1.221649646252474486e+04 1.125762246874707489e+04 1.039378063720831415e+04 9.611245257387465244e+03 8.898803171989837210e+03 8.247216298968996853e+03 7.648811236409753292e+03 7.097163521021135239e+03 6.586852689058432588e+03 6.113270655245918533e+03 5.672470573562254685e+03 5.261046713315330635e+03 4.876038321302130498e+03 4.514852205479213808e+03 4.175200057304587972e+03 3.855047466114538565e+03 3.552572268281292963e+03 3.266130386973722580e+03 2.994227705129615060e+03 2.735496810005482985e+03 2.488677677086027415e+03 2.252601541483009441e+03 2.026177348319167095e+03 1.808380288524419711e+03 1.598242019137930811e+03 1.394842242104645948e+03 1.197301376110776800e+03 1.004774104870522251e+03 8.164436245196353639e+02 6.315164441027571911e+02 4.491427173697322754e-29 2.687487606005280245e-29 8.946025189162620220e-30 0.000000000000000000e+00
0.000000000000000000e+00 0.000000000000000000e+00 0.000000000000000000e+00 8.897752966553952973e-29 5.528123022895336180e+04 4.433124486269759655e+04 3.869282039655862900e+04 3.401563054003706202e+04 3.000321686267464975e+04 2.659944188502195175e+04 2.372328468516985595e+04 2.128502411297533399e+04 1.920349117934273454e+04 1.741136118484536928e+04 1.585479135102748478e+04 1.449128305448635001e+04 1.328734902637906634e+04 1.221649646252474486e+04 1.125762246874707489e+04 1.039378063720831415e+04 9.611245257387465244e+03 8.898803171989837210e+03 8.247216298968996853e+03 7.648811236409753292e+03 7.097163521021135239e+03 6.586852689058432588e+03 6.113270655245918533e+03 5.672470573562254685e+03 5.261046713315330635e+03 4.876038321302130498e+03 4.514852205479213808e+03 4.175200057304587972e+03 3.855047466114538565e+03 3.552572268281292963e+03 3.266130386973722580e+03 2.994227705129615060e+03 2.735496810005482985e+03 2.488677677086027415e+03 2.252601541483009441e+03 2.026177348319167095e+03 1.808380288524419711e+03 1.598242019137930811e+03 1.394842242104645948e+03 1.197301376110776800e+03 1.004774104870522251e+03 8.164436245196353639e+02 6.315164441027571911e+02 4.491427173697322754e-29 2.687487606005280245e-29 8.946025189162620220e-30 0.000000000000000000e+00
0.000000000000000000e+00 0.000000000000000000e+00 0.000000000000000000e+00 1.058128842351787869e-28 6.101911761489685887e+04 4.635338151033756731e+04 3.918162815546975617e+04 3.387581880735652521e+04 2.966032121988298604e+04 2.622924857549907392e+04 2.338751945002024877e+04 2.099888817719403596e+04 1.896521253920566960e+04 1.721412052026588208e+04 1.569117458425429686e+04 1.435473676615760996e+04 1.317249811058214254e+04 1.211906778616680094e+04 1.117426069898495552e+04 1.032185933479171581e+04 9.548705073600580363e+03 8.844022546519083335e+03 8.198911247073301638e+03 7.605958700429671808e+03 7.058942999413677171e+03 6.552601764287532205e+03 6.082451005832860574e+03 5.644641881150372683e+03 5.235846526588644338e+03 4.853166432557438384e+03 4.494058463534190196e+03 4.156274812149399622e+03 3.837814040960573948e+03 3.536881002460492709e+03 3.251853902661466691e+03 2.981257132470873330e+03 2.723738766428580220e+03 2.478051842816821591e+03 2.243038708433506145e+03 2.017617846459382463e+03 1.800772714616104849e+03 1.591542208818170820e+03 1.389012438887096550e+03 1.192309560746739862e+03 1.000593456305981135e+03 8.130520898893828416e+02 6.288964001738966090e+02 4.472813500403607528e-29 2.676356276593231332e-29 8.908982010776262737e-30 0.000000000000000000e+00
0.000000000000000000e+00 0.000000000000000000e+00 0.000000000000000000e+00 1.588025737809692712e-28 7.031707627226314798e+04 4.805593489738961944e+04 3.877821892507399025e+04 3.292954300256554416e+04 2.868741714412349756e+04 2.537543070962049387e+04 2.267601263668824686e+04 2.041597515934254625e+04 1.848891797252128163e+04 1.682338918870792259e+04 1.536832926268289339e+04 1.408567149625475759e+04 1.294619081941020704e+04 1.192697003820756618e+04 1.100974627453883477e+04 1.017977590804682222e+04 9.425025783902745388e+03 8.735580658648712415e+03 8.103199740508701325e+03 7.520979153110978586e+03 6.983091410680206536e+03 6.484581930875144280e+03 6.021208454412440005e+03 5.589313185227245413e+03 5.185720192611823222e+03 4.807652536792721548e+03 4.452664949505353434e+03 4.118588890223776616e+03 3.803487520874866732e+03 3.505618675722156695e+03 3.223404303350563623e+03 2.955405162500312599e+03 2.700299789461838827e+03 2.456866940317650460e+03 2.223970859293172907e+03 2.000548843759252577e+03 1.785600673318760983e+03 1.578179549432054273e+03 1.377384256571488095e+03 1.182352308520560427e+03 9.922538861995182060e+02 8.062864079613320882e+02 6.236696010107913253e+02 4.435679706833713683e-29 2.654149283343311574e-29 8.835080435820347900e-30 0.000000000000000000e+00
0.000000000000000000e+00 2.721633307262967264e+03 1.109230809685383065e+04 3.859350651810182899e+04 4.376190625174970046e+04 3.927240091830024176e+04 3.434346305401190330e+04 3.017402279886824545e+04 2.676032181391316044e+04 2.393876027560791772e+04 2.156632510313011517e+04 1.953955741172287526e+04 1.778531486918121664e+04 1.625078266165889545e+04 1.489662820387418287e+04 1.369270676095400995e+04 1.261536893515842712e+04 1.164571922048238957e+04 1.076844296626585856e+04 9.970984326278705339e+03 9.242950255596533680e+03 8.575666368852002051e+03 7.961838717747495139e+03 7.395291778741242524e+03 6.870762666021932091e+03 6.383737671462635262e+03 5.930321202955389708e+03 5.507129873880849118e+03 5.111206358417921365e+03 4.739948947722188677e+03 4.391053693379085416e+03 4.062466719338918210e+03 3.752344797624114108e+03 3.459022668934785997e+03 3.180985883570234819e+03 2.916848166549881171e+03 2.665332491351977296e+03 2.425255191695388476e+03 2.195512558831467686e+03 1.975069468805939323e+03 1.762949664305507440e+03 1.558227382062995275e+03 1.360020071669358913e+03 1.167481996861723701e+03 9.797985474198334259e+02 7.961811199536484764e+02 6.158624501780856235e+02 4.380922986360384925e+02 2.621334070051381673e+02 8.725765373248924561e+01 0.000000000000000000e+00
0.000000000000000000e+00 2.846115713828069602e+03 9.992071770278034819e+03 2.175702798555062691e+04 2.917765155138817136e+04 3.021968468651898365e+04 2.870778746476518063e+04 2.646924953446709696e+04 2.417719784830907884e+04 2.204655405213138147e+04 2.012717974328728087e+04 1.841391955009626327e+04 1.688585789330845364e+04 1.551966952274586401e+04 1.429378760020288973e+04 1.318941500028705013e+04 1.219050500938300866e+04 1.128344723073904606e+04 1.045670530379826778e+04 9.700482954592438546e+03 9.006436910164451547e+03 8.367436347184091574e+03 7.777363177689474469e+03 7.230946636055644376e+03 6.723626201487482831e+03 6.251437799937284581e+03 5.810919125234700914e+03 5.399030697412321388e+03 5.013089918472576755e+03 4.650715902599285073e+03 4.309783268096161009e+03 3.988383402393745655e+03 3.684791967926591042e+03 3.397441621356503674e+03 3.124899084165359000e+03 2.865845838696593546e+03 2.619061837284796638e+03 2.383411708105860271e+03 2.157833023195714304e+03 1.941326264053561545e+03 1.732946180044744779e+03 1.531794285720667858e+03 1.337012286221754721e+03 1.147776256047496418e+03 9.632914265032745789e+02 7.827874618364601247e+02 6.055141241639496457e+02 4.307372434035862625e+02 2.577349211137104703e+02 8.579390688574304136e+01 0.000000000000000000e+00
0.000000000000000000e+00 2.606089363618491916e+03 8.412017169548451420e+03 1.545821328387671201e+04 2.095511796089469499e+04 2.330120747285072866e+04 2.352714027799639371e+04 2.267626339579642445e+04 2.136990220213871362e+04 1.992331602951998866e+04 1.848372319141877233e+04 1.711462439635432747e+04 1.583961386499156106e+04 1.466379442225661114e+04 1.358400433199936197e+04 1.259366631768114348e+04 1.168507851826770275e+04 1.085048372662402835e+04 1.008254898041354136e+04 9.374557640091794383e+03 8.720460921764615705e+03 8.114861800571263302e+03 7.552968102575287958e+03 7.030533577536021767e+03 6.543796528608481822e+03 6.089420767464797791e+03 5.664441120556516580e+03 5.266214359824904932e+03 4.892375715555323040e+03 4.540800758185422637e+03 4.209572252936588484e+03 3.896951511228914114e+03 3.601353739765336741e+03 3.321326896733461126e+03 3.055533590825627925e+03 2.802735594756650244e+03 2.561780585828407766e+03 2.331590768703149024e+03 2.111153077750479952e+03 1.899510696607713044e+03 1.695755669906018738e+03 1.499022415855780537e+03 1.308481978227745913e+03 1.123336882167918475e+03 9.428164803750993315e+02 7.661726946940121934e+02 5.926760734677191067e+02 4.216120973849448887e+02 2.522776764035696146e+02 8.397778793099041650e+01 0.000000000000000000e+00
0.000000000000000000e+00 2.234943390481452752e+03 6.899297157433765278e+03 1.180353604756664026e+04 1.588112150224652760e+04 1.830127810292824142e+04 1.925802084615283820e+04 1.923562575607763574e+04 1.864729841016781211e+04 1.776824856100830584e+04 1.676305483343985907e+04 1.572441969150459408e+04 1.470222966724696926e+04 1.372188834224534548e+04 1.279508990599290337e+04 1.192596101075819570e+04 1.111452460710356354e+04 1.035865061396918827e+04 9.655155908223267033e+03 9.000423877892197197e+03 8.390750162034802997e+03 7.822530779452331444e+03 7.292358826936562764e+03 6.797067995172763403e+03 6.333745331609433379e+03 5.899726573342165466e+03 5.492582040628189134e+03 5.110097905911145972e+03 4.750255731082052080e+03 4.411211984786131325e+03 4.091278516762081381e+03 3.788904504972746508e+03 3.502660101312531879e+03 3.231221821160545915e+03 2.973359612833096890e+03 2.727925480827892898e+03 2.493843505745651328e+03 2.270101093179888267e+03 2.055741286240735008e+03 1.849855986539387004e+03 1.651579942791015583e+03 1.460085382226701995e+03 1.274577176130568205e+03 1.094288446022666221e+03 9.184765307261169482e+02 7.464192465353119132e+02 5.774113828680031020e+02 4.107613841930922263e+02 2.457881758070216733e+02 8.181809632255028930e+01 0.000000000000000000e+00
0.000000000000000000e+00 1.862680614991134462e+03 5.621642913512364430e+03 9.319113375867736977e+03 1.247375818459925540e+04 1.466089280908467117e+04 1.586261184210778993e+04 1.628374168298817312e+04 1.616691443138432624e+04 1.571261924015532895e+04 1.506383009134422355e+04 1.431495642316126396e+04 1.352551050501526697e+04 1.273175008181321391e+04 1.195502917811834959e+04 1.120734979894410390e+04 1.049491980508815323e+04 9.820394419521022428e+03 9.184278973087401027e+03 8.585805295230607953e+03 8.023479136922287580e+03 7.495421563419831728e+03 6.999580661676450291e+03 6.533861150767210347e+03 6.096201782415153502e+03 5.684619477225969604e+03 5.297232322426846622e+03 4.932269259343920567e+03 4.588071546815757756e+03 4.263089314341920726e+03 3.955875358806301392e+03 3.665077571404929586e+03 3.389430870299182061e+03 3.127749173266366597e+03 2.878917717726561932e+03 2.641885886510111050e+03 2.415660602039291462e+03 2.199300292355545935e+03 1.991909397863108779e+03 1.792633369492566317e+03 1.600654101408530778e+03 1.415185740342669078e+03 1.235470816363661925e+03 1.060776644548244121e+03 8.903919524095600764e+02 7.236236933410466463e+02 5.597940113182878576e+02 3.982373264654074205e+02 2.382975147375241818e+02 7.932515788904409249e+01 0.000000000000000000e+00
0.000000000000000000e+00 1.538252420475505915e+03 4.592137520201470579e+03 7.509180351044244162e+03 1.003705434232012522e+04 1.194518711520824399e+04 1.317640770840082769e+04 1.381042381788880448e+04 1.398176740389690713e+04 1.382461764377171312e+04 1.344951813979873623e+04 1.293902966087756613e+04 1.235136001445489092e+04 1.172603915560793394e+04 1.108917445348830370e+04 1.045757279046520125e+04 9.841732768608286278e+03 9.247930431633798435e+03 8.679641962491205049e+03 8.138503324281681671e+03 7.624954071764428591e+03 7.138668163252459635e+03 6.678841711923322691e+03 6.244384662590874541e+03 5.834047835064767241e+03 5.446506394832475962e+03 5.080413912314433219e+03 4.734436580061005770e+03 4.407274085492413178e+03 4.097671566813134632e+03 3.804425673521326189e+03 3.526386790397673394e+03 3.262458821217035165e+03 3.011597470864976913e+03 2.772807648741134471e+03 2.545140399301331854e+03 2.327689617657379586e+03 2.119588708550395950e+03 1.920007281035194183e+03 1.728147928421725055e+03 1.543243116002705847e+03 1.364552182620598387e+03 1.191358452556191878e+03 1.022966449047305900e+03 8.586991982765800913e+02 6.978956117982471596e+02 5.399079353723299164e+02 3.840992526094996151e+02 2.298410324144675769e+02 7.651070980556212930e+01 0.000000000000000000e+00
0.000000000000000000e+00 1.270658523297544889e+03 3.774778059003293947e+03 6.139815029111486183e+03 8.215390438761660334e+03 9.865576378851019399e+03 1.103604839047680252e+04 1.175291709046979122e+04 1.208844071980822446e+04 1.212861853628716926e+04 1.195376953421811777e+04 1.163042502678944402e+04 1.120995759737363551e+04 1.073029293431607766e+04 1.021857456363179335e+04 9.693772906857146154e+03 9.168867708322053659e+03 8.652538581309176152e+03 8.150420067745360029e+03 7.666010751715027254e+03 7.201322383148783047e+03 6.757339504549968296e+03 6.334343301317843725e+03 5.932139057548623896e+03 5.550215486952137326e+03 5.187856012040582755e+03 4.844216175492724688e+03 4.518377192004478275e+03 4.209382704620568802e+03 3.916263735130465193e+03 3.638055354096990413e+03 3.373807560187821764e+03 3.122592123914064359e+03 2.883506629498314396e+03 2.655676578809437615e+03 2.438256159712518183e+03 2.230428096896043826e+03 2.031402874091524609e+03 1.840417526632952104e+03 1.656734141003387549e+03 1.479638155094004333e+03 1.308436523449355946e+03 1.142455791610439974e+03 9.810401098552116537e+02 8.235492071416073259e+02 6.693563394964427289e+02 5.178462225231897946e+02 3.684129544839194068e+02 2.204579341418701119e+02 7.338777594899285361e+01 0.000000000000000000e+00
0.000000000000000000e+00 1.054167032678706846e+03 3.125775404403725133e+03 5.077048695032633987e+03 6.809086132125566110e+03 8.234863916904047073e+03 9.310226884643394442e+03 1.003891407640718717e+04 1.045864283078945482e+04 1.062326122551359003e+04 1.058913087081159756e+04 1.040736440405476606e+04 1.012062868345356947e+04 9.762702994764958930e+03 9.359381298341810179e+03 8.929849375350788250e+03 8.488084288267189550e+03 8.044081444744927467e+03 7.604852960704060024e+03 7.175205690198551565e+03 6.758331810148819386e+03 6.356249793671761836e+03 5.970130250893314951e+03 5.600535090541977297e+03 5.247592291001929880e+03 4.911123228414796358e+03 4.590735223735381624e+03 4.285888670050499968e+03 3.995945617538792703e+03 3.720204848461028178e+03 3.457927114298052857e+03 3.208353208668117986e+03 2.970716818984210022e+03 2.744253566577712263e+03 2.528207257010221383e+03 2.321834080856898709e+03 2.124405301755784876e+03 1.935208821808753783e+03 1.753549908862123630e+03 1.578751294296522246e+03 1.410152795323655710e+03 1.247110576343249022e+03 1.088996135286460230e+03 9.351950799522280704e+02 7.851057439284601287e+02 6.381376802346500199e+02 4.937100622570221731e+02 3.512500151062353098e+02 2.101908957010153927e+02 6.997053630800247959e+01 0.000000000000000000e+00
0.000000000000000000e+00 8.794396322270839619e+02 2.606617836160608931e+03 4.235490252452844288e+03 5.696373550451243318e+03 6.929476707167525092e+03 7.899986858901031155e+03 8.602667351413489087e+03 9.056314168521643296e+03 9.294144841585453833e+03 9.354927861274212773e+03 9.276813177801112033e+03 9.093913943119712712e+03 8.834930138162635558e+03 8.523024205913887272e+03 8.176339112347963237e+03 7.808767104199264395e+03 7.430750004580672794e+03 7.050005695978971744e+03 6.672141870352248588e+03 6.301152834465680826e+03 5.939810909065489795e+03 5.589969373514134531e+03 5.252794206270680661e+03 4.928939974413769050e+03 4.618682642783880510e+03 4.322019517568496667e+03 4.038744298555208843e+03 3.768503367195387909e+03 3.510837968059359355e+03 3.265215797683518758e+03 3.031054637975515107e+03 2.807740006112344417e+03 2.594638292245786943e+03 2.391106482026912545e+03 2.196499282532702182e+03 2.010174263862641737e+03 1.831495476137499509e+03 1.659835888918722731e+03 1.494578916656237197e+03 1.335119231835369646e+03 1.180863021256563343e+03 1.031227806134054390e+03 8.856419203911793829e+02 7.435437214588786219e+02 6.043805924809441876e+02 4.676077829605538341e+02 3.326871257351614872e+02 1.990856611672941767e+02 6.627419416864384516e+01 0.000000000000000000e+00
0.000000000000000000e+00 7.375689849974589833e+02 2.186711184021987265e+03 3.557325231760250063e+03 4.798018053425562357e+03 5.865417171331705504e+03 6.731987395021205884e+03 7.389267896702640428e+03 7.845716972625136805e+03 8.121537572799886220e+03 8.243077871687681181e+03 8.238313855206552034e+03 8.133860869905543041e+03 7.953353291672592604e+03 7.716815657186296448e+03 7.440651378488078990e+03 7.137961348227492635e+03 6.819001291740010856e+03 6.491664831043782215e+03 6.161933273309517972e+03 5.834266776294265583e+03 5.511930629531108025e+03 5.197260128609971616e+03 4.891871716350167844e+03 4.596829216762514079e+03 4.312773616049666089e+03 4.040023818481466151e+03 3.778654589279823085e+03 3.528556721184602338e+03 3.289483424642970022e+03 3.061086073227515953e+03 2.842941731968085605e+03 2.634574338224332678e+03 2.435470969339375188e+03 2.245094295595726180e+03 2.062892060289646452e+03 1.888304233539964571e+03 1.720768338425863703e+03 1.559723335839238189e+03 1.404612369191512016e+03 1.254884605080375877e+03 1.109996356133414565e+03 9.694116337261373246e+02 8.326022483295923848e+02 6.990475518499042664e+02 5.682338979704273925e+02 4.396538820931298801e+02 3.128054111987018473e+02 1.871906452003351546e+02 6.231484471354411880e+01 0.000000000000000000e+00
0.000000000000000000e+00 6.211861978674730835e+02 1.842681328008790615e+03 3.001931157223630180e+03 4.059881826577757238e+03 4.983825102870682713e+03 5.751735740510334836e+03 6.354411988038156778e+03 6.794685146109302877e+03 7.084599801381910765e+03 7.241913390081273064e+03 7.286917415339490617e+03 7.240049568072737202e+03 7.120364355587248610e+03 6.944721928751248925e+03 6.727491325058044822e+03 6.480578699439439333e+03 6.213634741988609676e+03 5.934341812358909010e+03 5.648719362727454609e+03 5.361413535266868166e+03 5.075954690998158185e+03 4.794977422161686263e+03 4.520403584114840669e+03 4.253591822619689083e+03 3.995458206768513264e+03 3.746572714558985354e+03 3.507235955369508247e+03 3.277539942858078120e+03 3.057416114131618997e+03 2.846673208421674190e+03 2.645027107036001780e+03 2.452124306566776795e+03 2.267560346501181357e+03 2.090894231610913266e+03 1.921659667786380396e+03 1.759373756381254907e+03 1.603543656787421696e+03 1.453671621534961560e+03 1.309258725957696242e+03 1.169807550028664082e+03 1.034824019261287731e+03 9.038185714508416595e+02 7.763067841366048469e+02 6.518095722385130557e+02 5.298530450137309344e+02 4.099680952976567596e+02 2.916897811743185116e+02 1.745565501800471395e+02 5.810934845054271847e+01 0.000000000000000000e+00
0.000000000000000000e+00 5.245135496950402967e+02 1.556903958251043832e+03 2.540017724462119531e+03 3.443588586993769695e+03 4.242289687768739896e+03 4.918313658451637821e+03 5.462785906201403122e+03 5.875522986991455582e+03 6.163468247082688322e+03 6.338498394618440216e+03 6.415227335111784669e+03 6.409185271570412624e+03 6.335510373483100011e+03 6.208131931429893484e+03 6.039348917935925783e+03 5.839690096155591164e+03 5.617954088223788858e+03 5.381351096822459112e+03 5.135691729563987792e+03 4.885588080547015124e+03 4.634646777347755233e+03 4.385643600317013806e+03 4.140675554101053422e+03 3.901289964984456219e+03 3.668592154495064733e+03 3.443334138137226091e+03 3.225987058686537694e+03 3.016799974440096776e+03 2.815847364091604049e+03 2.623067388280532214e+03 2.438292622858859886e+03 2.261274680525776603e+03 2.091703878101454848e+03 1.929224888792365164e+03 1.773449139628371313e+03 1.623964568888591430e+03 1.480343241246072012e+03 1.342147224298605124e+03 1.208933054575775486e+03 1.080255060238250280e+03 9.556677585033839932e+02 8.347275059833978048e+02 7.169935477605994265e+02 6.020285847370255397e+02 4.893989574717895152e+02 3.786745275003442543e+02 2.694283233439396099e+02 1.612360075306578722e+02 5.367521255082927212e+01 0.000000000000000000e+00
0.000000000000000000e+00 4.431083312094657458e+02 1.316096414816124707e+03 2.150027082940889159e+03 2.921141979660766992e+03 3.609490789014394068e+03 4.200568471799665531e+03 4.686270356147478196e+03 5.064869127409149769e+03 5.340130603607900412e+03 5.519927266935400439e+03 5.614730818846997863e+03 5.636258351121441592e+03 5.596410966996550997e+03 5.506535437893247035e+03 5.376974573672271617e+03 5.216844175386392635e+03 5.033970760223046454e+03 4.834932941336543990e+03 4.625162376019026851e+03 4.409073076036302155e+03 4.190198622317697300e+03 3.971324932801541308e+03 3.754611910141810768e+03 3.541701026677365007e+03 3.333808200584366659e+03 3.131802621753163749e+03 2.936272840821678074e+03 2.747581686773129604e+03 2.565911596352153083e+03 2.391301832356797149e+03 2.223678906050043224e+03 2.062881341635590616e+03 1.908679749692453015e+03 1.760793021981311767e+03 1.618901325718889211e+03 1.482656461230260902e+03 1.351690051045201017e+03 1.225619948593287518e+03 1.104055188202716636e+03 9.865997428988694082e+02 8.728553106308895622e+02 7.624233114596489713e+02 6.549062466417742598e+02 5.499085444069800133e+02 4.470369957099900944e+02 3.459008656498803589e+02 2.461117520304475192e+02 1.472832512248711510e+02 4.903048273065763851e+01 0.000000000000000000e+00
0.000000000000000000e+00 3.735653911060949213e+02 1.110182516148520335e+03 1.815800816323195249e+03 2.471626528821213924e+03 3.061785636243255794e+03 3.574421224271446135e+03 4.002359543552023297e+03 4.343170469601855984e+03 4.598660014992897231e+03 4.773983987711336340e+03 4.876613364066665781e+03 4.915341410463243847e+03 4.899449284541135967e+03 4.838077282998774535e+03 4.739799496850948344e+03 4.612372298873092404e+03 4.462616897911226260e+03 4.296396720548114899e+03 4.118656249339452188e+03 3.933495551815643012e+03 3.744262049681763983e+03 3.553647193785240688e+03 3.363780389512484817e+03 3.176315864994621734e+03 2.992510433968054258e+03 2.813291543375153196e+03 2.639315850514167323e+03 2.471019035588434235e+03 2.308657764031496754e+03 2.152344768374604882e+03 2.002077988330008111e+03 1.857764632829499305e+03 1.719240934887992353e+03 1.586288274152864460e+03 1.458646250605862406e+03 1.336023209648225929e+03 1.218104644879040052e+03 1.104559840208010883e+03 9.950470568804968252e+02 8.892175227076418196e+02 7.867184394211386689e+02 6.871951887994135859e+02 5.902928883198255789e+02 4.956574219160394250e+02 4.029360504014398430e+02 3.117776887410942663e+02 2.218329231774944788e+02 1.327538298620450519e+02 4.419364778890152223e+01 0.000000000000000000e+00
0.000000000000000000e+00 3.132600793837250990e+02 9.314347270711198234e+02 1.525013437148237927e+03 2.079083386772343601e+03 2.580961890435225541e+03 3.020963467728750402e+03 3.392878508684706503e+03 3.694060931946161872e+03 3.925134457616023610e+03 4.089419660207601282e+03 4.192221895241553284e+03 4.240108624255482937e+03 4.240266534403636797e+03 4.199985844811067182e+03 4.126284108418721189e+03 4.025658947268056636e+03 3.903947560843274914e+03 3.766267451619590702e+03 3.617014363245457389e+03 3.459897350063165050e+03 3.297995490153984065e+03 3.133825062450979203e+03 2.969409602808874297e+03 2.806348027060296772e+03 2.645878023141101494e+03 2.488933302075216943e+03 2.336194205711070936e+03 2.188131730230537414e+03 2.045045346327493689e+03 1.907095161008975765e+03 1.774329030471350961e+03 1.646705238264500622e+03 1.524111324055152181e+03 1.406379602148520007e+03 1.293299855488584399e+03 1.184629635919718339e+03 1.080102548300728131e+03 9.794348463191367955e+02 8.823306223838071674e+02 7.884858331023135634e+02 6.975913655948207861e+02 6.093353181151910576e+02 5.234046409161810516e+02 4.394862597009699243e+02 3.572677840240809246e+02 2.764378863154151986e+02 1.966864234750693186e+02 1.177043619232819651e+02 3.918355832059840793e+01 0.000000000000000000e+00
0.000000000000000000e+00 2.601465278791463334e+02 7.738423250463021077e+02 1.268093018593479883e+03 1.731087923659972375e+03 2.152711943727013022e+03 2.525097267014918543e+03 2.842975357801798509e+03 3.103767934548433459e+03 3.307417292751941204e+03 3.456012765114742251e+03 3.553299324124620853e+03 3.604154369883867730e+03 3.614099696350566774e+03 3.588889744624878858e+03 3.534193384188019991e+03 3.455368859214675467e+03 3.357320927650509020e+03 3.244424433620524269e+03 3.120497789864259175e+03 2.988811416056331382e+03 2.852118800316104171e+03 2.712700693395925100e+03 2.572415546510423610e+03 2.432751462448205984e+03 2.294876602736182122e+03 2.159686223068338222e+03 2.027845372119591730e+03 1.899826868848197819e+03 1.775944545823876751e+03 1.656381972393526212e+03 1.541216998360335310e+03 1.430442520129525292e+03 1.323983890544721362e+03 1.221713386838208180e+03 1.123462128809638443e+03 1.029029808446616244e+03 9.381925571906874666e+02 8.507092408597194435e+02 7.663264367402637163e+02 6.847823137589031148e+02 6.058096056619328920e+02 5.291378391642584802e+02 4.544949542508779246e+02 3.816084322195649747e+02 3.102060285301498652e+02 2.400161919040783971e+02 1.707682381743082942e+02 1.021923368984718508e+02 3.401936049972693610e+01 0.000000000000000000e+00
0.000000000000000000e+00 2.126051410062832474e+02 6.326492442895643080e+02 1.037461266011862790e+03 1.417766035406224319e+03 1.765566808370496574e+03 2.074547960927467557e+03 2.340337106872500044e+03 2.560589147045701793e+03 2.734889948132126847e+03 2.864512032949528020e+03 2.952075644848081993e+03 3.001172488529564362e+03 3.016000450031162018e+03 3.001042351299855909e+03 2.960806036829939330e+03 2.899630232976984644e+03 2.821551890775298943e+03 2.730225907719150200e+03 2.628886332790996221e+03 2.520338358177396003e+03 2.406971697682015929e+03 2.290787695213257848e+03 2.173434284987219598e+03 2.056244515948127628e+03 1.940275664846499467e+03 1.826346983403297600e+03 1.715074884464237584e+03 1.606904915954594799e+03 1.502140247647145998e+03 1.400966646797159683e+03 1.303474079160398105e+03 1.209675168313524637e+03 1.119520798107617338e+03 1.032913164631532936e+03 9.497165852631289908e+02 8.697663603765165590e+02 7.928759631068506906e+02 7.188428078464160080e+02 6.474528214296249189e+02 5.784840140298164215e+02 5.117092208800247022e+02 4.468981618218266476e+02 3.838189438522326213e+02 3.222391125101148646e+02 2.619263411694065553e+02 2.026488330404189071e+02 1.441754987904514564e+02 8.627596301743493257e+01 2.872044517797184682e+01 0.000000000000000000e+00
0.000000000000000000e+00 1.693285417844755329e+02 5.040146186403848674e+02 8.269873202781525379e+02 1.131094138838552681e+03 1.410130532097288324e+03 1.659133729894442695e+03 1.874577797517913496e+03 2.054446434385794419e+03 2.198180690920501092e+03 2.306520294790801017e+03 2.381271825959326634e+03 2.425041613387773850e+03 2.440967382986780649e+03 2.432473917282059119e+03 2.403067855850350952e+03 2.356177749127177321e+03 2.295038771103625550e+03 2.222617301405161015e+03 2.141568534988225110e+03 2.054219779430952713e+03 1.962572571537860085e+03 1.868317715585206543e+03 1.772858485792502279e+03 1.677338344444368431e+03 1.582670500967715498e+03 1.489567437968758668e+03 1.398569158069284640e+03 1.310069379932946958e+03 1.224339259670214233e+03 1.141548461439451785e+03 1.061783571881434455e+03 9.850639661620234619e+02 9.113553038876217443e+02 8.405808725585412731e+02 7.726310133377771763e+02 7.073708654262534310e+02 6.446466563322045431e+02 5.842907496498235105e+02 5.261256425044978187e+02 4.699670836931630333e+02 4.156264622733242504e+02 3.629125959613921282e+02 3.116330298534637677e+02 2.615949390624552393e+02 2.126057140421326324e+02 1.644732946751566658e+02 1.170063085731619879e+02 7.001406036584502601e+01 2.330641190022665299e+01 0.000000000000000000e+00
0.000000000000000000e+00 1.292358961128006456e+02 3.847602845721866061e+02 6.315862740066664855e+02 8.643869016340335065e+02 1.078514955398368556e+03 1.270212931834509163e+03 1.436755515835336382e+03 1.576509497922711716e+03 1.688908352245956621e+03 1.774352033946802976e+03 1.834052389802379139e+03 1.869848703598802558e+03 1.884016631694267971e+03 1.879088940334113431e+03 1.857700165704889969e+03 1.822461261053008911e+03 1.775865439631236086e+03 1.720223096419492549e+03 1.657621798766360826e+03 1.589906570327942518e+03 1.518675697024420970e+03 1.445287740943599829e+03 1.370876117600849057e+03 1.296368313076246068e+03 1.222507496314648051e+03 1.149874872549157089e+03 1.078911611646594110e+03 1.009939572993187198e+03 9.431803475669684076e+02 8.787723621238303622e+02 8.167859538332259035e+02 7.572364386651532868e+02 7.000952739112531162e+02 6.452994631822243718e+02 5.927593782555610460e+02 5.423651820907722367e+02 4.939920358955855022e+02 4.475042640557051072e+02 4.027586369562798154e+02 3.596069154284639353e+02 3.178977833790721661e+02 2.774782782481932486e+02 2.381948130314583523e+02 1.998938691628492279e+02 1.624224268162494411e+02 1.256281882254781266e+02 8.935964042283518438e+01 5.346599628355802025e+01 1.779704681907625385e+01 0.000000000000000000e+00
0.000000000000000000e+00 9.140749241208780518e+01 2.721789821336344630e+02 4.469160019377659978e+02 6.119106872474486636e+02 7.639093829640002014e+02 9.002545152963936061e+02 1.018983778019486635e+03 1.118876841564392180e+03 1.199446844200766009e+03 1.260881970383115686e+03 1.303948849828243738e+03 1.329872788969309568e+03 1.340209844289288185e+03 1.336723320762556568e+03 1.321273632580123376e+03 1.295726660867479723e+03 1.261882480361601438e+03 1.221423918595240821e+03 1.175882886062758189e+03 1.126621639556605942e+03 1.074825916473017742e+03 1.021507011515396698e+03 9.675102003213534090e+02 9.135273330509065772e+02 8.601118515180919530e+02 8.076948841585451646e+02 7.566014238499856219e+02 7.070658877125797517e+02 6.592465964760465340e+02 6.132388986083101372e+02 5.690868074862470394e+02 5.267931251815132327e+02 4.863281004619699956e+02 4.476367173914329669e+02 4.106447398900936605e+02 3.752636515403660269e+02 3.413946328578364273e+02 3.089317135673689450e+02 2.777642278446802493e+02 2.477786881116111601e+02 2.188601793800526423e+02 1.908933624535215756e+02 1.637631612532135819e+02 1.373551976141621367e+02 1.115560263390621003e+02 8.625321420094800828e+01 6.133529895503338025e+01 3.669165818719881145e+01 1.221231290727112295e+01 0.000000000000000000e+00
0.000000000000000000e+00 5.503334734051195909e+01 1.638840619152066154e+02 2.691401699503927034e+02 3.685809178038028904e+02 4.602407580027036715e+02 5.424927182119333793e+02 6.141102006410975491e+02 6.743008821937823996e+02 7.227097839083780855e+02 7.593929667763552516e+02 7.847672331231568705e+02 7.995436423472451679e+02 8.046532888143478885e+02 8.011729404812294888e+02 7.902563904192996915e+02 7.730753259798050294e+02 7.507716119539046531e+02 7.244213567342762872e+02 6.950100597185960396e+02 6.634174918136898214e+02 6.304106546589290474e+02 5.966431014381993236e+02 5.626589961631904089e+02 5.289004711818441820e+02 4.957170660766550441e+02 4.633762632008115929e+02 4.320743562705212639e+02 4.019470876105295929e+02 3.730796613848479524e+02 3.455158826395511369e+02 3.192662858123198930e+02 2.943152036057003897e+02 2.706267907995672317e+02 2.481500612003396213e+02 2.268230231460374853e+02 2.065760133490733494e+02 1.873343336004525952e+02 1.690202927913218218e+02 1.515547501641993335e+02 1.348582465265050132e+02 1.188517997453272841e+02 1.034574301889761045e+02 8.859847156243851884e+01 7.419971322026992766e+01 6.018741174853841613e+01 4.648920248881735517e+01 3.303393572006185508e+01 1.975145737248940847e+01 6.572350346290088297e+00 0.000000000000000000e+00
0.000000000000000000e+00 1.937108062396680452e+01 5.768643694952839951e+01 9.473432105118278912e+01 1.297138518453267295e+02 1.618928052168947431e+02 1.906375447130602083e+02 2.154410003014479003e+02 2.359447080779950170e+02 2.519514123209616514e+02 2.634263384329561859e+02 2.704872456730387853e+02 2.733850847221046365e+02 2.724781352450973486e+02 2.682028214993021038e+02 2.610441512903362309e+02 2.515081262538280669e+02 2.400977438287925452e+02 2.272935064287831324e+02 2.135387574519055249e+02 1.992297104998989141e+02 1.847097275390613333e+02 1.702672163155578176e+02 1.561364330508997682e+02 1.425004685913441733e+02 1.294957422382793766e+02 1.172174081119794806e+02 1.057251781870181588e+02 9.504917153007957609e+01 8.519550138464690292e+01 7.615140413994838298e+01 6.788979304634624157e+01 6.037318310622817563e+01 5.355698190861471630e+01 4.739217547351837112e+01 4.182746036836041270e+01 3.681088571241676988e+01 3.229107347692435326e+01 2.821808485215264994e+01 2.454399618264493910e+01 2.122324154635395033e+01 1.821277159751098651e+01 1.547207060119110977e+01 1.296306621109172141e+01 1.064995980332347081e+01 8.498999259653770011e+00 6.478211048088479806e+00 4.557104269686320208e+00 2.706355984535463222e+00 8.974845151471619875e-01 0.000000000000000000e+00
0.000000000000000000e+00 -1.629068329351364497e+01 -4.851225744907203818e+01 -7.968246888453070653e+01 -1.091893091705156991e+02 -1.365395763117797401e+02 -1.613809968749676500e+02 -1.835062058527735758e+02 -2.028409871301081466e+02 -2.194214080281615793e+02 -2.333652668220147746e+02 -2.448428323358451451e+02 -2.540506507512932615e+02 -2.611907076821442502e+02 -2.664558321568106294e+02 -2.700211287005692498e+02 -2.720405030318054287e+02 -2.726469891143192967e+02 -2.719555200752146220e+02 -2.700669224206433796e+02 -2.670721640860502930e+02 -2.630561791609864031e+02 -2.581008727720330285e+02 -2.522871460160143613e+02 -2.456959578242707209e+02 -2.384085562313457842e+02 -2.305060724254293234e+02 -2.220686885323129900e+02 -2.131745771590681500e+02 -2.038987793700860323e+02 -1.943121480127331324e+02 -1.844804425923703093e+02 -1.744636250978596479e+02 -1.643153759503536833e+02 -1.540828265347616366e+02 -1.438064893325824301e+02 -1.335203575761770196e+02 -1.232521423155986469e+02 -1.130236144998553698e+02 -1.028510219268963226e+02 -9.274555467614001714e+01 -8.271383712505732433e+01 -7.275842930152975896e+01 -6.287832475077460970e+01 -5.306943608480747088e+01 -4.332506281935672376e+01 -3.363633896417281477e+01 -2.399266013721041091e+01 -1.438209177420518081e+01 -4.791761365667848160e+00 0.000000000000000000e+00
0.000000000000000000e+00 -5.266652483333287194e+01 -1.568194543315695739e+02 -2.575046875139739768e+02 -3.526438852619699560e+02 -4.404799326322039974e+02 -5.196530928520371617e+02 -5.892363523485448695e+02 -6.487314018445628108e+02 -6.980318979496450993e+02 -7.373637914947087211e+02 -7.672134129780658895e+02 -7.882530373279944342e+02 -8.012714794347112957e+02 -8.071146195741259817e+02 -8.066382136280061559e+02 -8.006732806757757999e+02 -7.900029370351727493e+02 -7.753487506192021783e+02 -7.573644108841101570e+02 -7.366345952245072795e+02 -7.136772125083041374e+02 -6.889475956265213199e+02 -6.628436105815934525e+02 -6.357109976837696195e+02 -6.078485369786703814e+02 -5.795128309971056524e+02 -5.509226311403684804e+02 -5.222627129681272891e+02 -4.936873450969315513e+02 -4.653234097528209077e+02 -4.372732310523622914e+02 -4.096171576865808106e+02 -3.824159350539554225e+02 -3.557128910608619776e+02 -3.295359512343516144e+02 -3.038994928886852449e+02 -2.788060446501266370e+02 -2.542478361856907156e+02 -2.302082029256590658e+02 -2.066628513854936102e+02 -1.835809919426918100e+02 -1.609263472869438658e+02 -1.386580460359311360e+02 -1.167314120780424673e+02 -9.509866101579643782e+01 -7.370951565261147209e+01 -5.251175281225425095e+01 -3.145169395948670044e+01 -1.047465215240492320e+01 0.000000000000000000e+00
0.000000000000000000e+00 -9.050894907649421839e+01 -2.694527944537841790e+02 -4.422992234579402293e+02 -6.053848358987755773e+02 -7.556011399606449004e+02 -8.905301603788798275e+02 -1.008511446641825501e+03 -1.108641651079946087e+03 -1.190716723150862208e+03 -1.255132532336886698e+03 -1.302761833088299909e+03 -1.334824333194074370e+03 -1.352763259821390875e+03 -1.358137456090093565e+03 -1.352533731122789732e+03 -1.337500613605794342e+03 -1.314502127383904508e+03 -1.284888722590067573e+03 -1.249881881437169568e+03 -1.210568925430379522e+03 -1.167904935093449240e+03 -1.122719253860680283e+03 -1.075724643022169630e+03 -1.027527698717005705e+03 -9.786395933450036182e+02 -9.294865513671436474e+02 -8.804197205317439057e+02 -8.317242701983802817e+02 -7.836276572810445487e+02 -7.363070648665400313e+02 -6.898960532878261347e+02 -6.444904793999980939e+02 -6.001537448545914231e+02 -5.569214334610244350e+02 -5.148053944310053112e+02 -4.737973242069478488e+02 -4.338718955411008551e+02 -3.949894788606823113e+02 -3.570984977834743290e+02 -3.201374578594123932e+02 -2.840366851128051735e+02 -2.487198086492208517e+02 -2.141050194157038504e+02 -1.801061351372671311e+02 -1.466334994900903155e+02 -1.135947417419485248e+02 -8.089542141106760198e+01 -4.843958100655343912e+01 -1.613022864908945309e+01 0.000000000000000000e+00
0.000000000000000000e+00 -1.306466278209897496e+02 -3.888512893202228042e+02 -6.379792302301342488e+02 -8.725877988586996707e+02 -1.088074832326968817e+03 -1.280883024578567984e+03 -1.448599339671541202e+03 -1.589951310749230970e+03 -1.704715929085579319e+03 -1.793565804966792257e+03 -1.857880407121075223e+03 -1.899548142784794436e+03 -1.920779565020138079e+03 -1.923945095168271337e+03 -1.911443989223051176e+03 -1.885605889152407599e+03 -1.848622586439692668e+03 -1.802505524191578388e+03 -1.749063758058267922e+03 -1.689897183476303780e+03 -1.626400444324917544e+03 -1.559773774899219688e+03 -1.491037896113397892e+03 -1.421050873694955953e+03 -1.350525498529349306e+03 -1.280046255828399580e+03 -1.210085322255063147e+03 -1.141017290964362246e+03 -1.073132498697147639e+03 -1.006648939617476685e+03 -9.417228166214512157e+02 -8.784578170887451734e+02 -8.169132171915625804e+02 -7.571109243423260295e+02 -6.990415660383304157e+02 -6.426697283574217181e+02 -5.879384405618670826e+02 -5.347729947691417465e+02 -4.830841820560734732e+02 -4.327710190048704817e+02 -3.837230317312132115e+02 -3.358221579463331636e+02 -2.889443216327475739e+02 -2.429607294787073499e+02 -1.977389333357783983e+02 -1.531436986464387076e+02 -1.090377150406196307e+02 -6.528218212329915104e+01 -2.173730088164486673e+01 0.000000000000000000e+00
0.000000000000000000e+00 -1.740296740775630440e+02 -5.178065694408425088e+02 -8.490082854248144031e+02 -1.160126506002646011e+03 -1.444858656609138052e+03 -1.698395074241489510e+03 -1.917551337193708150e+03 -2.100749757032805974e+03 -2.247875123816116684e+03 -2.360042964981820205e+03 -2.439322361804726370e+03 -2.488451150411025992e+03 -2.510572179468086688e+03 -2.509008502365269123e+03 -2.487085477944377544e+03 -2.448000138014602271e+03 -2.394733239411219529e+03 -2.329996874345647029e+03 -2.256209775088640072e+03 -2.175492877170125666e+03 -2.089678754305563871e+03 -2.000329812546105586e+03 -1.908761381455059791e+03 -1.816066934246749952e+03 -1.723143555889838126e+03 -1.630716456866214230e+03 -1.539361825029005331e+03 -1.449527653152373205e+03 -1.361552410239051824e+03 -1.275681571257523046e+03 -1.192082107673724067e+03 -1.110855088947115519e+03 -1.032046566923970204e+03 -9.556569204855053385e+02 -8.816488334371066458e+02 -8.099540687696922987e+02 -7.404791898286488276e+02 -6.731103652749025059e+02 -6.077173810374633831e+02 -5.441569693239388243e+02 -4.822755524944631134e+02 -4.219114883750877425e+02 -3.628968934610282417e+02 -3.050591114472157415e+02 -2.482218866094184193e+02 -1.922062947098587813e+02 -1.368314782755811052e+02 -8.191522825573753153e+01 -2.727445016602313288e+01 0.000000000000000000e+00
0.000000000000000000e+00 -2.217864331396253021e+02 -6.596270251350922535e+02 -1.080654129715841236e+03 -1.474889581122225081e+03 -1.834044915158732010e+03 -2.151911557082047239e+03 -2.424525220251723113e+03 -2.650113149022193738e+03 -2.828864974973490007e+03 -2.962586832978800430e+03 -3.054301919421759521e+03 -3.107851886252886288e+03 -3.127537934307891646e+03 -3.117823641095959374e+03 -3.083107156868202765e+03 -3.027560116880737496e+03 -2.955024559843971929e+03 -2.868956541612497858e+03 -2.772404922255233032e+03 -2.668014986407839388e+03 -2.558048366030114266e+03 -2.444412665919220672e+03 -2.328695959636715088e+03 -2.212202798585976780e+03 -2.095989530657319392e+03 -1.980897582010876476e+03 -1.867583964622895564e+03 -1.756548686902232021e+03 -1.648159014425362557e+03 -1.542670693806323243e+03 -1.440246347031580171e+03 -1.340971290117876151e+03 -1.244867045767428863e+03 -1.151902816642668313e+03 -1.062005171910124545e+03 -9.750661800147332769e+02 -8.909501985514086755e+02 -8.094995096208417635e+02 -7.305389673892668725e+02 -6.538798043768572370e+02 -5.793227245922186057e+02 -5.066603951373678569e+02 -4.356794333278776321e+02 -3.661619736361441824e+02 -2.978868877720603905e+02 -2.306307218526897032e+02 -1.641684067663412065e+02 -9.827379138960795046e+01 -3.272004318652022903e+01 0.000000000000000000e+00
0.000000000000000000e+00 -2.752978883008202615e+02 -8.183522244853606935e+02 -1.339318021601462306e+03 -1.825187418000147318e+03 -2.265301370734183820e+03 -2.651871688222608100e+03 -2.980173355425350110e+03 -3.248424553264833776e+03 -3.457421732583821722e+03 -3.610023940244525875e+03 -3.710581640378201882e+03 -3.764387306972008446e+03 -3.777198530442932679e+03 -3.754858259564093260e+03 -3.703016319045614637e+03 -3.626943126011817640e+03 -3.531419855287903829e+03 -3.420687433863337901e+03 -3.298437835062121849e+03 -3.167833699410758072e+03 -3.031545313892174818e+03 -2.891796840835711009e+03 -2.750416120229546323e+03 -2.608884290683677136e+03 -2.468382909505934549e+03 -2.329837275300616511e+03 -2.193955354384091606e+03 -2.061262167080643394e+03 -1.932129770394857132e+03 -1.806803133508125939e+03 -1.685422282133628187e+03 -1.568041115745355455e+03 -1.454643298013496860e+03 -1.345155598874824591e+03 -1.239459035335229601e+03 -1.137398122918596982e+03 -1.038788514042382985e+03 -9.434232654930200397e+02 -8.510779456478713882e+02 -7.615147636232146624e+02 -6.744858772547994477e+02 -5.897360146656974393e+02 -5.070045249735353536e+02 -4.260269572050495412e+02 -3.465362524766999854e+02 -2.682636227369076778e+02 -1.909391796207736434e+02 -1.142923690539545021e+02 -3.805226099755560654e+01 0.000000000000000000e+00
0.000000000000000000e+00 -3.362982865762574534e+02 -9.990421626512431885e+02 -1.632976430686645926e+03 -2.221292070446838352e+03 -2.750446358774439432e+03 -3.210858654856112480e+03 -3.597119899617039209e+03 -3.907748992026310589e+03 -4.144609665564570605e+03 -4.312139404452886993e+03 -4.416535005530108720e+03 -4.465003250848791140e+03 -4.465139715819841513e+03 -4.424458590058161462e+03 -4.350068190299304661e+03 -4.248471101528186409e+03 -4.125461923484952422e+03 -3.986095940901848735e+03 -3.834705664734949096e+03 -3.674947000621704319e+03 -3.509861546152947540e+03 -3.341945599882156330e+03 -3.173219688981425406e+03 -3.005294817095394592e+03 -2.839433325384262389e+03 -2.676603400600614350e+03 -2.517526997293578916e+03 -2.362721385747581280e+03 -2.212534784941719863e+03 -2.067176658202032741e+03 -1.926743286082143413e+03 -1.791239219003853123e+03 -1.660595172994952463e+03 -1.534682879421410007e+03 -1.413327342575501461e+03 -1.296316902489773838e+03 -1.183411447247645356e+03 -1.074349070760087216e+03 -9.688514290047007762e+02 -8.666280100770881063e+02 -7.673795008153019808e+02 -6.708004048057645150e+02 -5.765810427970603769e+02 -4.844090464707432488e+02 -3.939704397066359434e+02 -3.049503875407627334e+02 -2.170336816000222768e+02 -1.299050216176367485e+02 -4.324914544216073153e+01 0.000000000000000000e+00
0.000000000000000000e+00 -4.070143287025305767e+02 -1.208176768095681609e+03 -1.971788343634573039e+03 -2.676172241205247701e+03 -3.304217969451231966e+03 -3.844315043876395066e+03 -4.290556617954985995e+03 -4.642274196548247346e+03 -4.903100687929832930e+03 -5.079811394475887937e+03 -5.181164173098789433e+03 -5.216887923646898344e+03 -5.196890978612211256e+03 -5.130700545825071458e+03 -5.027107662585904109e+03 -4.893975938828511971e+03 -4.738170013369886874e+03 -4.565564763241852233e+03 -4.381104316024029686e+03 -4.188888109932659063e+03 -3.992268326397077999e+03 -3.793948565283839343e+03 -3.596077689158951216e+03 -3.400335571914026332e+03 -3.208009337470848550e+03 -3.020059830483736732e+03 -2.837178737241511499e+03 -2.659837132667812511e+03 -2.488326383938088838e+03 -2.322792372239568977e+03 -2.163263954462678612e+03 -2.009676510175286467e+03 -1.861891327255346141e+03 -1.719711484658941799e+03 -1.582894800045268539e+03 -1.451164326961955339e+03 -1.324216812476528730e+03 -1.201729461751474446e+03 -1.083365300659587547e+03 -9.687773803327842188e+02 -8.576120276253353722e+02 -7.495113119359571101e+02 -6.441148708112992836e+02 -5.410612134706645975e+02 -4.399886021652038153e+02 -3.405355955432002588e+02 -2.423413254406096087e+02 -1.450455683520562786e+02 -4.828866494159894529e+01 0.000000000000000000e+00
0.000000000000000000e+00 -4.903605629424283165e+02 -1.454217063423953050e+03 -2.368946886645621362e+03 -3.206515632116655979e+03 -3.945324556311578363e+03 -4.571489479498372020e+03 -5.078993156639618974e+03 -5.468823683571661604e+03 -5.747455683321584729e+03 -5.925096996977895287e+03 -6.014040530719480557e+03 -6.027317859356357985e+03 -5.977720337152230059e+03 -5.877166281602413619e+03 -5.736350060515731457e+03 -5.564598008901925823e+03 -5.369862912655242326e+03 -5.158802761257676138e+03 -4.936904342417557018e+03 -4.708625089157140792e+03 -4.477536482048389189e+03 -4.246459369361336940e+03 -4.017586311057404146e+03 -3.792589066955785711e+03 -3.572711152555433273e+03 -3.358846381361249314e+03 -3.151604792587468182e+03 -2.951367529192655638e+03 -2.758332216607751889e+03 -2.572550282285803860e+03 -2.393957502665611173e+03 -2.222398898159347937e+03 -2.057648935482226989e+03 -1.899427848734258532e+03 -1.747414759708140991e+03 -1.601258164638511062e+03 -1.460584258169720442e+03 -1.325003484097554519e+03 -1.194115634571651526e+03 -1.067513763061063628e+03 -9.447871297467032718e+02 -8.255233595645257765e+02 -7.093099615567871297e+02 -5.957353323580229016e+02 -4.843893456018210486e+02 -3.748636120149694193e+02 -2.667514813183332194e+02 -1.596478462818819821e+02 -5.314880096773266160e+01 0.000000000000000000e+00
0.000000000000000000e+00 -5.902153544878707407e+02 -1.748401584480130396e+03 -2.841892885922587993e+03 -3.834179472384713335e+03 -4.697907748640840509e+03 -5.416707085312565141e+03 -5.985203353212528782e+03 -6.407437600048070635e+03 -6.694371888058813056e+03 -6.861219622436457939e+03 -6.925117285745086519e+03 -6.903372734278194912e+03 -6.812311057520966642e+03 -6.666623515360824968e+03 -6.479087320568465657e+03 -6.260531050388554831e+03 -6.019946030232566955e+03 -5.764672624695514969e+03 -5.500614922389605454e+03 -5.232455765108585183e+03 -4.963856805818595603e+03 -4.697636486040712953e+03 -4.435923785250923174e+03 -4.180288383250731385e+03 -3.931849284070487556e+03 -3.691364523495339654e+03 -3.459304679713206042e+03 -3.235912752570529847e+03 -3.021252706983746521e+03 -2.815248668329385509e+03 -2.617716454536014680e+03 -2.428388852050096375e+03 -2.246935799289092756e+03 -2.072980433152920341e+03 -1.906111779616755712e+03 -1.745894724749496618e+03 -1.591877783589083947e+03 -1.443599087111787185e+03 -1.300590928418433805e+03 -1.162383145024776695e+03 -1.028505562086413192e+03 -8.984896792776702341e+02 -7.718697500206476434e+02 -6.481833743364818474e+02 -5.269717045523323122e+02 -4.077793454783300149e+02 -2.901540166907340108e+02 -1.736460336201448342e+02 -5.780765577116824971e+01 0.000000000000000000e+00
0.000000000000000000e+00 -7.118079092459074673e+02 -2.105878719046271726e+03 -3.414067290635730387e+03 -4.588291128945073979e+03 -5.593621952479374158e+03 -6.411095866532820764e+03 -7.037410251100664937e+03 -7.481990702603976388e+03 -7.762823700194902813e+03 -7.902373018313846842e+03 -7.924336844932107851e+03 -7.851458971349588865e+03 -7.704279243906624288e+03 -7.500583130866330976e+03 -7.255307640215003630e+03 -6.980709978787609543e+03 -6.686664156349273981e+03 -6.381000744935022340e+03 -6.069841375818514280e+03 -5.757903521703911792e+03 -5.448765723474911283e+03 -5.145091679325583755e+03 -4.848815856637735124e+03 -4.561295137839135350e+03 -4.283431521606988099e+03 -4.015770714991659588e+03 -3.758580948054717737e+03 -3.511915731093602517e+03 -3.275663665663117627e+03 -3.049587866420885803e+03 -2.833357070957452379e+03 -2.626570111797929712e+03 -2.428775093029242271e+03 -2.239484344503761804e+03 -2.058186009548840957e+03 -1.884352948381173746e+03 -1.717449500849372498e+03 -1.556936541849095192e+03 -1.402275175083938166e+03 -1.252929341176303069e+03 -1.108367560768301473e+03 -9.680639892520155172e+02 -8.314989247949346236e+02 -6.981588835508508737e+02 -5.675363339272558960e+02 -4.391291643823445838e+02 -3.124399455769871565e+02 -1.869750371227174526e+02 -6.224358112923501096e+01 0.000000000000000000e+00
0.000000000000000000e+00 -8.622434928198048283e+02 -2.547295999191968349e+03 -4.117469211119097054e+03 -5.508364172061920726e+03 -6.674661090796244935e+03 -7.594958499411430239e+03 -8.270737848017846773e+03 -8.720759654979196057e+03 -8.973957555853698068e+03 -9.063201758064116802e+03 -9.020919602679883610e+03 -8.876563733964110725e+03 -8.655485782962121448e+03 -8.378712763084960898e+03 -8.063222418198462947e+03 -7.722444882965705801e+03 -7.366827857763746579e+03 -7.004378885725045620e+03 -6.641145700845414467e+03 -6.281622447906403977e+03 -5.929083385202507088e+03 -5.585851866378637169e+03 -5.253514420373092435e+03 -4.933089674744711374e+03 -4.625160862138892298e+03 -4.329979332718724436e+03 -4.047545175001473126e+03 -3.777669859798667858e+03 -3.520024812851161641e+03 -3.274178992977934740e+03 -3.039627886253465022e+03 -2.815815798453864318e+03 -2.602152912939049202e+03 -2.398028256900337965e+03 -2.202819466513442876e+03 -2.015900045433442529e+03 -1.836644658791606616e+03 -1.664432886585255119e+03 -1.498651768407159807e+03 -1.338697399887746997e+03 -1.183975785430096039e+03 -1.033903108254251265e+03 -8.879055447132968766e+02 -7.454187232126114395e+02 -6.058869072426848561e+02 -4.687619658013502999e+02 -3.335021818887828431e+02 -1.995709400938859517e+02 -6.643532701723130174e+01 0.000000000000000000e+00
0.000000000000000000e+00 -1.051150699983302729e+03 -3.100934924825616690e+03 -4.996421881259274414e+03 -6.649071049216317078e+03 -7.998296818474786051e+03 -9.021057359926344361e+03 -9.728898054238619807e+03 -1.015673055883845518e+04 -1.035048384735699437e+04 -1.035773506801161966e+04 -1.022217619364651546e+04 -9.981145598028180757e+03 -9.665098341061018800e+03 -9.298094407964670609e+03 -8.898706794678619190e+03 -8.481016005447238058e+03 -8.055530805929164671e+03 -7.629974221243751344e+03 -7.209924509942484292e+03 -6.799323595801777628e+03 -6.400873408654749255e+03 -6.016341429090066413e+03 -5.646794558895020600e+03 -5.292777308397134220e+03 -4.954447152774151618e+03 -4.631677143020319818e+03 -4.324133569972186706e+03 -4.031334655751332775e+03 -3.752694823917499434e+03 -3.487558004534829251e+03 -3.235222594902063065e+03 -2.994960062682495391e+03 -2.766028698441927190e+03 -2.547683662112027378e+03 -2.339184194015531375e+03 -2.139798654013393843e+03 -1.948807895531804888e+03 -1.765507362270356907e+03 -1.589208204947215791e+03 -1.419237646491731994e+03 -1.254938771405335046e+03 -1.095669874653449142e+03 -9.408034744679418964e+02 -7.897250696095460398e+02 -6.418317033227864385e+02 -4.965303821328948288e+02 -3.532363868655418173e+02 -2.113715051056408640e+02 -7.036220823037042749e+01 0.000000000000000000e+00
0.000000000000000000e+00 -1.291253889164718203e+03 -3.805236811032414153e+03 -6.113156716730335575e+03 -8.087903330129567621e+03 -9.643945875595916732e+03 -1.075916356720046497e+04 -1.146590115851430164e+04 -1.182718686595878171e+04 -1.191510887451263625e+04 -1.179743603797040669e+04 -1.153164141195764569e+04 -1.116356768265802202e+04 -1.072837848883262450e+04 -1.025233861800888189e+04 -9.754682442483592240e+03 -9.249262055682833306e+03 -8.745887922163790790e+03 -8.251372744649599554e+03 -7.770324071856874070e+03 -7.305737266734480727e+03 -6.859435236369798986e+03 -6.432392842085031589e+03 -6.024975512339973648e+03 -5.637114434250607701e+03 -5.268435021902538210e+03 -4.918351011764832947e+03 -4.586133274778109808e+03 -4.270960018887802107e+03 -3.971953278517701619e+03 -3.688205284891452720e+03 -3.418797358063670345e+03 -3.162813264394961152e+03 -2.919348472906676307e+03 -2.687516369892843613e+03 -2.466452216427438088e+03 -2.255315431155806436e+03 -2.053290631483954257e+03 -1.859587755792058942e+03 -1.673441507286209344e+03 -1.494110299043024952e+03 -1.320874834204389799e+03 -1.153036421141867550e+03 -9.899150977783242524e+02 -8.308476199751845570e+02 -6.751853543797324164e+02 -5.222921051983618099e+02 -3.715418961650490814e+02 -2.223167228672993474e+02 -7.400428611841499560e+01 0.000000000000000000e+00
0.000000000000000000e+00 -1.598056663654056592e+03 -4.710597294754486938e+03 -7.556172452973599320e+03 -9.938371807999041266e+03 -1.172469375894998120e+04 -1.290220323809576803e+04 -1.354708542285227122e+04 -1.377161563942610701e+04 -1.368723247088762218e+04 -1.338789555922546788e+04 -1.294631251475492536e+04 -1.241601692431694210e+04 -1.183522042217500712e+04 -1.123061392853091456e+04 -1.062050608700701378e+04 -1.001721795600509358e+04 -9.428839228349557743e+03 -8.860489891291099411e+03 -8.315216975551213181e+03 -7.794628565421003259e+03 -7.299340939394463931e+03 -6.829293557815351960e+03 -6.383970788919224105e+03 -5.962557828258092741e+03 -5.564050142558528933e+03 -5.187330045522108776e+03 -4.831219994289280294e+03 -4.494519375379841222e+03 -4.176029568480966191e+03 -3.874570683107165223e+03 -3.588992380612141460e+03 -3.318180499400920780e+03 -3.061060708780639288e+03 -2.816600066868487374e+03 -2.583807108503714971e+03 -2.361730910826093350e+03 -2.149459456454785595e+03 -1.946117522475475425e+03 -1.750864257419102387e+03 -1.562890560799001605e+03 -1.381416345375454739e+03 -1.205687737419242922e+03 -1.034974252215149136e+03 -8.685659689759845605e+02 -7.057707198589616837e+02 -5.459113009233445837e+02 -3.883227079156256423e+02 -2.323493962179319681e+02 -7.734256179042691315e+01 0.000000000000000000e+00
0.000000000000000000e+00 -1.985884988749311560e+03 -5.875944951349279108e+03 -9.453047320053536168e+03 -1.237524890807198426e+04 -1.440699811123319523e+04 -1.557376995962781984e+04 -1.604749041915201633e+04 -1.602602019417427618e+04 -1.567670115750737932e+04 -1.512361699341663189e+04 -1.445285164044833073e+04 -1.372196970334961043e+04 -1.296857013329348410e+04 -1.221672380311768029e+04 -1.148147435320442310e+04 -1.077188571453298755e+04 -1.009307911190756931e+04 -9.447589323638618225e+03 -8.836267673270323940e+03 -8.258883905891767427e+03 -7.714527646541902868e+03 -7.201876003494257930e+03 -6.719371447152171640e+03 -6.265339357562620535e+03 -5.838064913889366835e+03 -5.435842554441122957e+03 -5.057006938129437003e+03 -4.699951456552207674e+03 -4.363138404009145233e+03 -4.045103598366193182e+03 -3.744457352609028021e+03 -3.459883088180097729e+03 -3.190134465203939726e+03 -2.934031619919617242e+03 -2.690456904472146562e+03 -2.458350390453182172e+03 -2.236705305979629884e+03 -2.024563513507332573e+03 -1.821011092956047833e+03 -1.625174065860438986e+03 -1.436214276861823009e+03 -1.253325435960427967e+03 -1.075729316494049726e+03 -9.026720983801185412e+02 -7.334208427665960244e+02 -5.672600821992106148e+02 -4.034885092584511312e+02 -2.414157460191512428e+02 -8.035917642334941036e+01 0.000000000000000000e+00
0.000000000000000000e+00 -2.451797547045230658e+03 -7.344158279317946835e+03 -1.199128091342432162e+04 -1.569011144999900353e+04 -1.794543859967938988e+04 -1.893400794805293117e+04 -1.904250920244099325e+04 -1.861012945986710474e+04 -1.787301221297420852e+04 -1.698049613229142778e+04 -1.602290322876395658e+04 -1.505351330573584710e+04 -1.410302201353967939e+04 -1.318846236245020009e+04 -1.231860790166820334e+04 -1.149724675701668821e+04 -1.072518026289329282e+04 -1.000145282064075582e+04 -9.324112763246841496e+03 -8.690683518299380012e+03 -8.098453943336289740e+03 -7.544654957086081595e+03 -7.026564395270231216e+03 -6.541566554018618262e+03 -6.087183248891959011e+03 -5.661087141705987051e+03 -5.261104219358306182e+03 -4.885209828611878947e+03 -4.531521072296824059e+03 -4.198287338964857554e+03 -3.883880069180087958e+03 -3.586782429227897410e+03 -3.305579284518930763e+03 -3.038947686861304192e+03 -2.785647977181440638e+03 -2.544515535399416876e+03 -2.314453167013622533e+03 -2.094424091694122126e+03 -1.883445486338192495e+03 -1.680582529361184470e+03 -1.484942891688208647e+03 -1.295671621159775668e+03 -1.111946369699577417e+03 -9.329729158596301204e+02 -7.579809387804267544e+02 -5.862200029063219517e+02 -4.169557157926005857e+02 -2.494660239376142101e+02 -8.303761372891079873e+01 0.000000000000000000e+00
0.000000000000000000e+00 -2.903967486408847435e+03 -9.014348109232485513e+03 -1.546472892998004500e+04 -2.045413430031583266e+04 -2.274269462253209349e+04 -2.316984053615945231e+04 -2.257891393385890842e+04 -2.150201439028162349e+04 -2.022865935054430520e+04 -1.890642398598477303e+04 -1.760835856446278558e+04 -1.636925446117038700e+04 -1.520411173291432169e+04 -1.411758178401583609e+04 -1.310891641241358411e+04 -1.217463302114148428e+04 -1.130997825138104417e+04 -1.050973693119303425e+04 -9.768674183985820491e+03 -9.081768257210693264e+03 -8.444323120872928484e+03 -7.852012329314774433e+03 -7.300884340995735329e+03 -6.787347103418657753e+03 -6.308142380335877533e+03 -5.860315915435408897e+03 -5.441186893732090539e+03 -5.048318581470047320e+03 -4.679491083123949466e+03 -4.332676600393660010e+03 -4.006017260973395878e+03 -3.697805411272825950e+03 -3.406466179940581696e+03 -3.130542082754075182e+03 -2.868679432548789464e+03 -2.619616327119057132e+03 -2.382172005420751248e+03 -2.155237383175275227e+03 -1.937766600333470251e+03 -1.728769433293563452e+03 -1.527304443484207241e+03 -1.332472750587374094e+03 -1.143412333223009909e+03 -9.592927724095966369e+02 -7.793103636962748624e+02 -6.026835327038284049e+02 -4.286484960884293400e+02 -2.564551158118873104e+02 -8.536289920733580061e+01 0.000000000000000000e+00
0.000000000000000000e+00 -3.165758888945419130e+03 -1.047758341377737997e+04 -2.010801544542320698e+04 -2.722668411406841551e+04 -2.928796874788995046e+04 -2.840666593557615852e+04 -2.660224289667611811e+04 -2.459475744135016794e+04 -2.263804461976594030e+04 -2.081260168905452520e+04 -1.913859020278986281e+04 -1.761408081576468976e+04 -1.622901977044353407e+04 -1.497075098601914033e+04 -1.382633721987182616e+04 -1.278354998043945670e+04 -1.183125829421979506e+04 -1.095953190160039048e+04 -1.015960817168350695e+04 -9.423797811262347750e+03 -8.745368127492178246e+03 -8.118423683328165680e+03 -7.537794003035769492e+03 -6.998932467764617286e+03 -6.497827597249593964e+03 -6.030926407042193205e+03 -5.595068824268644676e+03 -5.187431876575418755e+03 -4.805482332312002654e+03 -4.446936548395120553e+03 -4.109726410657755878e+03 -3.791970394622895583e+03 -3.491948914362577852e+03 -3.208083254846819727e+03 -2.938917495679055719e+03 -2.683102930898961404e+03 -2.439384571541659170e+03 -2.206589386429197475e+03 -1.983615993961537015e+03 -1.769425565136372825e+03 -1.563033737219707518e+03 -1.363503369730349050e+03 -1.169938000851916286e+03 -9.814758840200804570e+02 -7.972845020366385143e+02 -6.165554703051664092e+02 -4.384997522018955465e+02 -2.623431186092433904e+02 -8.732179059765326201e+01 0.000000000000000000e+00
0.000000000000000000e+00 -4.466152031045037802e+03 -1.714726050413839403e+04 -4.568143729187888675e+04 -3.773541155612425064e+04 -3.660197273349413445e+04 -3.433389316169987433e+04 -3.081427811969537652e+04 -2.764130816102286917e+04 -2.492174948698114895e+04 -2.257206481834447550e+04 -2.052306397594249211e+04 -1.872237042902850590e+04 -1.712937792270200225e+04 -1.571178323349240054e+04 -1.444344401156749154e+04 -1.330297237604322800e+04 -1.227273566338524142e+04 -1.133810482487038098e+04 -1.048687060242804000e+04 -9.708782715063574869e+03 -8.995183330669549832e+03 -8.338714333347665161e+03 -7.733082851455750642e+03 -7.172872935721968133e+03 -6.653393849454506380e+03 -6.170557439702246484e+03 -5.720778642699201555e+03 -5.300894429549547567e+03 -4.908097486190975360e+03 -4.539881699108291286e+03 -4.193997128876009810e+03 -3.868412632853043306e+03 -3.561284674611835271e+03 -3.270931153423944579e+03 -2.995809319985890397e+03 -2.734497028333069920e+03 -2.485676719260644859e+03 -2.248121645883210476e+03 -2.020683943662676711e+03 -1.802284220338920704e+03 -1.591902399608158703e+03 -1.388569599141246727e+03 -1.191360860985816316e+03 -9.993885824032685150e+02 -8.117965192006292909e+02 -6.277542527517585995e+02 -4.464520270472689845e+02 -2.670958739548722747e+02 -8.890295392815482955e+01 0.000000000000000000e+00
0.000000000000000000e+00 0.000000000000000000e+00 0.000000000000000000e+00 -5.527377590446276240e-28 -7.710606902791911853e+04 -4.191043286761069612e+04 -3.904252549623465165e+04 -3.449603961326427088e+04 -3.023533228500476253e+04 -2.684152508134860182e+04 -2.403563714503137453e+04 -2.166284314116675887e+04 -1.962566078165365616e+04 -1.785635885534128101e+04 -1.630507369980281692e+04 -1.493381948825137260e+04 -1.371301453436449265e+04 -1.261925121347087952e+04 -1.163376721831661598e+04 -1.074135401944379737e+04 -9.929556951995973577e+03 -9.188078433798445985e+03 -8.508326687637510986e+03 -7.883070701128284782e+03 -7.306173861334192225e+03 -6.772386519444554324e+03 -6.277183128477211540e+03 -5.816633389763677769e+03 -5.387299555885098926e+03 -4.986154000642056417e+03 -4.610512602130719642e+03 -4.257980544404287684e+03 -3.926407931614587142e+03 -3.613853199881039018e+03 -3.318552758964570785e+03 -3.038895635815597871e+03 -2.773402152475388903e+03 -2.520705871516003754e+03 -2.279538197783501346e+03 -2.048715146462741814e+03 -1.827125882442396005e+03 -1.613722710639870456e+03 -1.407512255895841236e+03 -1.207547617700713317e+03 -1.012921321989971034e+03 -8.227589215544558101e+02 -6.362131197761043495e+02 -4.524609474681853073e-29 -2.706870501237475480e-29 -9.009766012338682876e-30 0.000000000000000000e+00
0.000000000000000000e+00 0.000000000000000000e+00 0.000000000000000000e+00 -3.087298610489535351e-28 -8.868718570645108412e+04 -4.348206769475826877e+04 -3.989368477043223538e+04 -3.660507315024847776e+04 -3.195901492325944128e+04 -2.817943182031244942e+04 -2.507077333022955645e+04 -2.247038950431418198e+04 -2.026352701380518556e+04 -1.836712118299191570e+04 -1.671965837129994907e+04 -1.527472789002641366e+04 -1.399674656282888463e+04 -1.285803442522248588e+04 -1.183676916757191975e+04 -1.091552995938819186e+04 -1.008024527539716473e+04 -9.319422375272326462e+03 -8.623575991610750862e+03 -7.984799764094175771e+03 -7.396441212827383424e+03 -6.852852679206656831e+03 -6.349198612708427390e+03 -5.881305080206599996e+03 -5.445541220957022233e+03 -5.038725091370729388e+03 -4.658048289111569829e+03 -4.301015151313999922e+03 -3.965393346874004237e+03 -3.649173437693324104e+03 -3.350535544702412608e+03 -3.067821674856369100e+03 -2.799512582850082708e+03 -2.544208282993502962e+03 -2.300611511942380275e+03 -2.067513585887161753e+03 -1.843782206691508463e+03 -1.628350857969658364e+03 -1.420209499852870294e+03 -1.218396324469505544e+03 -1.021990376136834016e+03 -8.301048733540737885e+02 -6.418810957293368347e+02 -4.564854470372311438e-29 -2.730921592236895989e-29 -9.089777176573302166e-30 0.000000000000000000e+00
0.000000000000000000e+00 0.000000000000000000e+00 0.000000000000000000e+00 -2.397349378667970687e-28 -8.908245773919986095e+04 -4.414815596650283260e+04 -3.976547178013507073e+04 -3.743800410544640181e+04 -3.277942637742794614e+04 -2.885196090338307113e+04 -2.560202883912067409e+04 -2.288754203367727678e+04 -2.059317315831968153e+04 -1.863055685753790021e+04 -1.693289004110640963e+04 -1.544955450829081383e+04 -1.414185156242409721e+04 -1.297984876137114043e+04 -1.194010244369271459e+04 -1.100401950638450217e+04 -1.015667354612441341e+04 -9.385941898587405376e+03 -8.681869997356161548e+03 -8.036197981626090041e+03 -7.442004233848505464e+03 -6.893434079131085127e+03 -6.385491176902492953e+03 -5.913875551087659005e+03 -5.474856667870177262e+03 -5.065173104123431585e+03 -4.681952572754483299e+03 -4.322647664452735626e+03 -3.984983818757120389e+03 -3.666916880604031576e+03 -3.366598220849553854e+03 -3.082345862699537975e+03 -2.812620404047599550e+03 -2.556004789229220933e+03 -2.311187184688950765e+03 -2.076946367416901921e+03 -1.852139154300272367e+03 -1.635689493239274952e+03 -1.426578909262540947e+03 -1.223838055616827205e+03 -1.026539164387256278e+03 -8.337892262690405687e+02 -6.447237566464137899e+02 -4.585037997338245842e-29 -2.742983393301906401e-29 -9.129903013375666229e-30 0.000000000000000000e+00
0.000000000000000000e+00 0.000000000000000000e+00 0.000000000000000000e+00 -2.397349378667970687e-28 -8.908245773919986095e+04 -4.414815596650283260e+04 -3.976547178013507073e+04 -3.743800410544640181e+04 -3.277942637742794614e+04 -2.885196090338307113e+04 -2.560202883912067409e+04 -2.288754203367727678e+04 -2.059317315831968153e+04 -1.863055685753790021e+04 -1.693289004110640963e+04 -1.544955450829081383e+04 -1.414185156242409721e+04 -1.297984876137114043e+04 -1.194010244369271459e+04 -1.100401950638450217e+04 -1.015667354612441341e+04 -9.385941898587405376e+03 -8.681869997356161548e+03 -8.036197981626090041e+03 -7.442004233848505464e+03 -6.893434079131085127e+03 -6.385491176902492953e+03 -5.913875551087659005e+03 -5.474856667870177262e+03 -5.065173104123431585e+03 -4.681952572754483299e+03 -4.322647664452735626e+03 -3.984983818757120389e+03 -3.666916880604031576e+03 -3.366598220849553854e+03 -3.082345862699537975e+03 -2.812620404047599550e+03 -2.556004789229220933e+03 -2.311187184688950765e+03 -2.076946367416901921e+03 -1.852139154300272367e+03 -1.635689493239274952e+03 -1.426578909262540947e+03 -1.223838055616827205e+03 -1.026539164387256278e+03 -8.337892262690405687e+02 -6.447237566464137899e+02 -4.585037997338245842e-29 -2.742983393301906401e-29 -9.129903013375666229e-30 0.000000000000000000e+00
