1.000000000000000056e-01 1.000000000000000056e-01 1.000000000000000056e-01 1.000000000000000056e-01 5.528123022895336180e+04 4.433124486269759655e+04 3.869282039655862900e+04 3.401563054003706202e+04 3.000321686267464975e+04 2.659944188502195175e+04 2.372328468516985595e+04 2.128502411297533399e+04 1.920349117934273454e+04 1.741136118484536928e+04 1.585479135102748478e+04 1.449128305448635001e+04 1.328734902637906634e+04 1.221649646252474486e+04 1.125762246874707489e+04 1.039378063720831415e+04 9.611245257387465244e+03 8.898803171989837210e+03 8.247216298968996853e+03 7.648811236409753292e+03 7.097163521021135239e+03 6.586852689058432588e+03 6.113270655245918533e+03 5.672470573562254685e+03 5.261046713315330635e+03 4.876038321302130498e+03 4.514852205479213808e+03 4.175200057304587972e+03 3.855047466114538565e+03 3.552572268281292963e+03 3.266130386973722580e+03 2.994227705129615060e+03 2.735496810005482985e+03 2.488677677086027415e+03 2.252601541483009441e+03 2.026177348319167095e+03 1.808380288524419711e+03 1.598242019137930811e+03 1.394842242104645948e+03 1.197301376110776800e+03 1.004774104870522251e+03 8.164436245196353639e+02 6.315164441027571911e+02 1.000000000000000056e-01 1.000000000000000056e-01 1.000000000000000056e-01 1.000000000000000056e-01
1.000000000000000056e-01 1.000000000000000056e-01 1.000000000000000056e-01 1.000000000000000056e-01 5.535234034391269961e+04 4.442643515519602079e+04 3.878385114386023633e+04 3.409233286483801930e+04 3.006462403639646072e+04 2.664785288844180832e+04 2.376152960291685667e+04 2.131554933167776835e+04 1.922818967353296830e+04 1.743163934302419875e+04 1.587168178173859451e+04 1.450554514979398118e+04 1.329954577166133640e+04 1.222704987434129725e+04 1.126685279857936985e+04 1.040193398532012725e+04 9.618513105866930346e+03 8.905336319554578949e+03 8.253134908946478390e+03 7.654212168251711773e+03 7.102125746548140341e+03 6.591441345225522127e+03 6.117540116902009686e+03 5.676466815725998458e+03 5.264809155007326808e+03 4.879601290126262938e+03 4.518246126170352909e+03 4.178452443312702599e+03 3.858183777790784006e+03 3.555616692530317323e+03 3.269106590600328673e+03 2.997159617907797383e+03 2.738409505534349591e+03 2.491598443843872246e+03 2.255561281363493435e+03 2.029212521792485404e+03 1.811535778450211410e+03 1.601575583257295193e+03 1.398431839667420491e+03 1.201258021881752256e+03 1.009266239371619349e+03 8.217481603358133952e+02 6.381412731034387207e+02 1.000000000000000056e-01 1.000000000000000056e-01 1.000000000000000056e-01 1.000000000000000056e-01
1.000000000000000056e-01 1.000000000000000056e-01 1.000000000000000056e-01 1.000000000000000056e-01 6.207634383289612015e+04 4.746042116813441680e+04 4.010888750303663983e+04 3.460530782117660419e+04 3.022449670992636311e+04 2.666657797396155729e+04 2.373031690464722487e+04 2.127159621926663021e+04 1.918563574845446055e+04 1.739509839792833372e+04 1.584199280064480627e+04 1.448217241815190209e+04 1.328155732994443497e+04 1.221349762853004904e+04 1.125690370444897417e+04 1.039490048174351796e+04 9.613845414406170676e+03 8.902602695921688792e+03 8.252000301818286971e+03 7.654419093246657212e+03 7.103478418884903476e+03 6.593793029247392951e+03 6.120783283012400716e+03 5.680525624775495999e+03 5.269633833960008815e+03 4.885164043374918947e+03 4.524538313456336255e+03 4.185482837957134507e+03 3.865977797445474607e+03 3.564216573347185204e+03 3.278572562616473988e+03 3.007572247062857059e+03 2.749873516135837235e+03 2.504248558541017701e+03 2.269570974953765472e+03 2.044807196114039471e+03 1.829012958103824985e+03 1.621336788101147476e+03 1.421034883292318227e+03 1.227507173495641837e+03 1.040377563417486954e+03 8.596770012981442051e+02 6.862959062695871353e+02 1.000000000000000056e-01 1.000000000000000056e-01 1.000000000000000056e-01 1.000000000000000056e-01
1.000000000000000056e-01 1.000000000000000056e-01 1.000000000000000056e-01 1.000000000000000056e-01 8.070686144798857276e+04 5.294300163934296143e+04 4.188356403862879961e+04 3.510673875710322318e+04 3.028613118613187908e+04 2.658585741888565462e+04 2.361520027758166179e+04 2.116035404556767389e+04 1.909018846469196797e+04 1.731743601346196010e+04 1.578059924570274416e+04 1.443455674799614826e+04 1.324521832265684679e+04 1.218625047009103037e+04 1.123695116045679970e+04 1.038080823551259346e+04 9.604487808491760006e+03 8.897105327564440813e+03 8.249688997092975114e+03 7.654777745063805924e+03 7.106115422023361134e+03 6.598415130154906365e+03 6.127175504648124843e+03 5.688536056028604435e+03 5.279162288593831363e+03 4.896153815016811677e+03 4.536970454033048554e+03 4.199372563388399612e+03 3.881372782584056040e+03 3.581197049311687806e+03 3.297253289082972969e+03 3.028106620820347416e+03 2.772460326478851584e+03 2.529142259703841319e+03 2.297096900017664211e+03 2.075384034333789259e+03 1.863186330018879971e+03 1.659830389289196546e+03 1.464830396114068208e+03 1.277972778698943557e+03 1.099480466940678070e+03 9.303405921253335009e+02 7.729810280933185140e+02 1.000000000000000056e-01 1.000000000000000056e-01 1.000000000000000056e-01 1.000000000000000056e-01
6.216476925951514568e+04 6.222431859769910807e+04 6.839482932047874783e+04 8.473517224922451715e+04 6.351054577969959792e+04 4.968131258433788025e+04 4.070771270271047979e+04 3.446456848493533471e+04 2.984034530764564988e+04 2.624620959568410763e+04 2.335021395405120711e+04 2.095342362841923750e+04 1.892936262269070357e+04 1.719315154160258317e+04 1.568512445703613957e+04 1.436172145724723123e+04 1.319016683416972046e+04 1.214520076688427253e+04 1.120697718167583844e+04 1.035965545971700158e+04 9.590423672252996766e+03 8.888801170726168493e+03 8.246128455907612079e+03 7.655186407399022755e+03 7.109907166715245694e+03 6.605151389297417154e+03 6.136534481616120502e+03 5.700289617114122848e+03 5.293158805151236265e+03 4.912305677948928860e+03 4.555245335186684315e+03 4.219787782457921821e+03 3.903992375758293292e+03 3.606131348186280320e+03 3.324661026459309142e+03 3.058199807651843003e+03 2.805512421223749243e+03 2.565500518638853464e+03 2.337200313479701890e+03 2.119789003612741908e+03 1.912603334001879375e+03 1.715176435506409462e+03 1.527303982167593176e+03 1.349159504041764649e+03 1.181494153219958434e+03 1.025980807851040254e+03 8.857878930872346928e+02 7.664283042271482600e+02 6.765593467718142620e+02 6.272371221332990672e+02 6.211380758311022419e+02
5.081834698970993486e+04 5.089798390332430426e+04 5.345919398835264292e+04 5.758768413624911773e+04 5.179791727753401210e+04 4.443835390964667022e+04 3.808745049239956279e+04 3.299626142876644735e+04 2.893173855600394745e+04 2.563946432531495157e+04 2.292330079145523996e+04 2.064293819457643986e+04 1.869904369796766332e+04 1.702041189173898965e+04 1.555492833278677426e+04 1.426358032798359818e+04 1.311653190206248109e+04 1.209052630141547343e+04 1.116713321693113721e+04 1.033153816925376304e+04 9.571686252079687620e+03 8.877662729247469542e+03 8.241235706354294962e+03 7.655512265810534700e+03 7.114675746794925544e+03 6.613782209097707891e+03 6.148600853693060344e+03 5.715487648590089520e+03 5.311284445486851837e+03 4.933237973516183956e+03 4.578934577381915005e+03 4.246247633838471302e+03 3.933295370762029961e+03 3.638407423791748897e+03 3.360098969039940584e+03 3.097051726644062455e+03 2.848101596948632050e+03 2.612233236173242858e+03 2.388582592619890875e+03 2.176449442830196404e+03 1.975323495356808962e+03 1.784929969657694073e+03 1.605304086296431251e+03 1.436908838714711464e+03 1.280815795889531728e+03 1.138968948909272513e+03 1.014527227029346818e+03 9.121817596166378053e+02 8.380961065618353132e+02 7.988133958044339806e+02 7.941928272516012157e+02
4.528705428327601112e+04 4.536197733154446178e+04 4.626059424466908240e+04 4.699816413756671682e+04 4.405319683337614697e+04 3.963063822859845095e+04 3.516469611425282346e+04 3.117307119170361329e+04 2.774874687154528510e+04 2.484069347478411146e+04 2.236507571341584844e+04 2.024213775294463630e+04 1.840555431123046947e+04 1.680264199105602165e+04 1.539210037159182866e+04 1.414151685926179380e+04 1.302526462666893894e+04 1.202288040594465019e+04 1.111785186799221265e+04 1.029671852391908396e+04 9.548402935913185502e+03 8.863708884734560343e+03 8.234940598405682977e+03 7.655610392661474179e+03 7.120211572228943623e+03 6.624040108157821123e+03 6.163053261277855199e+03 5.733756582906635231e+03 5.333113025893497252e+03 4.958469540865546151e+03 4.607497719301921279e+03 4.278145919295992826e+03 3.968600972714525142e+03 3.677258098246921691e+03 3.402698091222745461e+03 3.143671276889514957e+03 2.899088145666964465e+03 2.668017087219430323e+03 2.449690264706451217e+03 2.243519491949058647e+03 2.049125065398790412e+03 1.866381881811792027e+03 1.695488660003520408e+03 1.537066876249936513e+03 1.392293684225747711e+03 1.263061572425890290e+03 1.152124801408565418e+03 1.063124220437798158e+03 1.000290105282105401e+03 9.676186873027879756e+02 9.639676629181024055e+02
4.073512967910384759e+04 4.079639398196933325e+04 4.092865159488062636e+04 4.058745487045237678e+04 3.861842205805495178e+04 3.566226285358164023e+04 3.242305571861919816e+04 2.930069122750105453e+04 2.645927366380048625e+04 2.393793480226152678e+04 2.172136177368168137e+04 1.977527907802617847e+04 1.806217826227125624e+04 1.654744517961843667e+04 1.520119984582966208e+04 1.399837902136243247e+04 1.291819565269661143e+04 1.194345313608718243e+04 1.105989751028605133e+04 1.025566430600236345e+04 9.520826218220967348e+03 8.847030057962967476e+03 8.227207237889397220e+03 7.655342909922018407e+03 7.126291269188107435e+03 6.635627084446916342e+03 6.179525739319693457e+03 5.754665866508588806e+03 5.358150058789945433e+03 4.987440215735698075e+03 4.640304907304471271e+03 4.314776769855469865e+03 4.009118451274070139e+03 3.721796034688699365e+03 3.451459232253689152e+03 3.196927984225510500e+03 2.957185453584259903e+03 2.731377799788177072e+03 2.518821568498517081e+03 2.319020052041898452e+03 2.131690515216005224e+03 1.956804580054207236e+03 1.794643883402235815e+03 1.645871353866169784e+03 1.511613070763050473e+03 1.393533310110350840e+03 1.293862540883073279e+03 1.215307174786586529e+03 1.160753127125542278e+03 1.132725402793337707e+03 1.129766629551202186e+03
3.684885879351176118e+04 3.689590727245547168e+04 3.672170923121555097e+04 3.608472149311296380e+04 3.458979362994854455e+04 3.244673098001175822e+04 3.000512846755686041e+04 2.753035770904934179e+04 2.517340528984856792e+04 2.300208039704971452e+04 2.103562198260663718e+04 1.926859991252543477e+04 1.768481158898222202e+04 1.626459477995972156e+04 1.498835688997861143e+04 1.383808988627757935e+04 1.279787485084194850e+04 1.185391221604678321e+04 1.099435130119072164e+04 1.020905274490810916e+04 9.489345358197666428e+03 8.827803021783893200e+03 8.218050041500067891e+03 7.654595584322686591e+03 7.132694647952487685e+03 6.648232034748382830e+03 6.197625795248524810e+03 5.777746988773138582e+03 5.385853102980359836e+03 5.019532960455570901e+03 4.676661374137204803e+03 4.355362186363104229e+03 4.053978646437472435e+03 3.771050363104831831e+03 3.505296326832966315e+03 3.255603746960389344e+03 3.021022701895424689e+03 2.800766861225097728e+03 2.594220797077820407e+03 2.400954618614041919e+03 2.220746737250345177e+03 2.053615283008574352e+03 1.899857619657877422e+03 1.760094811712297087e+03 1.635312716051257894e+03 1.526882619858581847e+03 1.436532635176256008e+03 1.366231867153166831e+03 1.317956462956410178e+03 1.293347825401634282e+03 1.290912900546359197e+03
3.358152109283948084e+04 3.361673362208056642e+04 3.334497278454178741e+04 3.267632569024941404e+04 3.147511808652537729e+04 2.982833676225215095e+04 2.792023171252572138e+04 2.592175675227964894e+04 2.395229771479271949e+04 2.208130747691735451e+04 2.034208159725159203e+04 1.874528862146853498e+04 1.728885000083532213e+04 1.596425902873367158e+04 1.476030651542370470e+04 1.366513775352223638e+04 1.266730880534918651e+04 1.175627187010118178e+04 1.092254906348489203e+04 1.015774463941987779e+04 9.454479622239749006e+03 8.806294370419889674e+03 8.207542825716247535e+03 7.653290168499997890e+03 7.139219113339948308e+03 6.661546693202862116e+03 6.216951697903802597e+03 5.802512165676822406e+03 5.415652039259593039e+03 5.054096051512080521e+03 4.715831973761709378e+03 4.399079478273718451e+03 4.102265003996886662e+03 3.824002159372862934e+03 3.563077343328478946e+03 3.318440413844590239e+03 3.089200378590473974e+03 2.874626212060404669e+03 2.674152990346020033e+03 2.487393520600782722e+03 2.314155419764722865e+03 2.154462980864708243e+03 2.008581867891318780e+03 1.877042328544965358e+03 1.760652896446679733e+03 1.660491664119604138e+03 1.577857728841679545e+03 1.514165371833790687e+03 1.470774143399520199e+03 1.448773415735204253e+03 1.446751713814813684e+03
3.085693833703774362e+04 3.088308949277222564e+04 3.059949346297667944e+04 2.998259802478733400e+04 2.899057543395330867e+04 2.767252894346162793e+04 2.613459573382592498e+04 2.448873234376309847e+04 2.282498408535765338e+04 2.120483029971240103e+04 1.966490391040454779e+04 1.822365822951302107e+04 1.688756973629509594e+04 1.565584569983236361e+04 1.452364217179352272e+04 1.348412029455072479e+04 1.252969253213609227e+04 1.165273962664263490e+04 1.084599677834161048e+04 1.010274030725371995e+04 9.416857994971465814e+03 8.782854278524908295e+03 8.195821016863748810e+03 7.651391863467927578e+03 7.145690576872146266e+03 6.675279010092756835e+03 6.237107831039061239e+03 5.828471481099912126e+03 5.446968012725550579e+03 5.090463977819221327e+03 4.757064300054687919e+03 4.445086958204117764e+03 4.153042278089862521e+03 3.879616645632866494e+03 3.623660493215781116e+03 3.384180461973923684e+03 3.160335688792074052e+03 2.951438187544652010e+03 2.756957255396519940e+03 2.576527681563243277e+03 2.409961182512087362e+03 2.257259813861596285e+03 2.118628972049291860e+03 1.994485888974131967e+03 1.885457310618401380e+03 1.792357857387822605e+03 1.716139702642118891e+03 1.657806872154040548e+03 1.618295901792915629e+03 1.598338759862348752e+03 1.596653069899523189e+03
2.858672798147673529e+04 2.860615816253087178e+04 2.834189269762448748e+04 2.779658291718406326e+04 2.696340483564204624e+04 2.587730713597517752e+04 2.460568054588217274e+04 2.322467100503720212e+04 2.180176821788836969e+04 2.038846135198610500e+04 1.901979604546326664e+04 1.771711464493373569e+04 1.649159064262568791e+04 1.534742709683131943e+04 1.428435292777670475e+04 1.329941420423553609e+04 1.238818896034237696e+04 1.154557558747701114e+04 1.076628412154508260e+04 1.004512874860716875e+04 9.377191329882065475e+03 8.757903418316833267e+03 8.183078123352031071e+03 7.648912099820056028e+03 7.151970557044777706e+03 6.689163377843815397e+03 6.257717357959139008e+03 5.855147628350834566e+03 5.479230102359622833e+03 5.127976031535490620e+03 4.799609286926598543e+03 4.492546698468193426e+03 4.205381615696532208e+03 3.936870755084280972e+03 3.685924343980607773e+03 3.451599536443643046e+03 3.233097041478241863e+03 3.029760845220918327e+03 2.841080793630822427e+03 2.666697588250158788e+03 2.506409379632116725e+03 2.360178560832874155e+03 2.228136524312527854e+03 2.110583077137430337e+03 2.007976101209801300e+03 1.920906367717482908e+03 1.850052984958751495e+03 1.796117774233690852e+03 1.759742499501770908e+03 1.741420455967798034e+03 1.740014174801993931e+03
2.668958854296428763e+04 2.670407367162287846e+04 2.646768916785108377e+04 2.599190683058461946e+04 2.528269515198220688e+04 2.436780521582973597e+04 2.329390650514853405e+04 2.211519367206809329e+04 2.088290235447453233e+04 1.963935645387363911e+04 1.841615565562269330e+04 1.723489003923545170e+04 1.610895400940654326e+04 1.504557139774022653e+04 1.404760090962038521e+04 1.311497549009798058e+04 1.224577387480502148e+04 1.143698114239541792e+04 1.068500875411179913e+04 9.986038493475718496e+03 9.336242170557241479e+03 8.731916053856639337e+03 8.169558066099865755e+03 7.645907348752421967e+03 7.157959637867907077e+03 6.702967544405686567e+03 6.278431832863586351e+03 5.882087755706431381e+03 5.511889131795250250e+03 5.165991940911001620e+03 4.842738594329161970e+03 4.540643631725960404e+03 4.258381319180805804e+03 3.994775435401717914e+03 3.748791400909889489e+03 3.519530802518449036e+03 3.306228270640950996e+03 3.108250556772279651e+03 2.925097507132552437e+03 2.756404407008631097e+03 2.601944849731260547e+03 2.461632844960856346e+03 2.335522333217990308e+03 2.223801691319041311e+03 2.126780378263154489e+03 2.044864905079472692e+03 1.978522247172463949e+03 1.928231031422620163e+03 1.894424313453279410e+03 1.877431738592142892e+03 1.876261619353871765e+03
2.509765937437268440e+04 2.510849485890517099e+04 2.489980727344879415e+04 2.448482384860326420e+04 2.387359659089206980e+04 2.308905720314529754e+04 2.216577854202598974e+04 2.114408670358279051e+04 2.006371679300483083e+04 1.895942949045843125e+04 1.785899642981150828e+04 1.678297171495371003e+04 1.574547922561073756e+04 1.475541101778230950e+04 1.381766605467334557e+04 1.293424588737287195e+04 1.210514298968201729e+04 1.132902135465482570e+04 1.060371712464564916e+04 9.926595176414295565e+03 9.294796007096125322e+03 8.705401877047157541e+03 8.155544993618025728e+03 7.642474915316455736e+03 7.163597774904147627e+03 6.716496392380210636e+03 6.298937731084188272e+03 5.908872252806784672e+03 5.544428372038195448e+03 5.203904247709378978e+03 4.885758469637738926e+03 4.588600713043457290e+03 4.311183088030344152e+03 4.052392658823539023e+03 3.811245418096224057e+03 3.586881850028066310e+03 3.378564080550706421e+03 3.185674474739933885e+03 3.007715380385292065e+03 2.844309515995874790e+03 2.695200249173832162e+03 2.560250709483160790e+03 2.439440357974203380e+03 2.332857367212874124e+03 2.240685084288372764e+03 2.163181144123403556e+03 2.100648671115736306e+03 2.053400555198273651e+03 2.021719860689683173e+03 2.005821495458622621e+03 2.004853294326592959e+03
2.375662311798727751e+04 2.376474309271002130e+04 2.358061395889996493e+04 2.321658711471815695e+04 2.268337291330210792e+04 2.200019897192544158e+04 2.119395851443403444e+04 2.029586528710074708e+04 1.933748924405027356e+04 1.834761651086121128e+04 1.735044297874116455e+04 1.636496724349277429e+04 1.540520203576608401e+04 1.448082533520893776e+04 1.359799174583172498e+04 1.276013394927728950e+04 1.196866886677048387e+04 1.122357807561125446e+04 1.052386277220110242e+04 9.867888064798513369e+03 9.253636241702277403e+03 8.678888475209723765e+03 8.141352000159980889e+03 7.638746709127296526e+03 7.168862107736465077e+03 6.729592992373588459e+03 6.318960128435907791e+03 5.935120587569937015e+03 5.576371172177976405e+03 5.241147432991285314e+03 4.928020097485411497e+03 4.635690213607301303e+03 4.362983928219394329e+03 4.108847527295663895e+03 3.872343137723843938e+03 3.652645306554194576e+03 3.449038514202641181e+03 3.260915527441500672e+03 3.087776342450436459e+03 2.929227298115684789e+03 2.784979752757501046e+03 2.654847523807412472e+03 2.538742119784729312e+03 2.436664703957855636e+03 2.348693803736667178e+03 2.274968118286290974e+03 2.215664457078477881e+03 2.170971860677539098e+03 2.141064161348334892e+03 2.126074311213343663e+03 2.125280047528783143e+03
2.262374643920874587e+04 2.262982583692203480e+04 2.246646625674548704e+04 2.214434574336134756e+04 2.167355885699164355e+04 2.107036183261790575e+04 2.035642616914017708e+04 1.955673372455834760e+04 1.869697824335154655e+04 1.780130552736920436e+04 1.689080894371633622e+04 1.598281583951337416e+04 1.509079509648680687e+04 1.422466166395727487e+04 1.339128225687379563e+04 1.259504288254856510e+04 1.183839362095284923e+04 1.112232783416353232e+04 1.044678044607484844e+04 9.810945851173672054e+03 9.213523933794313052e+03 8.652905651869583380e+03 8.127309857078655114e+03 7.634881904757384291e+03 7.173762988771827622e+03 6.742137466964000851e+03 6.338263931573000264e+03 5.960494500972867172e+03 5.607285769427086962e+03 5.277204024733326150e+03 4.968926694069524274e+03 4.681241470758609466e+03 4.413044178001752698e+03 4.163336113989263140e+03 3.931221374801429192e+03 3.715904449392431616e+03 3.516688209742922027e+03 3.332972266537309224e+03 3.164251516970782177e+03 3.010114571320908453e+03 2.870241610016398226e+03 2.744401104084532562e+03 2.632444752647889800e+03 2.534299989183386515e+03 2.449959531427922684e+03 2.379467744188127654e+03 2.322904071224365453e+03 2.280364438402141786e+03 2.251942222848814254e+03 2.237710932812053670e+03 2.237067095637548391e+03
2.166560326584714494e+04 2.167013405279888320e+04 2.152395507638185518e+04 2.123599534857908657e+04 2.081534763975273381e+04 2.027587169481692763e+04 1.963550716958619523e+04 1.891481944104914510e+04 1.813520087578927269e+04 1.731720868696197067e+04 1.647934092486121517e+04 1.563733557214145912e+04 1.480392980518892364e+04 1.398895268452013443e+04 1.319961992289030422e+04 1.244092394511761449e+04 1.171604495116512589e+04 1.102673799510827848e+04 1.037367319176058845e+04 9.756720902432112780e+03 9.175182545456646039e+03 8.627972261148970574e+03 8.113756543322275320e+03 7.631059252527376884e+03 7.178338904100036416e+03 6.754044243859447306e+03 6.356653152030150522e+03 5.984698988631569591e+03 5.636787671071359910e+03 5.311608074298152133e+03 5.007937761661179138e+03 4.724645577551676070e+03 4.460692245096693114e+03 4.215129797929619599e+03 3.987100419839963706e+03 3.775835056934206932e+03 3.580651992489844815e+03 3.400955425578326413e+03 3.236233963972548281e+03 3.086058826681738083e+03 2.950081453525186134e+03 2.828030146867019994e+03 2.719705339685834133e+03 2.624973116698809008e+03 2.543756735651791132e+03 2.476026121950935703e+03 2.421785639939925659e+03 2.381060843457672036e+03 2.353885301542645720e+03 2.340288874891660726e+03 2.339775209225209437e+03
2.085606744964742757e+04 2.085941275697077799e+04 2.072728334214593997e+04 2.046704066307017274e+04 2.008674934669111099e+04 1.959834694910719190e+04 1.901701634146595097e+04 1.836010234927289639e+04 1.764579689769831384e+04 1.689187865542179134e+04 1.611471689335483461e+04 1.532862755960466893e+04 1.454556924664407052e+04 1.377511055042598127e+04 1.302458302712215118e+04 1.229934084041041751e+04 1.160306573827244938e+04 1.093807533152196993e+04 1.030560929800250415e+04 9.706080617243982488e+03 9.139287369147648860e+03 8.604585788367081477e+03 8.101028065100626009e+03 7.627469621032819305e+03 7.182650873602846332e+03 6.765258254371710791e+03 6.373968740096345755e+03 6.007481552280984033e+03 5.664540074391296912e+03 5.343946472411036666e+03 5.044571004225843353e+03 4.765357571874483256e+03 4.505326705659484105e+03 4.263576864317655236e+03 4.039284683096600475e+03 3.831704593378331992e+03 3.640168065513313195e+03 3.464082583849716229e+03 3.302930344482896089e+03 3.156266569493683619e+03 3.023717257426214474e+03 2.904976143492663141e+03 2.799800633480339002e+03 2.708006514026739751e+03 2.629461339446709644e+03 2.564076555896069749e+03 2.511798638518680491e+03 2.472599758679018123e+03 2.446468718949634422e+03 2.433403033292698638e+03 2.433001694190371381e+03
2.017470489237956281e+04 2.017713679816686272e+04 2.005641084404911453e+04 1.981857117644327445e+04 1.947076259838001351e+04 1.902339332682455642e+04 1.848956850363314152e+04 1.788423559962198487e+04 1.722317372635156062e+04 1.652200490503358378e+04 1.579537299109239757e+04 1.505636671640144232e+04 1.431619658802416780e+04 1.358409071165074056e+04 1.286735433816074328e+04 1.217153585953657421e+04 1.150065015534660597e+04 1.085742224897560118e+04 1.024352622410232834e+04 9.659804370872914660e+03 9.106459016413860809e+03 8.583214606966619613e+03 8.089450806812167684e+03 7.624309172786020099e+03 7.186776800581110365e+03 6.775750567858151044e+03 6.390085468058351580e+03 6.028630205013027989e+03 5.690252808686110257e+03 5.373858601548170554e+03 5.078402430374358119e+03 4.802896699369904127e+03 4.546416406243925849e+03 4.308102095297456799e+03 4.087161398936252681e+03 3.882869637207821143e+03 3.694569778992813099e+03 3.521671933389874539e+03 3.363652431544613137e+03 3.220052475253567991e+03 3.090476268862694724e+03 2.974588517374757430e+03 2.872111170379197574e+03 2.782819323218975114e+03 2.706536256979596146e+03 2.643127705975130539e+03 2.592495575963939245e+03 2.554571478792916423e+03 2.529310570707576062e+03 2.516686249217486875e+03 2.516381196432233537e+03
1.960553836397361010e+04 1.960726423439049540e+04 1.949572619201161433e+04 1.927589825981940157e+04 1.895415334848681232e+04 1.853969422955548725e+04 1.804404458296161829e+04 1.748034489826497884e+04 1.686254018302966506e+04 1.620457712776672633e+04 1.551971417164621744e+04 1.482000717932701627e+04 1.411598878859947035e+04 1.341652531056927910e+04 1.272881587048771325e+04 1.205849237372032258e+04 1.140978150545997414e+04 1.078569703546726851e+04 1.018823905570906754e+04 9.618584567823894758e+03 9.077260207730167167e+03 8.564292644274346458e+03 8.079335461267262872e+03 7.621773410960287947e+03 7.190806116002820090e+03 6.785513863747684809e+03 6.404908293189472715e+03 6.047970677197123223e+03 5.713680260916140469e+03 5.401034805386098924e+03 5.109065151697264810e+03 4.836845295309619360e+03 4.583499159825700190e+03 4.348204993354632279e+03 4.130198081729915430e+03 3.928772280760793819e+03 3.743280711768050878e+03 3.573135837432542758e+03 3.417809035030262294e+03 3.276829708843667049e+03 3.149783931520921669e+03 3.036312575331618973e+03 2.936108889555430778e+03 2.848915500638311187e+03 2.774520856954515239e+03 2.712755206741554048e+03 2.663486278206852603e+03 2.626614912010946227e+03 2.602070961302228625e+03 2.589809805319056977e+03 2.589586359022985562e+03
1.913611762728112080e+04 1.913729862836240136e+04 1.903308777876590466e+04 1.882760973233237382e+04 1.852661468681577389e+04 1.813836673144641463e+04 1.767318490933801149e+04 1.714284244039308032e+04 1.655988773522119664e+04 1.593697034911375704e+04 1.528624803326737674e+04 1.461892571056244196e+04 1.394494653485570416e+04 1.327282918741489084e+04 1.260962874118443324e+04 1.196099087563452122e+04 1.133126873524346229e+04 1.072367551130705215e+04 1.014045151553375945e+04 9.583030473242848529e+03 9.052195072592907309e+03 8.548216073216915902e+03 8.070972445456689456e+03 7.620052197939793587e+03 7.194834943511476922e+03 6.794558045963012773e+03 6.418368554662960378e+03 6.065363210190296741e+03 5.734618697522814728e+03 5.425214111659970513e+03 5.136247338198410034e+03 4.866846775050597898e+03 4.616179554700472181e+03 4.383457182946550347e+03 4.167939296930726414e+03 3.968936064613706094e+03 3.785809598995416309e+03 3.617974640899113183e+03 3.464898671089430081e+03 3.326101543056514402e+03 3.201154679760767067e+03 3.089679849501924309e+03 2.991347526888856919e+03 2.905874853667275147e+03 2.833023239137499786e+03 2.772595677645775140e+03 2.724433905406487611e+03 2.688415562556945133e+03 2.664451559110064863e+03 2.652483855799163393e+03 2.652328362270398884e+03
1.875682762457590798e+04 1.875759192148919465e+04 1.865912792114677359e+04 1.846490137037548993e+04 1.818017666794289471e+04 1.781250026244521723e+04 1.737128233564530456e+04 1.686726825955076492e+04 1.631195069479880840e+04 1.571698532057104421e+04 1.509366885906380594e+04 1.445252106246987387e+04 1.380299034759161441e+04 1.315328265711243330e+04 1.251029875405346684e+04 1.187965740879253644e+04 1.126577981035945413e+04 1.067201225700884606e+04 1.010076800213558090e+04 9.553673687711952880e+03 9.031710203404754793e+03 8.535341592908829625e+03 8.064628612883166170e+03 7.619325739081548818e+03 7.198961907643033555e+03 6.802906211416897349e+03 6.430420277606304808e+03 6.080699254614539313e+03 5.752903331972875094e+03 5.446181584787085740e+03 5.159689730716950180e+03 4.892603153929307155e+03 4.644126314306551649e+03 4.413499438733599163e+03 4.200003194169915332e+03 4.002961873609283884e+03 3.821745486540401089e+03 3.655771033517988599e+03 3.504503157312926760e+03 3.367454297872463940e+03 3.244184432289166125e+03 3.134300451827994493e+03 3.037455213844548780e+03 2.953346305283460424e+03 2.881714564181904734e+03 2.822342423300416158e+03 2.775052161721260745e+03 2.739704171060360750e+03 2.716195357430463901e+03 2.704457803493057327e+03 2.704357376908390052e+03
1.846037937535674064e+04 1.846083174179702473e+04 1.836674852744055170e+04 1.818110024985896598e+04 1.790878739993138151e+04 1.755682461271240754e+04 1.713395303453158704e+04 1.665016175064327763e+04 1.611616191748640085e+04 1.554286463136440761e+04 1.494091002882797147e+04 1.432028261307243702e+04 1.369003112874804538e+04 1.305809526145328891e+04 1.243122913854410763e+04 1.181500418391524181e+04 1.121387097116822042e+04 1.063126020181878084e+04 1.006970550885024568e+04 9.530974327681393333e+03 9.016196776380251322e+03 8.525985849866994613e+03 8.060545017016349448e+03 7.619761447501115981e+03 7.203284623801144335e+03 6.810591102085073544e+03 6.441036780422408810e+03 6.093898318351927628e+03 5.768405419950991927e+03 5.463765618451013324e+03 5.179183042443859449e+03 4.913872444815277959e+03 4.667069565606808283e+03 4.438038698449931871e+03 4.226078148324192625e+03 4.030524111597730098e+03 3.850753379020297416e+03 3.686185157470090871e+03 3.536282224362407305e+03 3.400551566750338679e+03 3.278544612308503019e+03 3.169857128895800543e+03 3.074128850846382193e+03 2.991042881397821475e+03 2.920324919587791555e+03 2.861742364273276962e+03 2.815103355041015675e+03 2.780255816871271236e+03 2.757086579593368242e+03 2.745520641958230954e+03 2.745462959237158429e+03
1.824144156512534755e+04 1.824167058422971604e+04 1.815075950871897294e+04 1.797132642115413546e+04 1.770801652291524806e+04 1.736747263168655627e+04 1.695796834294458677e+04 1.648896219796989317e+04 1.597061251652941428e+04 1.541329689663674981e+04 1.482717684446641215e+04 1.422183784172614651e+04 1.360602164362503208e+04 1.298745422797600440e+04 1.237276209544592348e+04 1.176746267818306296e+04 1.117601140777876935e+04 1.060188778341786929e+04 1.004770457479194920e+04 9.515327153341782832e+03 9.005993136977685936e+03 8.520425568561762702e+03 8.058935454320233475e+03 7.621511554848910237e+03 7.207896845483057405e+03 6.817652102582937914e+03 6.450207713509721543e+03 6.104905142568968586e+03 5.781029598364096273e+03 5.477835412587691280e+03 5.194565514319209797e+03 4.930466211034884509e+03 4.684798298667805284e+03 4.456845338485125467e+03 4.245919770363708267e+03 4.051367386250648451e+03 3.872570566015800523e+03 3.708950579727537388e+03 3.559969183308999618e+03 3.425129675631112605e+03 3.303977541327340532e+03 3.196100772159576536e+03 3.101129938128462982e+03 3.018738065550326155e+03 2.948640371128900824e+03 2.890593896894170030e+03 2.844397089117447649e+03 2.809889363376519213e+03 2.786950696386144955e+03 2.775501281867399484e+03 2.775474414412972692e+03
1.809638244279328501e+04 1.809646612422316684e+04 1.800762685093674008e+04 1.783225858643715765e+04 1.757485014131320349e+04 1.724181503500384133e+04 1.684113569398452091e+04 1.638193597242274154e+04 1.587401984792217263e+04 1.532741645145244911e+04 1.475196765684771162e+04 1.415698536274619619e+04 1.355099382750397672e+04 1.294156069120179018e+04 1.233521070363243598e+04 1.173740970682617444e+04 1.115260318595453100e+04 1.058429317144394918e+04 1.003513864269849182e+04 9.507067036726364677e+03 9.001387332755622992e+03 8.518897993473861789e+03 8.059985511473611041e+03 7.624711304541408936e+03 7.212886200650462342e+03 6.824132793072367349e+03 6.457936600992535205e+03 6.113687325346041689e+03 5.790711624236718308e+03 5.488298817821182638e+03 5.205720826030044009e+03 4.942247487239225848e+03 4.697158232793294701e+03 4.469750921397614547e+03 4.259348480938853754e+03 4.065303869294076776e+03 3.887003752049197374e+03 3.723871203018056804e+03 3.575367660830108889e+03 3.440994318783424660e+03 3.320293082649138796e+03 3.212847199410496614e+03 3.118281636587623325e+03 3.036263274816925332e+03 2.966500964074839885e+03 2.908745485000185909e+03 2.862789450122900689e+03 2.828467174532778699e+03 2.805654540949401508e+03 2.794268879729485889e+03 2.794261150364367950e+03
1.802310108256520834e+04 1.802311149250116796e+04 1.793530838693470650e+04 1.776198179935547887e+04 1.750755761194556544e+04 1.717835271353038479e+04 1.678222036760092305e+04 1.632812809119938356e+04 1.582570582411235955e+04 1.528480298218082862e+04 1.471508837800477522e+04 1.412571810279942838e+04 1.352508543816746169e+04 1.292065600961728887e+04 1.231888247281387157e+04 1.172518695655493684e+04 1.114399638462869370e+04 1.057881521473359135e+04 1.003232135285797267e+04 9.506473282025004664e+03 9.002619155118994968e+03 8.521601286296045146e+03 8.063851852839788990e+03 7.629477552880760413e+03 7.218332422241891436e+03 6.830079029676091523e+03 6.464238912319743577e+03 6.120233462993747708e+03 5.797416616790181251e+03 5.495100675151764335e+03 5.212576507162823873e+03 4.949129222212178320e+03 4.704050245340969013e+03 4.476646565950207332e+03 4.266247783562053883e+03 4.072211446649073423e+03 3.893927073815566018e+03 3.730819160036330231e+03 3.582349402062163790e+03 3.448018323744413919e+03 3.327366441073454553e+03 3.219975075577407097e+03 3.125466901093213892e+03 3.043506290973810337e+03 2.973799519026855705e+03 2.916094856779332076e+03 2.870182601160258400e+03 2.835895059766194663e+03 2.813106515063807365e+03 2.801733183857406857e+03 2.801733040110942966e+03
1.802093466218822141e+04 1.802094202546634551e+04 1.793316354507997676e+04 1.775990371232525649e+04 1.750561822325759204e+04 1.717665748128038103e+04 1.678090268798145189e+04 1.632733634799908396e+04 1.582558651872163500e+04 1.528548368594649037e+04 1.471666354727643011e+04 1.412823960737598463e+04 1.352855843297726642e+04 1.292503980926365512e+04 1.232409547117213151e+04 1.173111434894663216e+04 1.115049942118744002e+04 1.058574085200060472e+04 1.003951139978882020e+04 9.513772398841261747e+03 9.009881319402704321e+03 8.528694565809619235e+03 8.070661505408080302e+03 7.635907605355670967e+03 7.224305964282220884e+03 6.835537499241182559e+03 6.469140656420084269e+03 6.124551838452501215e+03 5.801137860534746324e+03 5.498221729810993565e+03 5.215102941894006108e+03 4.951073345316925042e+03 4.705429467253629809e+03 4.477482040012470861e+03 4.266563327910213957e+03 4.072032733052525145e+03 3.893281057462863828e+03 3.729733716964090036e+03 3.580853137058194079e+03 3.446140510187147811e+03 3.325137054591169999e+03 3.217424885127270045e+03 3.122627583832998880e+03 3.040410541034064408e+03 2.970481124995673781e+03 2.912588728398457988e+03 2.866524732320093335e+03 2.832122422165732587e+03 2.809256884458183322e+03 2.797844908076692718e+03 2.797840804740986641e+03
1.809063475106123951e+04 1.809071141384833754e+04 1.800192986609119544e+04 1.782673225651897155e+04 1.756970136772628393e+04 1.723735631077330981e+04 1.683776763005117027e+04 1.638010690808883919e+04 1.587417351016684006e+04 1.532993937745426229e+04 1.475714575883850739e+04 1.416497522030572873e+04 1.356181047856331679e+04 1.295508071758451661e+04 1.235118755655388304e+04 1.175549740384276993e+04 1.117238447752407774e+04 1.060530874102128473e+04 1.005691463086034673e+04 9.529138991679286846e+03 9.023319469536787437e+03 8.540297321177802587e+03 8.080510925358839813e+03 7.644078126283609890e+03 7.230866891534836213e+03 6.840554679635658431e+03 6.472677465581334218e+03 6.126669652884294010e+03 5.801896188007855926e+03 5.497678154748419729e+03 5.213313014466341883e+03 4.948090511033909934e+03 4.701305102675150010e+03 4.472265632493250450e+03 4.260302814184337876e+03 4.064774993015791097e+03 3.885072545209075997e+03 3.720621200177941773e+03 3.570884507517013390e+03 3.435365621819339594e+03 3.313608541049857649e+03 3.205198906263936806e+03 3.109764450207172104e+03 3.026975168261172712e+03 2.956543275938372972e+03 2.898223011355226390e+03 2.851810337471164075e+03 2.817142595992072984e+03 2.794098161383706156e+03 2.782596138312800122e+03 2.782576423140179031e+03
1.823441131035183207e+04 1.823463593562947426e+04 1.814376473559431906e+04 1.796451292555586042e+04 1.770169831440664348e+04 1.736215743992692660e+04 1.695432578226118130e+04 1.648775098751890619e+04 1.597258717536969925e+04 1.541911514396704115e+04 1.483732420618634933e+04 1.423657884891198228e+04 1.362538013595051598e+04 1.301122010728557689e+04 1.240051881213353408e+04 1.179862852424906669e+04 1.120988782305612222e+04 1.063770883119328028e+04 1.008468308561849881e+04 9.552694471386737860e+03 9.043030740936439543e+03 8.556487971051476052e+03 8.093464660765526787e+03 7.654043976933319755e+03 7.238063934242170944e+03 6.845176128134357896e+03 6.474894117059167002e+03 6.126632768731120450e+03 5.799739926170253057e+03 5.493521679645106815e+03 5.207262399994985572e+03 4.940240532047607303e+03 4.691740986665327000e+03 4.461064819792408343e+03 4.247536753624382982e+03 4.050510981159930452e+03 3.869375600819984811e+03 3.703555950992332328e+03 3.552517053207087883e+03 3.415765325073776694e+03 3.292849688258397236e+03 3.183362171105558900e+03 3.086938088738272654e+03 3.003255874363449493e+03 2.932036632735947023e+03 2.873043488566141150e+03 2.826080806943953576e+03 2.790993367027183012e+03 2.767665571599175109e+03 2.756020771244269326e+03 2.755973567952636586e+03
1.845604881370785733e+04 1.845651121841092026e+04 1.836235630164133545e+04 1.817672882578510325e+04 1.790480782549011928e+04 1.755391975677471783e+04 1.713306642558159729e+04 1.665238294109681010e+04 1.612258199494304426e+04 1.555443545953100511e+04 1.495833216532855113e+04 1.434393507493500147e+04 1.371994543240244639e+04 1.309396852281531756e+04 1.247246683338229741e+04 1.186078183970858845e+04 1.126320467846257452e+04 1.068307754465231301e+04 1.012291067315031978e+04 9.584503324058638100e+03 9.069060656946256131e+03 8.577301381865609073e+03 8.109553457859749869e+03 7.665836858498557376e+03 7.245933607938447494e+03 6.849446016522727405e+03 6.475844425395989674e+03 6.124505908099298722e+03 5.794745358526875862e+03 5.485840283808010099e+03 5.197050463963701986e+03 4.927633468515457025e+03 4.676856852645357321e+03 4.444007702485316258e+03 4.228400065326939512e+03 4.029380687009000212e+03 3.846333384500446755e+03 3.678682304884392579e+03 3.525894260561741703e+03 3.387480282817758962e+03 3.262996500692465361e+03 3.152044428557262108e+03 3.054270733388448207e+03 2.969366550758653830e+03 2.897066425835115751e+03 2.837146969975720367e+03 2.789425341430385743e+03 2.753757675613856009e+03 2.730037601194925628e+03 2.718194977987683615e+03 2.718108060417731849e+03
1.876110528879137200e+04 1.876191242876309479e+04 1.866311364618061998e+04 1.846847204256457189e+04 1.818368220511829713e+04 1.781676995434934361e+04 1.737754528037676937e+04 1.687698073213808311e+04 1.632658371805657771e+04 1.573782292221656462e+04 1.512165225462090166e+04 1.448815537450818374e+04 1.384631465920950541e+04 1.320389377786168006e+04 1.256741402631778510e+04 1.194220093332458055e+04 1.133247809052587218e+04 1.074148815700322848e+04 1.017162517479410417e+04 9.624566698867663945e+03 9.101398175501328296e+03 8.602725201563305745e+03 8.128771694260589356e+03 7.679463660983369664e+03 7.254499310078495910e+03 6.853406830473613809e+03 6.475591425645102390e+03 6.120373227462647264e+03 5.787017623965735766e+03 5.474759373971621244e+03 5.182821692206709486e+03 4.910431297424950571e+03 4.656830237466308063e+03 4.421285146463007550e+03 4.203094452596203155e+03 4.001593939316008800e+03 3.816160966815604752e+03 3.646217581550173236e+03 3.491232677777239587e+03 3.350723325251603910e+03 3.224255340937852907e+03 3.111443160234611241e+03 3.011949055423395748e+03 2.925481756290090743e+03 2.851794549471161645e+03 2.790682966465970367e+03 2.741982210283063978e+03 2.705564509579939568e+03 2.681336617385202771e+03 2.669237679603269953e+03 2.669098329882582220e+03
1.915721298819816366e+04 1.915849677550702836e+04 1.905345378360398172e+04 1.884670140713482397e+04 1.854464551752067564e+04 1.815627546970526600e+04 1.769251137877624933e+04 1.716547029537439084e+04 1.658773779658798594e+04 1.597171877895378748e+04 1.532911710206435237e+04 1.467056604220916961e+04 1.400540724464614505e+04 1.334159895461387168e+04 1.268572554925019722e+04 1.204307844659096372e+04 1.141778110923817258e+04 1.081293589622447689e+04 1.023077625481697760e+04 9.672813108906842899e+03 9.139968750626014298e+03 8.632694913719476972e+03 8.151074063355007638e+03 7.694904447449895088e+03 7.263770319651625869e+03 6.857099151427712968e+03 6.474207755830877431e+03 6.114339166980263144e+03 5.776691941684181984e+03 5.460443329449441990e+03 5.164767529609216581e+03 4.888850039448751886e+03 4.631898904724252134e+03 4.393153517019895844e+03 4.171891460364612612e+03 3.967433789935779259e+03 3.779149025408728448e+03 3.606456057805629825e+03 3.448826099630636236e+03 3.305783753006107872e+03 3.176907230170499133e+03 3.061827737060875279e+03 2.960228026529307044e+03 2.871840145591319015e+03 2.796442441900823724e+03 2.733855956021373913e+03 2.683940400835790570e+03 2.646590005072561780e+03 2.621729557640077928e+03 2.609311015422131277e+03 2.609105857181181364e+03
1.965450992120317096e+04 1.965643785557232695e+04 1.954321306207839007e+04 1.932061042415187694e+04 1.899600242870684451e+04 1.857968562356742405e+04 1.808407966734846195e+04 1.752283562473814527e+04 1.690996760679162617e+04 1.625910190431133014e+04 1.558290141413234778e+04 1.489268393175562232e+04 1.419822136196217434e+04 1.350768767015814956e+04 1.282771595792659900e+04 1.216352621887942223e+04 1.151909139266133752e+04 1.089731722723921484e+04 1.030021917923540241e+04 9.729086091271601617e+03 9.184625336809976943e+03 8.667087577092719584e+03 8.176371482566211853e+03 7.712110036432834931e+03 7.273740643259285207e+03 6.860561441280039617e+03 6.471776135437140510e+03 6.106529449506691890e+03 5.763935018640699127e+03 5.443097256349045892e+03 5.143128459107774688e+03 4.863162170031045207e+03 4.602363614296089509e+03 4.359937842076421475e+03 4.135136065893885643e+03 3.927260553895718658e+03 3.735668334099305412e+03 3.559773873560433003e+03 3.399050818633030303e+03 3.253032817864209846e+03 3.121313399700638001e+03 3.003544847421298982e+03 2.899436009585468582e+03 2.808749012264889643e+03 2.731294903936491664e+03 2.666928364672243333e+03 2.615541739345155747e+03 2.577058790812980533e+03 2.551428684764942318e+03 2.538620780187372475e+03 2.538335574945148437e+03
2.026624613674319335e+04 2.026903621321478931e+04 2.014522462475276188e+04 1.990214142118531890e+04 1.954846555492952393e+04 1.909625928461027070e+04 1.855995845051101787e+04 1.795525629427089370e+04 1.729803926528017109e+04 1.660350054535060917e+04 1.588549910307651407e+04 1.515617416045746359e+04 1.442578345991058450e+04 1.370271297720981056e+04 1.299360200600368262e+04 1.230353429950925056e+04 1.163625724181397709e+04 1.099440278663863864e+04 1.037969400435706666e+04 9.793128760239567782e+03 9.235137354087995845e+03 8.705714293963008458e+03 8.204526258640131346e+03 7.730999185850405411e+03 7.284387672467214543e+03 6.863829754228614547e+03 6.468389825830260634e+03 6.097092080861330032e+03 5.748946461905364231e+03 5.422968749736329301e+03 5.118196102597329627e+03 4.833699085922968152e+03 4.568591006786889011e+03 4.322035179822600185e+03 4.093250595173543843e+03 3.881516327028593878e+03 3.686174907221701687e+03 3.506634787432069515e+03 3.342371923038462683e+03 3.192930431737527670e+03 3.057922214119321325e+03 2.937025378863419064e+03 2.829981303047440178e+03 2.736590191389051142e+03 2.656705088971599707e+03 2.590224455361844775e+03 2.537083615806685430e+03 2.497245640049721260e+03 2.470692413822216622e+03 2.457416802222543083e+03 2.457036192501891492e+03
2.100962955943213456e+04 2.101357168327968247e+04 2.087612415478504772e+04 2.060670035225640459e+04 2.021574325163148751e+04 1.971770576676557539e+04 1.912974372660210065e+04 1.847027308635832742e+04 1.775762668487027622e+04 1.700898738811412113e+04 1.623967572187082624e+04 1.546278127539541674e+04 1.468907307070375282e+04 1.392710513232485209e+04 1.318343844252470626e+04 1.246291691546343645e+04 1.176895403169120618e+04 1.110380351455015443e+04 1.046880013040365702e+04 9.864565330691924828e+03 9.291177761215960345e+03 8.748311555637490528e+03 8.235346620435744626e+03 7.751455432557306267e+03 7.295670644592605640e+03 6.866937307669885740e+03 6.464152949649072070e+03 6.086198180458961360e+03 5.731959984389835881e+03 5.400349418912381225e+03 5.090315072997866082e+03 4.800853338461843123e+03 4.531016305319035382e+03 4.279917895202084765e+03 4.046738684528334488e+03 3.830729731282699959e+03 3.631215597471227284e+03 3.447596646843647250e+03 3.279350590319906132e+03 3.126033149179696920e+03 2.987277612869765562e+03 2.862792994883807296e+03 2.752360454278597899e+03 2.655827675779403307e+03 2.573101013754880114e+03 2.504135423398465718e+03 2.448922525218546980e+03 2.407477541802215455e+03 2.379826233349229824e+03 2.365993232894488756e+03 2.365500408569119827e+03
2.190700612417479351e+04 2.191249348673767599e+04 2.175747697467690887e+04 2.145415548149577808e+04 2.101535191398654206e+04 2.045877814321175538e+04 1.980529577370306652e+04 1.907697949492688349e+04 1.829536479899438928e+04 1.748014249057848065e+04 1.664838147083444710e+04 1.581422182005000650e+04 1.498891400829139457e+04 1.418107223673406770e+04 1.339703311215595204e+04 1.264124336703714289e+04 1.191663012429826085e+04 1.122492975172107981e+04 1.056696635944282025e+04 9.942879912997450447e+03 9.352308569526861902e+03 8.794531754857762280e+03 8.268580829823127715e+03 7.773323706456861146e+03 7.307528935153900420e+03 6.869913857403293150e+03 6.459180541683518641e+03 6.074042452499741557e+03 5.713244161383384380e+03 5.375575889009324783e+03 5.059884254439964025e+03 4.765080282482478651e+03 4.490145464879615247e+03 4.234136468505419543e+03 3.996188918826494955e+03 3.775520546377570554e+03 3.571433856534090410e+03 3.383318359076241450e+03 3.210652267227480479e+03 3.053003443365675594e+03 2.910029234118875593e+03 2.781474714125560240e+03 2.667168770844792562e+03 2.567017451609571253e+03 2.480994107869511936e+03 2.409126157336330834e+03 2.351478764542062891e+03 2.308136380873384496e+03 2.279183773466545972e+03 2.264688718361701831e+03 2.264064971689297636e+03
2.298751091483863274e+04 2.299508669747732347e+04 2.281736685099507667e+04 2.247025080169627836e+04 2.196975382376657581e+04 2.133807748397678006e+04 2.060121644631088930e+04 1.978623009856292265e+04 1.891886865514215242e+04 1.802195904320515911e+04 1.711460280953065376e+04 1.621202155209157900e+04 1.532582044371788834e+04 1.446446656040482958e+04 1.363383735190722837e+04 1.283775199072178111e+04 1.207844172968569001e+04 1.135694350383890924e+04 1.067341699991019959e+04 1.002739321580537398e+04 9.417965388625738342e+03 8.843933342523767351e+03 8.303911209862222677e+03 7.796406920450297548e+03 7.319880257873945993e+03 6.872784844495977268e+03 6.453598206859482161e+03 6.060843096233463257e+03 5.693102471151241843e+03 5.349029956217974359e+03 5.027357139575342444e+03 4.726898728762068458e+03 4.446556324297153878e+03 4.185321369388292624e+03 3.942277673533637426e+03 3.716603770919126873e+03 3.507575246777272241e+03 3.314567033257148069e+03 3.137055529804794332e+03 2.974620234174923098e+03 2.826944378588251311e+03 2.693813863293613849e+03 2.575113598706519952e+03 2.470820265604610086e+03 2.380990566450953793e+03 2.305744370226226692e+03 2.245242827158703221e+03 2.199662545290276285e+03 2.169168126476139605e+03 2.153886429307658545e+03 2.153110546462939510e+03
2.428938178591359610e+04 2.429980942397565741e+04 2.409266086779272882e+04 2.368864925583396325e+04 2.310798727220436558e+04 2.237915733826945143e+04 2.153544649066488637e+04 2.061084201034470971e+04 1.963667790043078639e+04 1.863965177876588132e+04 1.764112042400177961e+04 1.665727462435312191e+04 1.569978352338553668e+04 1.477660848132961110e+04 1.389280785940536953e+04 1.305124598892806534e+04 1.225317697554275946e+04 1.149870482279692988e+04 1.078713518303970704e+04 1.011723827336765135e+04 9.487441944292937478e+03 8.895971348279284939e+03 8.340948590234778749e+03 7.820462839666820400e+03 7.332618909532928228e+03 6.875570314729334314e+03 6.447541275228959421e+03 6.046840953834232096e+03 5.671872340853570677e+03 5.321137550057765111e+03 4.993240815742699851e+03 4.686890134662423407e+03 4.400898243574320986e+03 4.134183435156055566e+03 3.885770569331390561e+03 3.654792514052681327e+03 3.440492131432808492e+03 3.242224794347427178e+03 3.059461257965708683e+03 2.891790504317597879e+03 2.738921915693264509e+03 2.600685817839198080e+03 2.477031097198938824e+03 2.368018313149238111e+03 2.273806631256105902e+03 2.194633188293977128e+03 2.130784365657147191e+03 2.082559997399896019e+03 2.050233618351646783e+03 2.034013935307528072e+03 2.033061343303104877e+03
2.586318443879660845e+04 2.587755346156435189e+04 2.563228337523917799e+04 2.515398277536994647e+04 2.446808018204715700e+04 2.361206719748113028e+04 2.262999444662528913e+04 2.156573421025124480e+04 2.045805414890542670e+04 1.933830434545759999e+04 1.823012715832218237e+04 1.715029502445706748e+04 1.610998170129187019e+04 1.511605996590012910e+04 1.417223734568951659e+04 1.327997141539677432e+04 1.243917087367148633e+04 1.164871444504624560e+04 1.090682546777677817e+04 1.021133697039740036e+04 9.559875960063707680e+03 8.949989283066006465e+03 8.379227861711773585e+03 7.845201654052492813e+03 7.345614271989153167e+03 6.878283658082264083e+03 6.441153372500731166e+03 6.032297710842380184e+03 5.649922925302736076e+03 5.292366151531497962e+03 4.958093173505201776e+03 4.645695831272191754e+03 4.353889649009405730e+03 4.081512101525901926e+03 3.827521821063176048e+03 3.590998951567194126e+03 3.371146764105280909e+03 3.167294532913231706e+03 2.978901511760676385e+03 2.805561616671611318e+03 2.647008085168392881e+03 2.503116925264564088e+03 2.373907400417342160e+03 2.259537194706709670e+03 2.160289449426084957e+03 2.076548883139655118e+03 2.008765138250183327e+03 1.957403719496392796e+03 1.922888394449180396e+03 1.905542931861737088e+03 1.904384470765380456e+03
2.777620869797814885e+04 2.779609122570496038e+04 2.750202762004832402e+04 2.692663078316034444e+04 2.610078869816083170e+04 2.507554927540596691e+04 2.391177439012008472e+04 2.266788410615113753e+04 2.139250313426931098e+04 2.012225649504733883e+04 1.888264112901275803e+04 1.769012334710635332e+04 1.655439695161671625e+04 1.548034141756624194e+04 1.446955414853405637e+04 1.352148042487665953e+04 1.263421522284449748e+04 1.180505660670304133e+04 1.103087907022022591e+04 1.030837998461219831e+04 9.634238341391752328e+03 9.005213785030817235e+03 8.418205543044494334e+03 7.870284809333494195e+03 7.358709867726537595e+03 6.880930273918274906e+03 6.434584369142337891e+03 6.017493000859184576e+03 5.627651376674403764e+03 5.263220338884956618e+03 4.922517922038696270e+03 4.604011777816989706e+03 4.306312873732232219e+03 4.028170761274138840e+03 3.768470640111313514e+03 3.526232396592409259e+03 3.300611746098747517e+03 3.090903535066752283e+03 2.896547127424020346e+03 2.717133568417545575e+03 2.552413831074795326e+03 2.402306846269583730e+03 2.266905153812204389e+03 2.146474917066897433e+03 2.041445909097470121e+03 1.952386379550466017e+03 1.879958273856469077e+03 1.824851108514528505e+03 1.787698484364313572e+03 1.768988868346079471e+03 1.767588972579680103e+03
3.011808222234772256e+04 3.014574950732492653e+04 2.979176436368106442e+04 2.909077026622500489e+04 2.807572756867170756e+04 2.682019812088569597e+04 2.541342084761253864e+04 2.393584729063764826e+04 2.244879969267316119e+04 2.099408082995269433e+04 1.959762757380458424e+04 1.827384694734157529e+04 1.702932191295518714e+04 1.586559138845765483e+04 1.478109679378358669e+04 1.377248774201449123e+04 1.283547109703656497e+04 1.196534844569516827e+04 1.115734667565103700e+04 1.040681377532976148e+04 9.709328204751565863e+03 9.060753721851013324e+03 8.457260467462225279e+03 7.895325773851805025e+03 7.371723346970181410e+03 6.883506331701136332e+03 6.427987729998352734e+03 6.002720325161685651e+03 5.605477423109600750e+03 5.234235190822453660e+03 4.887157046885627096e+03 4.562580369711226012e+03 4.259005689746942153e+03 3.975088492061122906e+03 3.709633753388310197e+03 3.461593355349709782e+03 3.230066535057838792e+03 3.014303531947477495e+03 2.813712529470432855e+03 2.627869815574182667e+03 2.456532709992463424e+03 2.299654107450701304e+03 2.157396318982152479e+03 2.030140148032236993e+03 1.918482884752812424e+03 1.823216668020859515e+03 1.745277778613486362e+03 1.685660110151336994e+03 1.645294584507567151e+03 1.624910602075471161e+03 1.623224516317251073e+03
3.300663376692972088e+04 3.304529705910470511e+04 3.262645516092326216e+04 3.176944471656758105e+04 3.049207554060964685e+04 2.891292228082919246e+04 2.717364601137060890e+04 2.538832429747730203e+04 2.363314166186781586e+04 2.195293024758642059e+04 2.037072252441792079e+04 1.889569440550718718e+04 1.752875456791351098e+04 1.626618129391724506e+04 1.510188005430144949e+04 1.402873600198641725e+04 1.303939669819760275e+04 1.212670559664701432e+04 1.128392567169506583e+04 1.050483929749134950e+04 9.783776853704921450e+03 9.115605748930211121e+03 8.495698841654080752e+03 7.919893500353773561e+03 7.384447843824867959e+03 6.885997855770247952e+03 6.421517354114364935e+03 5.988281777843537384e+03 5.583836165512214393e+03 5.205967376363249059e+03 4.852680446849902182e+03 4.522178920572160678e+03 4.212849000643142062e+03 3.923247427457328286e+03 3.652093067634430099e+03 3.398262301559216667e+03 3.160788407064356306e+03 2.938865239014360668e+03 2.731855567692658497e+03 2.539304403116010235e+03 2.360957387835466761e+03 2.196783699210693158e+03 2.047001572106443973e+03 1.912102155749703343e+03 1.792863637658079597e+03 1.690342598165361551e+03 1.605825004908640267e+03 1.540719197033968612e+03 1.496383942561706817e+03 1.473910358220779926e+03 1.471879707111352900e+03
3.658935114343713940e+04 3.664320341190552426e+04 3.618302607441198052e+04 3.515713885339179251e+04 3.349827391707366769e+04 3.144260086782797589e+04 2.923593501523783198e+04 2.704076914628615850e+04 2.494582565836475987e+04 2.299195575945531527e+04 2.119244553249928504e+04 1.954588912493844691e+04 1.804370649476478866e+04 1.667432201461623845e+04 1.542538658558664611e+04 1.428489676246457384e+04 1.324170988537806443e+04 1.228573714644786014e+04 1.140797044323764385e+04 1.060042795074665082e+04 9.856064136030883674e+03 9.168668424014827906e+03 8.532764942493771741e+03 7.943519336454420227e+03 7.396655148171843393e+03 6.888380399177177424e+03 6.415324061104954126e+03 5.974481662618934934e+03 5.563169123136567578e+03 5.178983903292359173e+03 4.819772645306877166e+03 4.483604604324511456e+03 4.168750324116976117e+03 3.873665178579708481e+03 3.596977582292577608e+03 3.337481870989162417e+03 3.094136068683229951e+03 2.866064991278225989e+03 2.652569373340265429e+03 2.453141903034624193e+03 2.267491106705138009e+03 2.095573717414147723e+03 1.937635059875183288e+03 1.794254339923539874e+03 1.666386459560869980e+03 1.555383087408224810e+03 1.462963816190745547e+03 1.391098890252461388e+03 1.341772152529365030e+03 1.316634607735023565e+03 1.314180007856655948e+03
4.103949209878683905e+04 4.111266499435526202e+04 4.074414064740903268e+04 3.961804021505697892e+04 3.732764121131470893e+04 3.452407126087345387e+04 3.164259485278676584e+04 2.889816951839462854e+04 2.637549740919382020e+04 2.409442564244288224e+04 2.204583538658341058e+04 2.020932119908446475e+04 1.856151439211521574e+04 1.707974275965139532e+04 1.574344416488026945e+04 1.453454795880945858e+04 1.343741151684452234e+04 1.243858606838153173e+04 1.152653539262653794e+04 1.069136043090401290e+04 9.924550446457446014e+03 9.218766734370463382e+03 8.567658503807588204e+03 7.965707992261006439e+03 7.408101067934268940e+03 6.890619566289589784e+03 6.409551932814220891e+03 5.961619189189451390e+03 5.543913703181792698e+03 5.153848679851659654e+03 4.789116687850286326e+03 4.447655888973760739e+03 4.127622958757930064e+03 3.827371982040405328e+03 3.545438894458778122e+03 3.280531335797966676e+03 3.031524103507236305e+03 2.797460765553862529e+03 2.577562429278151285e+03 2.371245169957264807e+03 2.178148155114486599e+03 1.998174892712573865e+03 1.831549838396113955e+03 1.678890793947792190e+03 1.541292053791156150e+03 1.420400695704742930e+03 1.318445194726019054e+03 1.238144062783382651e+03 1.182405163950039423e+03 1.153777254134789246e+03 1.150785256624806607e+03
4.296304749560986238e+04 4.306107844994303741e+04 4.393854336067564145e+04 4.469598645585498889e+04 4.220481935173915554e+04 3.828150070357739605e+04 3.441732859287015890e+04 3.094054166074849127e+04 2.788955660026421174e+04 2.522823099405043104e+04 2.290364905661353987e+04 2.086428187225607689e+04 1.906536529076307124e+04 1.746958852535814003e+04 1.604628002056756122e+04 1.477028152128994043e+04 1.362089987414516145e+04 1.258103167269129335e+04 1.163645947694266215e+04 1.077529302589769577e+04 9.987526647652563042e+03 9.264688138260786218e+03 8.599559323323648641e+03 7.985952844593811278e+03 7.418533177772445924e+03 6.892672580177089912e+03 6.404334743860239541e+03 5.949980532845010202e+03 5.526491425883896227e+03 5.131107256210646483e+03 4.761375604718791692e+03 4.415110815698383703e+03 4.090361107264075144e+03 3.785382677926068936e+03 3.498620099270765877e+03 3.228692665573444629e+03 2.974386781525870447e+03 2.734654954464587718e+03 2.508622575024005528e+03 2.295604490427674591e+03 2.095134469495395933e+03 1.907012050697198447e+03 1.731372770508629856e+03 1.568788571336654513e+03 1.420402811627276833e+03 1.288092591053539991e+03 1.174617835478254165e+03 1.083646956285962233e+03 1.019455310781711432e+03 9.860885430341954816e+02 9.823867823531730892e+02
4.619466161703102989e+04 4.630301060681623494e+04 4.665249003093443753e+04 4.819137862012197002e+04 4.713083154621933500e+04 4.270810622803807928e+04 3.751437170292974042e+04 3.309395442894109874e+04 2.941892246297323072e+04 2.633909949943846004e+04 2.372589972792154367e+04 2.148189379978904981e+04 1.953443337411754692e+04 1.782875693597959980e+04 1.632286617582452527e+04 1.498399707338848566e+04 1.378620242358382711e+04 1.270866573743770641e+04 1.173449698342706324e+04 1.084985291142762253e+04 1.004328212675052418e+04 9.305229865290204543e+03 8.627658756314798666e+03 8.003755333858729500e+03 7.427700860191253014e+03 6.894490962663640857e+03 6.399792702826814093e+03 5.939830618075453458e+03 5.511295388488941171e+03 5.111270334643476417e+03 4.737172112725037550e+03 4.386702856547392003e+03 4.057811704930375527e+03 3.748664209983760429e+03 3.457618598521664808e+03 3.183208302502242077e+03 2.924130636105846861e+03 2.679242041017726933e+03 2.447561038428173561e+03 2.228281053147036801e+03 2.020796821856967881e+03 1.824750472061514301e+03 1.640106946301522385e+03 1.467273470482592074e+03 1.307283250902171176e+03 1.162063873838486643e+03 1.034786083050824118e+03 9.301872782039348522e+02 8.545116792793955938e+02 8.143990880287254868e+02 8.097041308211532851e+02
9.328179893262175028e+04 9.338865309056811384e+04 9.372607674775613123e+04 9.160632732378823857e+04 5.430146600490756828e+04 4.632191710469415557e+04 4.061035830839030677e+04 3.517498831520463136e+04 3.083770180003623682e+04 2.734559739117351637e+04 2.446003944949354991e+04 2.202748251341331706e+04 1.994520552005182617e+04 1.814091682884468537e+04 1.656164887533094588e+04 1.516741302124953472e+04 1.392733233724600723e+04 1.281714135076765888e+04 1.181749123219767534e+04 1.091275900904985065e+04 1.009018813232843968e+04 9.339255342367086996e+03 8.651196627370103670e+03 8.018647539862547092e+03 7.435367171151794537e+03 6.896024214045633016e+03 6.396029676739958632e+03 5.931405035140353903e+03 5.498677580619477339e+03 5.094796844510592564e+03 4.717067524857555327e+03 4.363095482552818794e+03 4.030744235520251550e+03 3.718100049077268068e+03 3.423444265437304693e+03 3.145231992893286588e+03 2.882076743158859699e+03 2.632741133992009964e+03 2.396134466108707784e+03 2.171319006942754186e+03 1.957528465984747527e+03 1.754204970048304176e+03 1.561065843092241721e+03 1.378220457320359174e+03 1.206373186688971600e+03 1.047173577612153849e+03 9.038008951315047170e+02 7.818295633543289114e+02 6.900456273249877768e+02 6.396893386031666751e+02 6.334814241202382163e+02
1.000000000000000056e-01 1.000000000000000056e-01 1.000000000000000056e-01 1.000000000000000056e-01 9.053401430515282846e+04 4.684486001039656549e+04 4.228094582237082795e+04 3.680747498019701743e+04 3.195457445801094946e+04 2.814682886448421777e+04 2.504843162391685109e+04 2.246549148775497451e+04 2.027444618149911548e+04 1.839028846427609096e+04 1.675164360401593149e+04 1.531276101343588925e+04 1.403874095030531862e+04 1.290247360919984385e+04 1.188257688631529709e+04 1.096195877077791920e+04 1.012678998463568496e+04 9.365755548960158194e+03 8.669500886665635335e+03 8.030216324010628341e+03 7.441321669523088531e+03 6.897224177764567685e+03 6.393130995195154355e+03 5.924902512282797034e+03 5.488936751741291118e+03 5.082077539966156110e+03 4.701541083409567364e+03 4.344856933767287046e+03 4.009820331699821509e+03 3.694453677476476059e+03 3.396975467846493757e+03 3.115775523994806917e+03 2.849395771819292804e+03 2.596516285113601043e+03 2.355946850841678952e+03 2.126625107445655431e+03 1.907623612314703450e+03 1.698170561438147843e+03 1.497693489918522118e+03 1.305904774297941458e+03 1.122968313404440323e+03 9.498329408656562691e+02 7.889217317729447814e+02 1.000000000000000056e-01 1.000000000000000056e-01 1.000000000000000056e-01 1.000000000000000056e-01
1.000000000000000056e-01 1.000000000000000056e-01 1.000000000000000056e-01 1.000000000000000056e-01 9.043333000898920000e+04 4.484317602044985688e+04 4.099057293081951502e+04 3.743124792629532021e+04 3.259140893607118051e+04 2.866397662151764962e+04 2.544707724296213564e+04 2.276795461872673332e+04 2.050328889448522386e+04 1.856379847085956135e+04 1.688366671783652782e+04 1.541353577729901917e+04 1.411579433371906998e+04 1.296135075658210371e+04 1.192738620287736376e+04 1.099576579135061002e+04 1.015189875292771103e+04 9.383909412581460856e+03 8.682026365474694103e+03 8.038126864480651420e+03 7.445393029104744528e+03 6.898049599430308263e+03 6.391161846191502264e+03 5.920478345805407116e+03 5.482307563676225072e+03 5.073420164853125243e+03 4.690971087062769584e+03 4.332436933628788211e+03 3.995565353053092622e+03 3.678333891854937974e+03 3.378916424651046782e+03 3.095655743976572921e+03 2.827041282131368462e+03 2.571691284262966292e+03 2.328339108906560796e+03 2.095823778529777428e+03 1.873085583934025408e+03 1.659168769094460231e+03 1.453235796616961125e+03 1.254603205555137492e+03 1.062822540173539210e+03 8.778661957185352094e+02 7.005880956332854339e+02 1.000000000000000056e-01 1.000000000000000056e-01 1.000000000000000056e-01 1.000000000000000056e-01
1.000000000000000056e-01 1.000000000000000056e-01 1.000000000000000056e-01 1.000000000000000056e-01 8.920026517435007554e+04 4.427293359546304418e+04 3.988077038722592260e+04 3.752852179411134421e+04 3.285008478103198286e+04 2.890651104581105392e+04 2.564447015488824763e+04 2.292108534375747695e+04 2.062016410407421426e+04 1.865266362044661582e+04 1.695129776809546092e+04 1.546511346526783564e+04 1.415518052851732500e+04 1.299140524150545025e+04 1.195023017535889267e+04 1.101298082478702963e+04 1.016467169217751689e+04 9.393136607325477598e+03 8.688388549261308071e+03 8.042143151979915274e+03 7.447460093424022489e+03 6.898470287500158520e+03 6.390166205760599041e+03 5.918239140416014379e+03 5.478951728013942557e+03 5.069037216546596937e+03 4.685619201582421738e+03 4.326147163768974679e+03 3.988344303161553398e+03 3.670165016564509642e+03 3.369759992947133014e+03 3.085447372245392216e+03 2.815688769503259209e+03 2.559069242499791017e+03 2.314280503029479860e+03 2.080106864163380578e+03 1.855413607617726029e+03 1.639137696149293561e+03 1.430281152167097162e+03 1.227908248119575319e+03 1.031149706551655754e+03 8.392230965520898280e+02 6.514995099885028367e+02 1.000000000000000056e-01 1.000000000000000056e-01 1.000000000000000056e-01 1.000000000000000056e-01
1.000000000000000056e-01 1.000000000000000056e-01 1.000000000000000056e-01 1.000000000000000056e-01 8.908245773919986095e+04 4.414815596650283260e+04 3.976547178013507073e+04 3.743800410544640181e+04 3.277942637742794614e+04 2.885196090338307113e+04 2.560202883912067409e+04 2.288754203367727678e+04 2.059317315831968153e+04 1.863055685753790021e+04 1.693289004110640963e+04 1.544955450829081383e+04 1.414185156242409721e+04 1.297984876137114043e+04 1.194010244369271459e+04 1.100401950638450217e+04 1.015667354612441341e+04 9.385941898587405376e+03 8.681869997356161548e+03 8.036197981626090041e+03 7.442004233848505464e+03 6.893434079131085127e+03 6.385491176902492953e+03 5.913875551087659005e+03 5.474856667870177262e+03 5.065173104123431585e+03 4.681952572754483299e+03 4.322647664452735626e+03 3.984983818757120389e+03 3.666916880604031576e+03 3.366598220849553854e+03 3.082345862699537975e+03 2.812620404047599550e+03 2.556004789229220933e+03 2.311187184688950765e+03 2.076946367416901921e+03 1.852139154300272367e+03 1.635689493239274952e+03 1.426578909262540947e+03 1.223838055616827205e+03 1.026539164387256278e+03 8.337892262690405687e+02 6.447237566464137899e+02 1.000000000000000056e-01 1.000000000000000056e-01 1.000000000000000056e-01 1.000000000000000056e-01
