0.000000000000000000e+00 0.000000000000000000e+00 0.000000000000000000e+00 0.000000000000000000e+00 2.373317997201366779e+03 8.467281831104681942e+02 4.450758118975426783e+02 2.776261122436977189e+02 1.895933036080265595e+02 1.365661425629244263e+02 1.017231783672155387e+02 7.744676780270219751e+01 5.982733850597603009e+01 4.666305017237818475e+01 3.662121257129470564e+01 2.884722765393694743e+01 2.276643434845013658e+01 1.797680571513351566e+01 1.418760591859195230e+01 1.118269892781093766e+01 8.797734785980129146e+00 6.905467910091541484e+00 5.406003118637102922e+00 4.220114361079285281e+00 3.284528928533313241e+00 2.548499855867918829e+00 1.971243983935626831e+00 1.519977702122955687e+00 1.168377754318063788e+00 8.953539930988422268e-01 6.840583491067709909e-01 5.210778842955888779e-01 3.957747913894208436e-01 2.997458364884311721e-01 2.263800646280343942e-01 1.704978812675506106e-01 1.280576784188980355e-01 9.591847150937317379e-02 7.164883488711970561e-02 5.337393201238539719e-02 3.965372124316794006e-02 2.938652953341362381e-02 2.173315243143466441e-02 1.605747716981754600e-02 1.188034936187893666e-02 8.844024610969641875e-03 6.685075568652272364e-03 -1.602176633999999922e+02 -1.602176633999999922e+02 -1.602176633999999922e+02 -1.602176633999999922e+02
0.000000000000000000e+00 0.000000000000000000e+00 0.000000000000000000e+00 0.000000000000000000e+00 2.373317997201366779e+03 8.467281831104681942e+02 4.450758118975426783e+02 2.776261122436977189e+02 1.895933036080265595e+02 1.365661425629244263e+02 1.017231783672155387e+02 7.744676780270219751e+01 5.982733850597603009e+01 4.666305017237818475e+01 3.662121257129470564e+01 2.884722765393694743e+01 2.276643434845013658e+01 1.797680571513351566e+01 1.418760591859195230e+01 1.118269892781093766e+01 8.797734785980129146e+00 6.905467910091541484e+00 5.406003118637102922e+00 4.220114361079285281e+00 3.284528928533313241e+00 2.548499855867918829e+00 1.971243983935626831e+00 1.519977702122955687e+00 1.168377754318063788e+00 8.953539930988422268e-01 6.840583491067709909e-01 5.210778842955888779e-01 3.957747913894208436e-01 2.997458364884311721e-01 2.263800646280343942e-01 1.704978812675506106e-01 1.280576784188980355e-01 9.591847150937317379e-02 7.164883488711970561e-02 5.337393201238539719e-02 3.965372124316794006e-02 2.938652953341362381e-02 2.173315243143466441e-02 1.605747716981754600e-02 1.188034936187893666e-02 8.844024610969641875e-03 6.685075568652272364e-03 -1.602176633999999922e+02 -1.602176633999999922e+02 -1.602176633999999922e+02 -1.602176633999999922e+02
0.000000000000000000e+00 0.000000000000000000e+00 0.000000000000000000e+00 0.000000000000000000e+00 2.302703326295741590e+03 8.143156383131313305e+02 4.285862594515108412e+02 2.684258175953894465e+02 1.840990280018137923e+02 1.331111207057061847e+02 9.946042925478428742e+01 7.591587999553391342e+01 5.876418071175938707e+01 4.590910852166715728e+01 3.607759508006677862e+01 2.845011538903543880e+01 2.247340499271402692e+01 1.775892278658473700e+01 1.402468652291143947e+01 1.106039505059774619e+01 8.705681843489013971e+00 6.836079363021383415e+00 5.353666507883668935e+00 4.180642916551160049e+00 3.254779695851925503e+00 2.526102742414579883e+00 1.954406274597231929e+00 1.507340975693631790e+00 1.158911882116299141e+00 8.882778408112333990e-01 6.787800073084234720e-01 5.171493702949816473e-01 3.928575909024045187e-01 2.975846332776501124e-01 2.247826930742097828e-01 1.693200280729529050e-01 1.271912175558780056e-01 9.528258162968185341e-02 7.118324746837244310e-02 5.303380959387337529e-02 3.940578066117988998e-02 2.920611390148027120e-02 2.160202407783230055e-02 1.596215656854854670e-02 1.181086576193823498e-02 8.792975305166839464e-03 6.646914604943419437e-03 -1.602176633999999922e+02 -1.602176633999999922e+02 -1.602176633999999922e+02 -1.602176633999999922e+02
0.000000000000000000e+00 0.000000000000000000e+00 0.000000000000000000e+00 0.000000000000000000e+00 1.987072280708331846e+03 7.165195515934937021e+02 3.879318956052013050e+02 2.481326001802041503e+02 1.727008976327994958e+02 1.261748611616190772e+02 9.499333665319579723e+01 7.291763475392876614e+01 5.668880557093024208e+01 4.443860497798791442e+01 3.501694531097181340e+01 2.767461928009063854e+01 2.190053568765711844e+01 1.733247878010164911e+01 1.370546880313106719e+01 1.082051406082242728e+01 8.524966045650709034e+00 6.699743210500745505e+00 5.250756304289136978e+00 4.102976372108066094e+00 3.196206731181394645e+00 2.481980260254420756e+00 1.921218619462607302e+00 1.482421672464272921e+00 1.140237156034194399e+00 8.743119151869693795e-01 6.683583332558533652e-01 5.093900132723501173e-01 3.870937426824166416e-01 2.933131054865918963e-01 2.216245738332996151e-01 1.669906328929592620e-01 1.254771588013268713e-01 9.402429524385549908e-02 7.026170260441845505e-02 5.236042099266462191e-02 3.891476900974179254e-02 2.884873292320503865e-02 2.134220705812821597e-02 1.577323842266135923e-02 1.167311652761521615e-02 8.691742214342563361e-03 6.571216748032025594e-03 -1.602176633999999922e+02 -1.602176633999999922e+02 -1.602176633999999922e+02 -1.602176633999999922e+02
2.389678746957765270e+03 2.389678746957765270e+03 2.317399953134396583e+03 1.996523499482573015e+03 9.355631035762193051e+02 5.096424687158693132e+02 3.180728938007743523e+02 2.166004786777695017e+02 1.558209215683885702e+02 1.161274819991725735e+02 8.858261338416282626e+01 6.862754076012471671e+01 5.371871937335464509e+01 4.233072979904963518e+01 3.349318235863154314e+01 2.655785774997025328e+01 2.107364899952488457e+01 1.671560912283509026e+01 1.324279480576293722e+01 1.047221295433078758e+01 8.262153881512132259e+00 6.501189459333256870e+00 5.100691322158009910e+00 3.989591957394091004e+00 3.110607998345888081e+00 2.417438636508636662e+00 1.872630368142819357e+00 1.445909701667674518e+00 1.112854694761007845e+00 8.538199024827980432e-01 6.530569785454987120e-01 4.979906889280206750e-01 3.786212224625659095e-01 2.870308196905934639e-01 2.169774233758779980e-01 1.635612495193905502e-01 1.229524836882760763e-01 9.217008159751505225e-02 6.890310129825645558e-02 5.136723033512639869e-02 3.819025395108908982e-02 2.832116927127154710e-02 2.095849986460374820e-02 1.549411349865094552e-02 1.146949976263735536e-02 8.542030461987292975e-03 6.459212185946333618e-03 5.039356297026799901e-03 4.157446470061675753e-03 3.735288148780330306e-03 3.735288148780330306e-03
8.612409052794844229e+02 8.612409052794844229e+02 8.274414164670409946e+02 7.261844353587956675e+02 5.137378804431052686e+02 3.534073480118676684e+02 2.494356810625453420e+02 1.818179911281385159e+02 1.361777276078204579e+02 1.041141945728134175e+02 8.079610496018582921e+01 6.336155137679909188e+01 5.004400443451043401e+01 3.970604446166173318e+01 3.158562408741947181e+01 2.515340075219305405e+01 2.002963373703137151e+01 1.593409179072120097e+01 1.265488264000620866e+01 1.002847949478229950e+01 7.926566262770701421e+00 6.247141119210046334e+00 4.908338651414837273e+00 3.844022299732304582e+00 3.000551858748969458e+00 2.334346922828073989e+00 1.810002114464056122e+00 1.398795350375513058e+00 1.077484846087115811e+00 8.273253154180103541e-01 6.332559553195293844e-01 4.832268548526150176e-01 3.676393804532727683e-01 2.788817926057632346e-01 2.109450857497021381e-01 1.591066031620628762e-01 1.196708481941072821e-01 8.975838097117776193e-02 6.713491800456547476e-02 5.007382658296256200e-02 3.724616771090515782e-02 2.763330829872324632e-02 2.045790208161759466e-02 1.512973225666541105e-02 1.120351981934476771e-02 8.346334106116027815e-03 6.312702101443598210e-03 4.925907918364528723e-03 4.064312104741967316e-03 3.651811253521090872e-03 3.651811253521090872e-03
4.579777586327013523e+02 4.579777586327013523e+02 4.404046482876157711e+02 3.973542226034979308e+02 3.239333742843585355e+02 2.519855762957162142e+02 1.938117026100742066e+02 1.496261916740577362e+02 1.164817598561141665e+02 9.145874978737403183e+01 7.232971776869037228e+01 5.751263417974035264e+01 4.590052349562824929e+01 3.671318237848627319e+01 2.939152052929903292e+01 2.352672076384896727e+01 1.881353076763890897e+01 1.501942273489036417e+01 1.196403100782453954e+01 9.505249125560059298e+00 7.529671172173715732e+00 5.945893741494380436e+00 4.679721123345006895e+00 3.670651115483178462e+00 2.869233966044561157e+00 2.235036544710908402e+00 1.735035081427267034e+00 1.342319595925280717e+00 1.035032208780016783e+00 7.954868689615073318e-01 6.094343066904482908e-01 4.654463624794468180e-01 3.544003773345840158e-01 2.690484806773704163e-01 2.036593203570922495e-01 1.537216433266311577e-01 1.157005246306725688e-01 8.683817043588126783e-02 6.499220346093570466e-02 4.850523201056899242e-02 3.610032883980323487e-02 2.679780827129992632e-02 1.984938764985554396e-02 1.468644935177489987e-02 1.087968076506070844e-02 8.107862976754571724e-03 6.134007866023138966e-03 4.787413570782439454e-03 3.950526825140336477e-03 3.549775642043215707e-03 3.549775642043215707e-03
2.893432913713419907e+02 2.893432913713419907e+02 2.793053677668673345e+02 2.572791527169309802e+02 2.232718276331480638e+02 1.859075537698855101e+02 1.514471554561014273e+02 1.222261763787143138e+02 9.836917210578333481e+01 7.917885536139411329e+01 6.379979381838599295e+01 5.145959828736956609e+01 4.152751791036227047e+01 3.350767205772906010e+01 2.701467633190855011e+01 2.174866205782452155e+01 1.747457374960163534e+01 1.400631177183793596e+01 1.119498478616288750e+01 8.920313454347914117e+00 7.084342529236374197e+00 5.606806122914082202e+00 4.421664278200788445e+00 3.474466955673968460e+00 2.720304720130875431e+00 2.122180020435405545e+00 1.649685693650029483e+00 1.277913854591228748e+00 9.865431102330958213e-01 7.590684664715781071e-01 5.821489283799242687e-01 4.450545232479501956e-01 3.391986640587369428e-01 2.577443783878393679e-01 1.952746021690696387e-01 1.475178972163341540e-01 1.111218492918428086e-01 8.346718125830525359e-02 6.251634267750535989e-02 4.669103909959396170e-02 3.477384409249738989e-02 2.582968708841501537e-02 1.914362014839330120e-02 1.417182796655566158e-02 1.050335206913448165e-02 7.830450228723282585e-03 5.925906697706445452e-03 4.625951650796233418e-03 3.817744818539009228e-03 3.430635386696495159e-03 3.430635386696495159e-03
2.004131781454336192e+02 2.004131781454336192e+02 1.942674294333163232e+02 1.815692680530002860e+02 1.628630734555740958e+02 1.411937634808724340e+02 1.195611969473855112e+02 9.975961743039158591e+01 8.250439232014127811e+01 6.787233396572518984e+01 5.564553248593664136e+01 4.550686805019642378e+01 3.713315062723749804e+01 3.023235909647960185e+01 2.455409793472361457e+01 1.988864968012675405e+01 1.606198961580975748e+01 1.293000441108658194e+01 1.037318159868345191e+01 8.292147619928984525e+00 6.604062877395318054e+00 5.239751318069260755e+00 4.141414798349872584e+00 3.260796176476871810e+00 2.557681474018174139e+00 1.998658442751232611e+00 1.556071855772537482e+00 1.207133611077493729e+00 9.331585768893096988e-01 7.189058739136376941e-01 5.520109637273477032e-01 4.224974023903281251e-01 3.223591714170270239e-01 2.452056804920064170e-01 1.859622451485743178e-01 1.406193355200432982e-01 1.060243200039795303e-01 7.970986585638271948e-02 5.975363439977905700e-02 4.466442062514015821e-02 3.329042057911665853e-02 2.474584575780061288e-02 1.835262362908338454e-02 1.359441300295260308e-02 1.008061247097485208e-02 7.518444582234671929e-03 5.691556432580574185e-03 4.443890844675934919e-03 3.667855253765955979e-03 3.296053299756516661e-03 3.296053299756516661e-03
1.466692568629148070e+02 1.466692568629148070e+02 1.427010710760169729e+02 1.347596887579540237e+02 1.233070655264178725e+02 1.096771791763236052e+02 9.538860059130469438e+01 8.159694622884317994e+01 6.897246483504950731e+01 5.780087683011561239e+01 4.812658134801967691e+01 3.986559277812912683e+01 3.287736861552886580e+01 2.700504183871775510e+01 2.209568126290353263e+01 1.800921160626142381e+01 1.462138507763754802e+01 1.182387476899232936e+01 9.523127917229974315e+00 7.638800860447306107e+00 6.102156922975279230e+00 4.854582216446249987e+00 3.846265164213076737e+00 3.035037877298946807e+00 2.385360612510653233e+00 1.867427890318915207e+00 1.456377829620814301e+00 1.131590628090603179e+00 8.760660130978354942e-01 6.758722876709496452e-01 5.196612866646155293e-01 3.982443809097969134e-01 3.042249241202040766e-01 2.316824988062765600e-01 1.759041852966679587e-01 1.331579808880272719e-01 1.005035009794478379e-01 7.563522160990052146e-02 5.675376501923303646e-02 4.246106245120018913e-02 3.167562165579031197e-02 2.356455114271934978e-02 1.748942413441083657e-02 1.296348324248718098e-02 9.618078801526907737e-03 7.176591742333453781e-03 5.434412429932979419e-03 4.243830130359240414e-03 3.502936120166919715e-03 3.147861253431985095e-03 3.147861253431985095e-03
1.112205462172958477e+02 1.112205462172958477e+02 1.085475023250296545e+02 1.032837761800551419e+02 9.575838404390192693e+01 8.665922671942071531e+01 7.681586302956004886e+01 6.695490024054518585e+01 5.758817290461537652e+01 4.901327627998401937e+01 4.136312222548781392e+01 3.466184807107054411e+01 2.886970523576006187e+01 2.391390947276893186e+01 1.970790945558866625e+01 1.616257164994561180e+01 1.319222092223997223e+01 1.071760385498813584e+01 8.667098751542100743e+00 6.976970727567143982e+00 5.591131758429557230e+00 4.460660276964719451e+00 3.543216221041553204e+00 2.802421794813430012e+00 2.207243584209880538e+00 1.731394312134843849e+00 1.352764226612084952e+00 1.052888209712478318e+00 8.164526709684950534e-01 6.308449247787550895e-01 4.857465445641652169e-01 3.727710038185907404e-01 2.851447833570666668e-01 2.174301198920372546e-01 1.652867588682423727e-01 1.252694902524695009e-01 9.465789386185559373e-02 7.131458050891202605e-02 5.356825149301312067e-02 4.011806986014963827e-02 2.995610110647391189e-02 2.230490139765937269e-02 1.656767767100991023e-02 1.228879307618167653e-02 9.122726836721144900e-03 6.809909758583300617e-03 5.158139815963332445e-03 4.028535109417214627e-03 3.325205021276244569e-03 2.988017748634553151e-03 2.988017748634553151e-03
8.640489918392859181e+01 8.640489918392859181e+01 8.454101369439041491e+01 8.089837707047900039e+01 7.570372395062967996e+01 6.935495150671881959e+01 6.233964656033700891e+01 5.512255643928111226e+01 4.807303243383870495e+01 4.144375053478947279e+01 3.538233164063437641e+01 2.995582079044269364e+01 2.517575329156284525e+01 2.101866231872762114e+01 1.744101009854374951e+01 1.438928697095690090e+01 1.180648557242794006e+01 9.636064657835831326e+00 7.824258746968972389e+00 6.321332276939664929e+00 5.082173751771462911e+00 4.066481921173125791e+00 3.238701387830140277e+00 2.567805503143266499e+00 2.026988191984262944e+00 1.593304731810784469e+00 1.247288579975192935e+00 9.725633335551860936e-01 7.554635787901117228e-01 5.846745022323067698e-01 4.508970672577600203e-01 3.465430282730616596e-01 2.654619561456959542e-01 2.027007489368195248e-01 1.542947858541507955e-01 1.170889264239529104e-01 8.858592429204019403e-02 6.681946786411006867e-02 5.024892438853252596e-02 3.767289628148100256e-02 2.815884906308908225e-02 2.098629688474827962e-02 1.560130014542544623e-02 1.158031429578261322e-02 8.601711269781448649e-03 6.423563099235549655e-03 4.866524324062039032e-03 3.800872929685654694e-03 3.136968603967490131e-03 2.818564148040493891e-03 2.818564148040493891e-03
6.828431103212388109e+01 6.828431103212388109e+01 6.694709256908372197e+01 6.434165935265296810e+01 6.062447469150971813e+01 5.604452269038178969e+01 5.090688125979608003e+01 4.551768154019983115e+01 4.014043416126690289e+01 3.497508335921436640e+01 3.015618558734005106e+01 2.576191169278705573e+01 2.182688180380348797e+01 1.835470244093468750e+01 1.532841558924103431e+01 1.271846102450136939e+01 1.048840174000132741e+01 8.598872361923307395e+00 7.010209191183476740e+00 5.684140464012630289e+00 4.584821654651924483e+00 3.679419395876561083e+00 2.938385767964647677e+00 2.335520953492070451e+00 1.847892568130401036e+00 1.455660199562626822e+00 1.141840433565269874e+00 8.920384922854417420e-01 6.941659696829169945e-01 5.381590681033401324e-01 4.157076870216649955e-01 3.200024157281614046e-01 2.455037999135462612e-01 1.877361139989428274e-01 1.431062228399722358e-01 1.087469048406209393e-01 8.238317436210298994e-02 6.221962117691273719e-02 4.684651451826916946e-02 3.516233844146843257e-02 2.631048007379176851e-02 1.962793751356345026e-02 1.460411358476164899e-02 1.084798772000039255e-02 8.062191458609712508e-03 6.022739969170575434e-03 4.563384833341752565e-03 3.563748001152325894e-03 2.940572277509725507e-03 2.641580985718556401e-03 2.641580985718556401e-03
5.463908327706770507e+01 5.463908327706770507e+01 5.365676506962307712e+01 5.174419416807472061e+01 4.901064480732018325e+01 4.562067404976623664e+01 4.177508023477424359e+01 3.768191539332118367e+01 3.353030996118572205e+01 2.947438381985817557e+01 2.562772712208776582e+01 2.206540546825472759e+01 1.882991277604965674e+01 1.593837159257671310e+01 1.338940151443405746e+01 1.116894562820106351e+01 9.254875729018955610e+00 7.620462878774034721e+00 6.236900606247951728e+00 5.075082060473502743e+00 4.106809002681358400e+00 3.305576314622488354e+00 2.647043000559662129e+00 2.109273806938463558e+00 1.672815072904418887e+00 1.320653232215321493e+00 1.038093145798505867e+00 8.125849533889937248e-01 6.335215115567077726e-01 4.920231605881523751e-01 3.807221938826740315e-01 2.935558009297511983e-01 2.255733113794138045e-01 1.727612128963366411e-01 1.318875888702588095e-01 1.003662615598214097e-01 7.613996523477022105e-02 5.758124327780746871e-02 4.340939553535812234e-02 3.262163478372626796e-02 2.443658912719091220e-02 1.824836446799112805e-02 1.358952112055279021e-02 1.010149327057349028e-02 7.511168870009084231e-03 5.612536956835463726e-03 4.252490453973634121e-03 3.320040533662861528e-03 2.738351763324149528e-03 2.459145644323050030e-03 2.459145644323050030e-03
4.412587070850337057e+01 4.412587070850337057e+01 4.338989041290420801e+01 4.195636205981181632e+01 3.990279227055529532e+01 3.734233629818780997e+01 3.441258348190589800e+01 3.125910357799309836e+01 2.801938924196873870e+01 2.481136090823146390e+01 2.172764676897850222e+01 1.883473210512118712e+01 1.617527966321732080e+01 1.377202163091601861e+01 1.163207709960055958e+01 9.751021416289400889e+00 8.116391073950889989e+00 6.710532059167568342e+00 5.512819491118464477e+00 4.501328560718108385e+00 3.654050832891258427e+00 2.949745567052057371e+00 2.368504206141208268e+00 1.892093327580894435e+00 1.504129561194514686e+00 1.190129952487295917e+00 9.374729197487952082e-01 7.352980183225116262e-01 5.743668845132783307e-01 4.469027652522367111e-01 3.464218113381632436e-01 2.675657430227318390e-01 2.059425362639503154e-01 1.579793828950369627e-01 1.207902996890585778e-01 9.205934307692624496e-02 6.993936397700661889e-02 5.296554374709656204e-02 3.998252163003977733e-02 3.008369530509579989e-02 2.256119575306411024e-02 1.686506061835408091e-02 1.257022082249462103e-02 9.350045587710935011e-03 6.955341187488533680e-03 5.197854481087183127e-03 3.937484600542099332e-03 3.072549673637519404e-03 2.532587850272275971e-03 2.273292613970023367e-03 2.273292613970023367e-03
3.588446442620535493e+01 3.588446442620535493e+01 3.532384874991608825e+01 3.423091968042429301e+01 3.266155937376704088e+01 3.069596878059484979e+01 2.843149874713151704e+01 2.597265109631730340e+01 2.342088430516543696e+01 2.086654844502251649e+01 1.838400600170291455e+01 1.602982401308506510e+01 1.384328850825644253e+01 1.184834831846978176e+01 1.005622986535473018e+01 8.468191745372973145e+00 7.078101817414336416e+00 5.874679938582403338e+00 4.843353517361514093e+00 3.967732601712524065e+00 3.230740796375893176e+00 2.615449870717024616e+00 2.105667726097621095e+00 1.686326476009408770e+00 1.343712523699246875e+00 1.065575077339941057e+00 8.411441370800866180e-01 6.610838711157993597e-01 5.174025691951356087e-01 4.033360717372697080e-01 3.132177561501620633e-01 2.423448442398424552e-01 1.868479863889936921e-01 1.435687712496489798e-01 1.099479764007358501e-01 8.392597163573599361e-02 6.385565695880730808e-02 4.842760136867165638e-02 3.660658519709121539e-02 2.757848145967140008e-02 2.070628997566566556e-02 1.549411971611462484e-02 1.155796570529979764e-02 8.602220461175553307e-03 6.400976874228722462e-03 4.783305769123692534e-03 3.621818045356771463e-03 2.823942715010278274e-03 2.325465528181454387e-03 2.085977331012893454e-03 2.085977331012893454e-03
2.933816391204598517e+01 2.933816391204598517e+01 2.890511477830197506e+01 2.805999221114537434e+01 2.684374866211920008e+01 2.531462742623488893e+01 2.354332305470536468e+01 2.160654203745752255e+01 1.958028606778633574e+01 1.753416933502336761e+01 1.552753351306688678e+01 1.360749563947798535e+01 1.180863266530871769e+01 1.015382501963959250e+01 8.655782475348143379e+00 7.318868152819191231e+00 6.140952967527485207e+00 5.115136836199368098e+00 4.231251502035016543e+00 3.477112852874720605e+00 2.839523230793015607e+00 2.305042495995059060e+00 1.860555568427772588e+00 1.493667452625928371e+00 1.192956714524083139e+00 9.481164687944483305e-01 7.500090136117608663e-01 5.906568382491013125e-01 4.631891595204384870e-01 3.617596409468063490e-01 2.814476708981539788e-01 2.181526289732862167e-01 1.684880163769948702e-01 1.296801914411949141e-01 9.947473018482962115e-02 7.605209536370999279e-02 5.795330183112869238e-02 4.401555963476747740e-02 3.331740529739350004e-02 2.513254525025833755e-02 1.889148756800873227e-02 1.414999023256088145e-02 1.056337445401203667e-02 7.865815525027091207e-03 5.853812768692246912e-03 4.373141281547531477e-03 3.308692390120030261e-03 2.576711507850927736e-03 2.119038393978840609e-03 1.899044409587446981e-03 1.899044409587446981e-03
2.408539965699002749e+01 2.408539965699002749e+01 2.374687382778823874e+01 2.308553021745764511e+01 2.213185753425878488e+01 2.092902506936098206e+01 1.952949016615992761e+01 1.799064956671226057e+01 1.637025276576709132e+01 1.472234062756069584e+01 1.309423032832856038e+01 1.152473093597936327e+01 1.004349836099095583e+01 8.671283847999809780e+00 7.420785285983002133e+00 6.297835940001597521e+00 5.302722274173532924e+00 4.431485167219795684e+00 3.677113495910379282e+00 3.030581139214965081e+00 2.481708158060414338e+00 2.019846440714339053e+00 1.634402050379934135e+00 1.315213107451652874e+00 1.052804990493644510e+00 8.385451690505691946e-01 6.647189440549574613e-01 5.245453723670556734e-01 4.121501264018929134e-01 3.225093059259583894e-01 2.513755071365649796e-01 1.951949233804930184e-01 1.510220027089737294e-01 1.164362720249026983e-01 8.946436963458732905e-02 6.850909389123611970e-02 5.228634306155956896e-02 3.977014859608501290e-02 3.014554477776176453e-02 2.276872778385417503e-02 1.713379594721861632e-02 1.284529557883135054e-02 9.595794592135083526e-03 7.147746788088945626e-03 5.318976068053453930e-03 3.971189718207538549e-03 3.001014870544312183e-03 2.333136815379919810e-03 1.915199004577405320e-03 1.714200872911644802e-03 1.714200872911644802e-03
1.983756074156135085e+01 1.983756074156135085e+01 1.957018364640805075e+01 1.904733673139091721e+01 1.829206456924451629e+01 1.733693664112691124e+01 1.622160097960122727e+01 1.498973187470616253e+01 1.368579388570645250e+01 1.235208564776949203e+01 1.102641527906530605e+01 9.740575494918674693e+00 8.519613971970111166e+00 7.381778103012772263e+00 6.338959902098593169e+00 5.397461947056038767e+00 4.558928821925237962e+00 3.821323743602121681e+00 3.179866076819573006e+00 2.627876734037080109e+00 2.157503104068213329e+00 1.760313225683445282e+00 1.427761351817188995e+00 1.151534989574398038e+00 9.237980308402821139e-01 7.373466162989769090e-01 5.856946334790377184e-01 4.631048158241718449e-01 3.645797387846005932e-01 2.858249510893846601e-01 2.231942973691144472e-01 1.736253692173390650e-01 1.345710882115987161e-01 1.039317462876908071e-01 7.999043450022248758e-02 6.135367926382084836e-02 4.689825398280530327e-02 3.572451068349529607e-02 2.711614291873611776e-02 2.050600984245696395e-02 1.544748672663891209e-02 1.159072876548721681e-02 8.663217328972678058e-03 6.453980858157153631e-03 4.800930872509244669e-03 3.580815913288454191e-03 2.701364883785088017e-03 2.095261009346910570e-03 1.715655532065821264e-03 1.532994747179085293e-03 1.532994747179085293e-03
1.638164144429586599e+01 1.638164144429586599e+01 1.616854089946836126e+01 1.575148287743484232e+01 1.514813940400289205e+01 1.438347642836236062e+01 1.348794801622787176e+01 1.249528458586253521e+01 1.144014237966711534e+01 1.035590941297066259e+01 9.272908232896513780e+00 8.217132217673746908e+00 7.209543620507234074e+00 6.265877963450875221e+00 5.396851180650338975e+00 4.608649616792778403e+00 3.903589000139886966e+00 3.280846790460262064e+00 2.737195090978131962e+00 2.267683698718740093e+00 1.866242302437255418e+00 1.526186369029213896e+00 1.240622853417625127e+00 1.002759937959792014e+00 8.061301414436056190e-01 6.447389468914713762e-01 5.131521531582312612e-01 4.065349603376976484e-01 3.206547775671629297e-01 2.518582377391230809e-01 1.970311833075741037e-01 1.535486453802155649e-01 1.192202062543384761e-01 9.223469259616745575e-02 7.110693025630586417e-02 5.462830986131941846e-02 4.182215191818266370e-02 3.190429617069480417e-02 2.424894180940491070e-02 1.835950083040316372e-02 1.384406655316764920e-02 1.039501646640851422e-02 7.772241155034615399e-03 5.789501237466825566e-03 4.303448460485897326e-03 3.204895265020552952e-03 2.411972125079249116e-03 1.864869153375098764e-03 1.521914864485567412e-03 1.356799183610520130e-03 1.356799183610520130e-03
1.355689534811535069e+01 1.355689534811535069e+01 1.338567562833135582e+01 1.305034911827423194e+01 1.256465763422448134e+01 1.194801993833029741e+01 1.122417044241644035e+01 1.041951230679103269e+01 9.561365180708778055e+00 8.676305058224116351e+00 7.788764265037970702e+00 6.919998388607410789e+00 6.087457282698395034e+00 5.304538004333140044e+00 4.580658020280080400e+00 3.921568101231695636e+00 3.329821909601576202e+00 2.805327683426214858e+00 2.345921401719099020e+00 1.947916499126283396e+00 1.606600109957868172e+00 1.316658639603132119e+00 1.072525656906363478e+00 8.686526404886939501e-01 6.997082381500226989e-01 5.607147876933840092e-01 4.471323211430859867e-01 3.549005447564141380e-01 2.804487271578167684e-01 2.206823525521625085e-01 1.729540570595994031e-01 1.350249519936946863e-01 1.050210786715365524e-01 8.138851651526900211e-02 6.284962180062164672e-02 4.836202188378983108e-02 3.708132255327776378e-02 2.832798592778939042e-02 2.155847858028357711e-02 1.634054795045438574e-02 1.233233451738182523e-02 9.264945042622563590e-03 6.928079522384873387e-03 5.158305824421247597e-03 3.829599578764866698e-03 2.845803707063966018e-03 2.134705806613653237e-03 1.643478200577725519e-03 1.335272026236952909e-03 1.186802047532275681e-03 1.186802047532275681e-03
1.123973403790182957e+01 1.123973403790182957e+01 1.110114667512144848e+01 1.082957837556531722e+01 1.043585966849044411e+01 9.935302966961002014e+00 9.346655567614707394e+00 8.690843338594550715e+00 7.989633459181225028e+00 7.264354641357523512e+00 6.534795686796883274e+00 5.818364946849835739e+00 5.129547021066838575e+00 4.479650708547420201e+00 3.876811046488057855e+00 3.326190427517091486e+00 2.830317901667110281e+00 2.389508732462279905e+00 2.002314679692772881e+00 1.665966408737525661e+00 1.376780747797537563e+00 1.130515872950790701e+00 9.226661689412861689e-01 7.486952189155968718e-01 6.042101483310036159e-01 4.850835957885198946e-01 3.875312063509290250e-01 3.081530689488017338e-01 2.439472640887831167e-01 1.923029286616437517e-01 1.509792082643170996e-01 1.180753273018867316e-01 9.199588543629769188e-02 7.141446398614811897e-02 5.523774026085390143e-02 4.257157789538135173e-02 3.268998487337796549e-02 2.500739485420180527e-02 1.905441211620592656e-02 1.445694462141442448e-02 1.091851225671955188e-02 8.205439432245218920e-03 6.134606712865903373e-03 4.563431858899771355e-03 3.381766389662990702e-03 2.505421771136276225e-03 1.871074085063774732e-03 1.432333803167540982e-03 1.156805606074322789e-03 1.024000764712086359e-03 1.024000764712086359e-03
9.333656770692716265e+00 9.333656770692716265e+00 9.220708183461550078e+00 8.999288121808755037e+00 8.678045832191736864e+00 8.269215267397111546e+00 7.787793642644579961e+00 7.250561413975199265e+00 6.675039412469266686e+00 6.078484509508833789e+00 5.477013424627562799e+00 4.884918720145602578e+00 4.314209042397712857e+00 3.774374850981074836e+00 3.272356550466744451e+00 2.812676439290250574e+00 2.397689068627074871e+00 2.027904812661881717e+00 1.702346475568365713e+00 1.418906454417782736e+00 1.174680597157681472e+00 9.662632017867937018e-01 7.899948353767856091e-01 6.421604369771117815e-01 5.191394194653612404e-01 4.175123037107633661e-01 3.341300143011958212e-01 2.661525972921277572e-01 2.110640485620639550e-01 1.666694041288986072e-01 1.310794395425213255e-01 1.026874080653884524e-01 8.014132666345348543e-02 6.231446664441603334e-02 4.827596236047549533e-02 3.726283384114675856e-02 2.865422798805249485e-02 2.194830849700164441e-02 1.674195163583594090e-02 1.271321595580621709e-02 9.606431762199439325e-03 7.219684859544193284e-03 5.394435248607378115e-03 4.007003941496179063e-03 2.961671231482384831e-03 2.185150920956074275e-03 1.622232525873686104e-03 1.232413975747453884e-03 9.873786977612787879e-04 8.692020362204218612e-04 8.692020362204218612e-04
7.762348250069647015e+00 7.762348250069647015e+00 7.669687847785472634e+00 7.487989533100118500e+00 7.224251390152811148e+00 6.888373981852851990e+00 6.492502741399381883e+00 6.050246961041582772e+00 5.575849728653981430e+00 5.083386092477638840e+00 4.586057938883427276e+00 4.095635755377683651e+00 3.622074235008827081e+00 3.173305600229775258e+00 2.755195474262135402e+00 2.371633164064227195e+00 2.024721673726662896e+00 1.715031770332141159e+00 1.441887504961242072e+00 1.203656161115194800e+00 9.980222604901651806e-01 8.222319311688417454e-01 6.732999244290591712e-01 5.481764631954846312e-01 4.438747804159924315e-01 3.575626998751513796e-01 2.866230752336735854e-01 2.286885386684261445e-01 1.816560339009440084e-01 1.436862199844763377e-01 1.131922015132667686e-01 8.882130069905259939e-02 6.943283280391385204e-02 5.407414183823201076e-02 4.195653451454268296e-02 3.243223321552180655e-02 2.497305510741512635e-02 1.915120732117418789e-02 1.462235535311203101e-02 1.111095924470067130e-02 8.397765718283383904e-03 6.309281029987091720e-03 4.709017840588874786e-03 3.490300451740484863e-03 2.570419110892762423e-03 1.885940127448703079e-03 1.389000306453310688e-03 1.044438750398324171e-03 8.276447444474771802e-04 7.230259291981438541e-04 7.230259291981438541e-04
6.464827870281168565e+00 6.464827870281168565e+00 6.388320243505487106e+00 6.238275201445237172e+00 6.020429648727977145e+00 5.742898651309162439e+00 5.415637967021730503e+00 5.049808435240547233e+00 4.657102144560456125e+00 4.249091506136621454e+00 3.836655107859540337e+00 3.429520144580484597e+00 3.035943480577671938e+00 2.662535542224279350e+00 2.314216142742816729e+00 1.994280691840572661e+00 1.704549494511305774e+00 1.445571506504100379e+00 1.216855958378120883e+00 1.017109477851857013e+00 8.444616054558780061e-01 6.966670106514769589e-01 5.712776495427799306e-01 4.657821991673110618e-01 3.777132117556085689e-01 3.047245678035908067e-01 2.446430816092763361e-01 1.954986905765341842e-01 1.555377177516431009e-01 1.232234030956288057e-01 9.722739531365293120e-02 7.641529488695771033e-02 5.982872134878421122e-02 4.666579750408230559e-02 3.626143146832421643e-02 2.806834807983629373e-02 2.163947669311087896e-02 1.661203709982017260e-02 1.269346970912804511e-02 9.649218674600288162e-03 7.292285870287516444e-03 5.474418749184369916e-03 4.078766981003209384e-03 3.013833656295052642e-03 2.208550724255606106e-03 1.608320548585125999e-03 1.171882693077487504e-03 8.688848350705696572e-04 6.780575680613063578e-04 5.859137689481383167e-04 5.859137689481383167e-04
5.391961385986498101e+00 5.391961385986498101e+00 5.328381804388467202e+00 5.203691373649435903e+00 5.022656315346520906e+00 4.792014468859672860e+00 4.520026500287964488e+00 4.215947659559375005e+00 3.889470089995316293e+00 3.550185723459068576e+00 3.207113304294753942e+00 2.868321497093648365e+00 2.540665760124081185e+00 2.229642358569866367e+00 1.939350739324354755e+00 1.672546821836613518e+00 1.430764986057139199e+00 1.214485327457790476e+00 1.023324315617958336e+00 8.562303796933501410e-01 7.116702349462198374e-01 5.877962116186341568e-01 4.825889229794689261e-01 3.939730028368281789e-01 3.199062255635175545e-01 2.584440995103602368e-01 2.077830886964842083e-01 1.662861030354038649e-01 1.324939516082761226e-01 1.051262156376411433e-01 8.307458600881675870e-02 6.539121729397126548e-02 5.127414329010041016e-02 4.005132228589817350e-02 3.116445939882142580e-02 2.415339990379645335e-02 1.864160338449720108e-02 1.432298938353931787e-02 1.095028312859360094e-02 8.324875591163511182e-03 6.288136127233955736e-03 4.714069605963142062e-03 3.503185622364947578e-03 2.577438974117338480e-03 1.876102918110903210e-03 1.352446180941900122e-03 9.710983497704411176e-04 7.060042530391700058e-04 5.388848328196710813e-04 4.581391734743658255e-04 4.581391734743658255e-04
4.503898973637556757e+00 4.503898973637556757e+00 4.450713048888888856e+00 4.346422181285247710e+00 4.195040969421714117e+00 4.002238086594059219e+00 3.774953119722399553e+00 3.520948146082718111e+00 3.248337208756232997e+00 2.965135971664856207e+00 2.678867628448252436e+00 2.396250988416289029e+00 2.122984596905365340e+00 1.863628886945712271e+00 1.621578417095832281e+00 1.399109247166892223e+00 1.197482728846501976e+00 1.017086143324607672e+00 8.575920423318242891e-01 7.181210464296867713e-01 5.973964657969424996e-01 4.938828181666158890e-01 4.059036945187098344e-01 3.317372158568209772e-01 2.696894353822408275e-01 2.181474814364508519e-01 1.756150885959260610e-01 1.407335424870244656e-01 1.122910919183276041e-01 8.922367468170784577e-02 7.060945788854322558e-02 5.565928524328426358e-02 4.370470627968921218e-02 3.418487164186328336e-02 2.663323422166656573e-02 2.066470727387473283e-02 1.596369876559038462e-02 1.227326228025138986e-02 9.385472320310781977e-03 7.133038263148886761e-03 5.382108799967953022e-03 4.026180398806185855e-03 2.981003046445161817e-03 2.180369233754410937e-03 1.572673642876490450e-03 1.118138447846439478e-03 7.866100508362883909e-04 5.558459486786735022e-04 4.102241619680413497e-04 3.398216101688664669e-04 3.398216101688664669e-04
3.768157744179041924e+00 3.768157744179041924e+00 3.723359532210850364e+00 3.635543182651792549e+00 3.508138931066625332e+00 3.345981600643472387e+00 3.154975853515441298e+00 2.941707220914311360e+00 2.713037411214713757e+00 2.475720710990212847e+00 2.236072032364475159e+00 1.999707766418188370e+00 1.771369933500469562e+00 1.554833979019243362e+00 1.352892319078211170e+00 1.167400145147089452e+00 9.993671869283933251e-01 8.490787717085496178e-01 7.162309973930787166e-01 6.000674614125794948e-01 4.995081204540799402e-01 4.132639933657771825e-01 3.399342214523515260e-01 2.780842800184710750e-01 2.263058296979126860e-01 1.832598306522602860e-01 1.477051939100683942e-01 1.185155132541599321e-01 9.468641212217183967e-02 7.533584784819639946e-02 5.969941850387153193e-02 4.712237559724925806e-02 3.704970131843297876e-02 2.901528906155173559e-02 2.263098585444040314e-02 1.757602147306885562e-02 1.358716162031345376e-02 1.044977827206582978e-02 7.989923540278758701e-03 6.067418018293040463e-03 4.569914264747511681e-03 3.407865198882367112e-03 2.510310761073261242e-03 1.821390233585552148e-03 1.297488801633870465e-03 9.049328691941939439e-04 6.181574512054038070e-04 4.182793748658829888e-04 2.920211590989976497e-04 2.309417815400824847e-04 2.309417815400824847e-04
3.158163256782110295e+00 3.158163256782110295e+00 3.120154536176418247e+00 3.045683487164053016e+00 2.937725406736991118e+00 2.800463316774128852e+00 2.638988458240737689e+00 2.458955382008992441e+00 2.266227096630358595e+00 2.066543238764650070e+00 1.865237635803475458e+00 1.667022520923809870e+00 1.475846851300911533e+00 1.294827277664924337e+00 1.126243425320075930e+00 9.715847767358486431e-01 8.316345563821472275e-01 7.065761960741818726e-01 5.961096027036298928e-01 4.995669346172961212e-01 4.160203769080649816e-01 3.443770865583418717e-01 2.834588006696808216e-01 2.320654400818138452e-01 1.890233708079888941e-01 1.532198469692173937e-01 1.236256275780491104e-01 9.930792564540148748e-02 7.943579971537514939e-02 6.327991244908287571e-02 5.020832042834522113e-02 3.967967066189863334e-02 3.123489425312785811e-02 2.448822662806533421e-02 1.911815723027214531e-02 1.485872377749739535e-02 1.149141640198741640e-02 8.837842154878027337e-03 6.753215602746069114e-03 5.120681571285467040e-03 3.846436343691300198e-03 2.855589304915921028e-03 2.088694182333867937e-03 1.498874463363516693e-03 1.049468684268051307e-03 7.121261362307840237e-04 4.652907283038408321e-04 2.930191631870974556e-04 1.840886038145477356e-04 1.313582358530729507e-04 1.313582358530729507e-04
2.652126984817585242e+00 2.652126984817585242e+00 2.619625832598997839e+00 2.555989131361319444e+00 2.463838958256214795e+00 2.346849410359693966e+00 2.209471952397610295e+00 2.056622625322508835e+00 1.893364813123303625e+00 1.724617863378975713e+00 1.554914658399786376e+00 1.388222047058811803e+00 1.227828730371144372e+00 1.076297227542787782e+00 9.354708099646157349e-01 8.065230352288748072e-01 6.900365127744533256e-01 5.860982716873365250e-01 4.944009651693294649e-01 4.143415620883261208e-01 3.451116885733490069e-01 2.857760817544813814e-01 2.353375284900787456e-01 1.927881182342630340e-01 1.571476504935643004e-01 1.274906585907369383e-01 1.029638190421327537e-01 8.279559007572086238e-02 6.629983781380831276e-02 5.287502646954830160e-02 4.200031779876077509e-02 3.322968010737183814e-02 2.618487154222866320e-02 2.054795027278442585e-02 1.605378248535509200e-02 1.248286970072806125e-02 9.654698810409857029e-03 7.421727979821975650e-03 5.664055506163063157e-03 4.284772263227910015e-03 3.205967689588345299e-03 2.365340637023081918e-03 1.713356708949732550e-03 1.210890474629518470e-03 8.272921202879978579e-04 5.388221970217996985e-04 3.274040170932662535e-04 1.796500656759945393e-04 8.612617879469901185e-05 4.082461974124393356e-05 4.082461974124393356e-05
2.232179224083806091e+00 2.232179224083806091e+00 2.204149379606251902e+00 2.149317035945597976e+00 2.070032648153584898e+00 1.969575606682560043e+00 1.851895879172628101e+00 1.721323741891398917e+00 1.582280611226433598e+00 1.439019489208453573e+00 1.295415441687632896e+00 1.154816954480300639e+00 1.019959933888064274e+00 8.929389160589978891e-01 7.752253639116131190e-01 6.677207481999540839e-01 5.708319880587480188e-01 4.845581343083292247e-01 4.085792823581561595e-01 3.423410776113139375e-01 2.851304549411089462e-01 2.361402151596969090e-01 1.945215872692021841e-01 1.594250438195553288e-01 1.300303688636459121e-01 1.055673911464174997e-01 8.532896427257655181e-02 6.867777186066906236e-02 5.504842019684486054e-02 4.394610205334219949e-02 3.494290952773406594e-02 2.767266578649886857e-02 2.182495166410737888e-02 1.713883189953455122e-02 1.339664144236316946e-02 1.041807491533017216e-02 8.054730389236531424e-03 6.185188998692160538e-03 4.710661238444627426e-03 3.551195497248226581e-03 2.642421243734247461e-03 1.932785435678659397e-03 1.381233714540848955e-03 9.552859357623075384e-04 6.294568395211329759e-04 3.839762165495821510e-04 2.037677691523534507e-04 7.765147050250768791e-05 -2.259853135087942871e-06 -4.099295920466172012e-05 -4.099295920466172012e-05
1.883709403228934098e+00 1.883709403228934098e+00 1.859303783621973238e+00 1.811616992225075551e+00 1.742795400318403409e+00 1.655817582458631865e+00 1.554244725735261401e+00 1.441944760705843986e+00 1.322823536689123003e+00 1.200590471917912572e+00 1.078576753703177182e+00 9.596139041466453801e-01 8.459715114766419575e-01 7.393464314659931036e-01 6.408921409054953999e-01 5.512758440700435969e-01 4.707517078105196706e-01 3.992404773628431824e-01 3.364080593429353838e-01 2.817379891278266602e-01 2.345947505331197891e-01 1.942765586814747814e-01 1.600574276517405525e-01 1.312191602284655811e-01 1.070743845998084198e-01 8.698199770724539259e-02 7.035642859596169529e-02 5.667206857000109399e-02 4.546407698319432367e-02 3.632659840345208585e-02 2.890924416750170062e-02 2.291251582355567640e-02 1.808268945281159973e-02 1.420654324416689880e-02 1.110619746065299486e-02 8.634245166402855498e-03 6.669281790592135155e-03 5.111888884526588454e-03 3.881089442108743605e-03 2.911265963789034378e-03 2.149515534782634255e-03 1.553406270807850985e-03 1.089094755201747144e-03 7.297630004841011752e-04 4.543349401322868838e-04 2.464355002868365155e-04 9.355933259197619348e-05 -1.357908530066478256e-05 -8.153752108774175165e-05 -1.144988918623347578e-04 -1.144988918623347578e-04
1.594897152751307612e+00 1.594897152751307612e+00 1.573409268115616211e+00 1.531486227953253287e+00 1.471129408812830608e+00 1.395097693843346809e+00 1.306659311099927612e+00 1.209322853576205281e+00 1.106582182651339119e+00 1.001702151493840232e+00 8.975609653677273370e-01 7.965537101118445040e-01 7.005525183977144854e-01 6.109131172943198518e-01 5.285150712624275826e-01 4.538231622110475150e-01 3.869590663098530503e-01 3.277749252335265262e-01 2.759229389967546853e-01 2.309173563837632892e-01 1.921870403634302893e-01 1.591181097597997862e-01 1.310870507938330654e-01 1.074852322823754702e-01 8.773603168292369581e-02 7.130586402854005579e-02 5.771036648726706603e-02 4.651687764457054786e-02 3.734419925918419647e-02 2.986046426978434046e-02 2.377977468560362947e-02 1.885812652949859711e-02 1.488901119830929667e-02 1.169897518635764321e-02 9.143332876795128364e-03 7.102158258801008310e-03 5.476628812881914436e-03 4.185755894670899202e-03 3.163508212438510565e-03 2.356316169042011518e-03 1.720932934950776191e-03 1.222621380972980501e-03 8.336330582097589183e-04 5.319451270363317885e-04 3.002227033032999837e-04 1.249767722036382767e-04 -4.108802962110508045e-06 -9.470386099799234865e-05 -1.522309620456512025e-04 -1.801517469693696626e-04 -1.801517469693696626e-04
1.356460550356070716e+00 1.356460550356070716e+00 1.337275672474534716e+00 1.299917654447936943e+00 1.246300384207376766e+00 1.179040352621227639e+00 1.101201489561964397e+00 1.016024987133475666e+00 9.266815779543011722e-01 8.360732870434849362e-01 7.466979834131717286e-01 6.605772814083233913e-01 5.792391955223186173e-01 5.037422392792185732e-01 4.347267312432520070e-01 3.724806297113141262e-01 3.170099665548821166e-01 2.681069310099488123e-01 2.254113088723923575e-01 1.884630760369433722e-01 1.567454476016099663e-01 1.297186691464045361e-01 1.068454169098687900e-01 8.760895984008099102e-02 7.152532379038124832e-02 5.815065996706010598e-02 4.708490967921627468e-02 3.797271250293167422e-02 3.050234961778684056e-02 2.440336338288618193e-02 1.944335682031217080e-02 1.542435689397073095e-02 1.217902453542980996e-02 9.566911828246314406e-03 7.470901135504541893e-03 5.793910151003440860e-03 4.455908566042512953e-03 3.391264250736652965e-03 2.546417293753989487e-03 1.877867273375213820e-03 1.350451191226104738e-03 9.358852285828891775e-04 6.115419518524548795e-04 3.594349343032334681e-04 1.653843310022798125e-04 1.833937397681045187e-05 -9.016344890993392160e-05 -1.664246573722945972e-04 -2.149034911036972178e-04 -2.384489436700794069e-04 -2.384489436700794069e-04
1.161728279764908889e+00 1.161728279764908889e+00 1.144259415762363563e+00 1.110329336741107786e+00 1.061832302530098193e+00 1.001330810103048030e+00 9.317811929546353511e-01 8.562512688505274916e-01 7.776725664216846967e-01 6.986549228981816517e-01 6.213734362593872351e-01 5.475227230514722043e-01 4.783243219788065326e-01 4.145700091408996424e-01 3.566850292004090650e-01 3.047986607580683294e-01 2.588134537353620201e-01 2.184679435127254987e-01 1.833902908875843507e-01 1.531421033172332691e-01 1.272528066785813261e-01 1.052455425373755027e-01 8.665582977848029778e-02 7.104427999192038101e-02 5.800458410108647739e-02 4.716785359342724748e-02 3.820424123604643923e-02 3.082260576272432759e-02 2.476883539010580823e-02 1.982331201992389158e-02 1.579788419491738941e-02 1.253262193863673157e-02 9.892549595870797630e-03 7.764491468204063294e-03 6.054117446380893539e-03 4.683239766491693531e-03 3.587385301194542624e-03 2.713648796656094753e-03 2.018819407098674037e-03 1.467764449105627995e-03 1.032049404195409508e-03 6.887708394283237334e-04 4.195784344047180756e-04 2.098630610521904770e-04 4.808946526017694251e-05 -7.474579335075079304e-05 -1.655480884438803200e-04 -2.294645938477203715e-04 -2.701421654668113305e-04 -2.899126640522376483e-04 -2.899126640522376483e-04
1.007321424540587262e+00 1.007321424540587262e+00 9.908958013651614216e-01 9.591065571869367146e-01 9.139336867159191247e-01 8.580178951381306485e-01 7.943439025222946981e-01 7.259265197814803727e-01 6.555518347831786885e-01 5.856029254164002440e-01 5.179740921473817705e-01 4.540589445116171574e-01 3.947893401359338639e-01 3.407024245662764739e-01 2.920179168561723437e-01 2.487138546990594890e-01 2.105942658328343597e-01 1.773459925184264485e-01 1.485842358367239491e-01 1.238876567505776682e-01 1.028244396004001221e-01 8.497087846541635792e-02 6.992398135475913490e-02 5.730942019329732240e-02 4.678595319093326738e-02 3.804724581240478964e-02 3.082183376776379338e-02 2.487181270468586877e-02 1.999070560771864721e-02 1.600084882798868957e-02 1.275054865103668507e-02 1.011118930222699649e-02 7.974417698245384392e-03 6.249487312129377650e-03 4.860810985809922539e-03 3.745748424906073567e-03 2.852636723292431564e-03 2.139060153915448015e-03 1.570347434729750828e-03 1.118279761989055422e-03 7.599903199101135836e-04 4.770350128128862796e-04 2.546144548638089571e-04 8.092830284549214128e-05 -5.335543802814758050e-05 -1.555316373829244742e-04 -2.312032580713793727e-04 -2.845520323847951856e-04 -3.185439746913735809e-04 -3.350771432660730269e-04 -3.350771432660730269e-04
8.951694570216243152e-01 8.951694570216243152e-01 8.787768621031597505e-01 8.472294350683418074e-01 8.028076175906810885e-01 7.484898240214221676e-01 6.875392838653239247e-01 6.231163773445541620e-01 5.579899238747043633e-01 4.943782927651592107e-01 4.339092876711315716e-01 3.776635186917025599e-01 3.262619307246772404e-01 2.799666532179889145e-01 2.387763434837397725e-01 2.025072569633344088e-01 1.708577525984451007e-01 1.434573046116872364e-01 1.199024231178390937e-01 9.978212370880687465e-02 8.269533875466536510e-02 6.826225977863423222e-02 5.613119283460027420e-02 4.598215440018560418e-02 3.752814686965288277e-02 3.051482515806324541e-02 2.471908913044925174e-02 1.994700004172303073e-02 1.603131402738729172e-02 1.282884494807450676e-02 1.021780686080398654e-02 8.095239160987118335e-03 6.374581641560545832e-03 4.983439871305642317e-03 3.861561532274023802e-03 2.959030071333102700e-03 2.234672100737259727e-03 1.654668204612219076e-03 1.191352777049691641e-03 8.221861184426885235e-04 5.288812446250820525e-04 2.966678624759897941e-04 1.136768280795968775e-04 -2.957044373425243643e-05 -1.405816044597103678e-04 -2.252344188730733715e-04 -2.880499216866535053e-04 -3.324067087746797777e-04 -3.607037340936310220e-04 -3.744774284497311644e-04 -3.744774284497311644e-04
8.377355667529214900e-01 8.377355667529214900e-01 8.193910881666111035e-01 7.844225087603742264e-01 7.359429166137981815e-01 6.778876539457110439e-01 6.143563901906851088e-01 5.490484798300038216e-01 4.849143323544418127e-01 4.240444854511620787e-01 3.677367949999771901e-01 3.166541302561905469e-01 2.710006550882777532e-01 2.306761517066134581e-01 1.953943565328351561e-01 1.647664735149845794e-01 1.383569223501396050e-01 1.157190677690964342e-01 9.641730366539501274e-02 8.004011134012016526e-02 6.620722952894157742e-02 5.457300336635119431e-02 4.482726281572092103e-02 3.669461801996814349e-02 2.993276301553707275e-02 2.433018833498966707e-02 1.970357742340004062e-02 1.589507680322784638e-02 1.276957075252228672e-02 1.021204901723080094e-02 8.125125324044723749e-03 6.426741847507975829e-03 5.048078153369461342e-03 3.931670964142197459e-03 3.029742379428553879e-03 2.302728131965741266e-03 1.717993469559251632e-03 1.248721842371257763e-03 8.729604144002454458e-04 5.728060915633788721e-04 3.337161588860450691e-04 1.439284220929169420e-04 -6.023121092455335103e-06 -1.237097450484256280e-04 -2.151378790410430101e-04 -2.850172531190937582e-04 -3.369757450643145438e-04 -3.737280124905010756e-04 -3.972036872261509844e-04 -4.086396327742661738e-04 -4.086396327742661738e-04
8.715409973015237899e-01 8.715409973015237899e-01 8.465231841005462776e-01 7.995727733652516767e-01 7.361329451492767406e-01 6.627651788888875295e-01 5.857948852005641083e-01 5.103053668363355388e-01 4.397148767159126947e-01 3.758713984722230061e-01 3.194295933223105233e-01 2.702806900166437321e-01 2.279042853371076316e-01 1.916055201656345630e-01 1.606531832866614773e-01 1.343496946557401761e-01 1.120606501123518617e-01 9.322301933927688855e-02 7.734333180487520942e-02 6.399187797342749395e-02 5.279582608209309330e-02 4.343249637873886071e-02 3.562323235879523431e-02 2.912795752976778466e-02 2.374037405402415479e-02 1.928372412724242702e-02 1.560703698844505272e-02 1.258179748458694049e-02 1.009898569944658701e-02 8.066447868589295134e-03 6.406566325523365031e-03 5.054201087592556825e-03 3.954878787004499976e-03 3.063206543575147742e-03 2.341489754254636596e-03 1.758533809613364689e-03 1.288610733398422433e-03 9.105727913359886079e-04 6.070962315289458663e-04 3.640395201907941692e-04 1.699017427860388652e-04 1.536812597625311682e-05 -1.070689602706645924e-04 -2.034238894975183055e-04 -2.784756177025237128e-04 -3.359772573450729846e-04 -3.788240653103227325e-04 -4.091853451025902286e-04 -4.286047770182142207e-04 -4.380726572870976502e-04 -4.380726572870976502e-04
1.093704741601182473e+00 1.093704741601182473e+00 1.049300195992654228e+00 9.677320595958365246e-01 8.614000481777874807e-01 7.443954153134277885e-01 6.289458424572531570e-01 5.233109108806993648e-01 4.315281880804095471e-01 3.543974464145956405e-01 2.908153522527185952e-01 2.388724819709996394e-01 1.965335600885173561e-01 1.619652263972083395e-01 1.336430801195252482e-01 1.103482171961290420e-01 9.112139428934967755e-02 7.520919668290383664e-02 6.201624329493283377e-02 5.106725125911026203e-02 4.197849109325703376e-02 3.443681023680988940e-02 2.818430250138886234e-02 2.300702830673386282e-02 1.872659061888306761e-02 1.519371753265360593e-02 1.228326538124482892e-02 9.890243348922182764e-03 7.926589043835932658e-03 6.318510579349321393e-03 5.004267943580800911e-03 3.932304081826869246e-03 3.059660976621731039e-03 2.350632502725945143e-03 1.775616915306362214e-03 1.310139429067621155e-03 9.340206835310491769e-04 6.306708229871194841e-04 3.864918996596365393e-04 1.903736912014562072e-04 3.326998498317306429e-05 -9.215591643577477525e-05 -1.918262677177159730e-04 -2.704929611729740011e-04 -3.319379158689479323e-04 -3.791359473156174511e-04 -4.143853349797876938e-04 -4.394103859812233787e-04 -4.554394869429140248e-04 -4.632613338918225784e-04 -4.632613338918225784e-04
1.767413610640015786e+00 1.767413610640015786e+00 1.665961210825372296e+00 1.484048482582591255e+00 1.256585917725139723e+00 1.020763973931140489e+00 8.047635153084254922e-01 6.232488662045964078e-01 4.793017973342938998e-01 3.691017227465296924e-01 2.861761557051946681e-01 2.239999202576424819e-01 1.771136762116323760e-01 1.413572025578475055e-01 1.137129652334368940e-01 9.204268581494258472e-02 7.484034667753439174e-02 6.103908427304128442e-02 4.987260929162940643e-02 4.078011436500811326e-02 3.334247315668099898e-02 2.723978774295027563e-02 2.222309149557558788e-02 1.809530866364618060e-02 1.469824197138405383e-02 1.190349752685539858e-02 9.606004226747108521e-03 7.719266653705787219e-03 6.171797601859593113e-03 4.904371308448646216e-03 3.867862269779879115e-03 3.021513224443067840e-03 2.331526372481967143e-03 1.769904369449116577e-03 1.313488944850197456e-03 9.431589337497381592e-04 6.431590477554679011e-04 4.005371342327920000e-04 2.046723158168178825e-04 4.687971742018996952e-05 -7.991998536004432348e-05 -1.814760178027238627e-04 -2.624361963924686457e-04 -3.265358195196151774e-04 -3.767525884159556092e-04 -4.154325004359482446e-04 -4.443907663909641651e-04 -4.649911114615018601e-04 -4.782061441447069215e-04 -4.846608693230983005e-04 -4.846608693230983005e-04
3.652684066719599887e+00 3.652684066719599887e+00 3.372098220872071561e+00 2.881176732021900833e+00 2.294319895722363167e+00 1.725766359395905614e+00 1.247125075152113904e+00 8.811694829540213103e-01 6.184660580045153733e-01 4.366744127119063790e-01 3.128601454508534996e-01 2.285387257256519811e-01 1.704551591240486830e-01 1.296813052442183922e-01 1.003947343885253918e-01 7.884783945547563233e-02 6.262819665090253729e-02 5.016769472731058555e-02 4.042969645614238189e-02 3.271364008946547886e-02 2.653392560348361018e-02 2.154479075099318894e-02 1.749339364238509595e-02 1.419016702338972251e-02 1.148978823569862286e-02 9.278724783333937992e-03 7.466898300115600365e-03 5.981964350966014268e-03 4.765281857345629070e-03 3.768995515320078954e-03 2.953867768795877865e-03 2.287628157386543352e-03 1.743689148197913015e-03 1.300128688655147018e-03 9.388720305641665327e-04 6.450261411843240386e-04 4.063336171831973312e-04 2.127219509964915962e-04 5.593009683743246994e-05 -7.080152082106566593e-05 -1.729884226831091671e-04 -2.551156000259183687e-04 -3.208141958659385348e-04 -3.730071077735807651e-04 -4.140282563947923745e-04 -4.457194196406644680e-04 -4.695078638227041519e-04 -4.864673337398208028e-04 -4.973645060479937961e-04 -5.026924823443430735e-04 -5.026924823443430735e-04
9.146239643353521132e+00 9.146239643353521132e+00 8.254373389062054756e+00 6.726915122569923078e+00 4.985151666914545032e+00 3.430687626493617692e+00 2.247401319368153239e+00 1.434679368903108321e+00 9.104219968068600899e-01 5.832777463856581024e-01 3.814592842324476263e-01 2.564104205006678128e-01 1.776960703600913571e-01 1.269556471011624998e-01 9.328984825862739194e-02 7.024243379642941543e-02 5.396115278970613216e-02 4.211500262787607612e-02 3.326612830124116293e-02 2.650667044241030237e-02 2.124799560370970244e-02 1.709731508584016665e-02 1.378459113955039089e-02 1.111859755995229550e-02 8.960055674870147369e-03 7.204893605076825858e-03 5.773590208464880226e-03 4.604232295739924506e-03 3.647876030185769232e-03 2.865364542750417978e-03 2.225084483771700653e-03 1.701341429447918944e-03 1.273152971734556153e-03 9.233309132565133658e-04 6.377688880443152042e-04 4.048798200180558156e-04 2.151454495589155940e-04 6.075170721234713028e-05 -6.470880390530768349e-05 -1.664808759330160262e-04 -2.488475833063105453e-04 -3.152958307471170354e-04 -3.686526908356218559e-04 -4.111974047506843847e-04 -4.447529327839708593e-04 -4.707601983142301895e-04 -4.903375662477113496e-04 -5.043275695354761242e-04 -5.133325029764293024e-04 -5.177400846059000174e-04 -5.177400846059000174e-04
2.657322883205319997e+01 2.657322883205319997e+01 2.344279213095210679e+01 1.810521093355541211e+01 1.225378596663075470e+01 7.563862166742199911e+00 4.428390641185859344e+00 2.535613989512233601e+00 1.452045777042275665e+00 8.447700341173021155e-01 5.046322887907309651e-01 3.116570312244842378e-01 1.997570778355880761e-01 1.330233590690984846e-01 9.191497556544772629e-02 6.568669414203749668e-02 4.833487892486841575e-02 3.643862008727720425e-02 2.800451479111891462e-02 2.184192340412246039e-02 1.722037661933428776e-02 1.367870425314938153e-02 1.091686280532650627e-02 8.733520848150055221e-03 6.989365442865397120e-03 5.585103112619321103e-03 4.447995717541767050e-03 3.523437699442290034e-03 2.769562966761927175e-03 2.153705315027917063e-03 1.650014328752294045e-03 1.237806146024353132e-03 9.003916425352124879e-04 6.242219373345141500e-04 3.982500098873218678e-04 2.134432496743420287e-04 6.240413397641573036e-05 -6.092957849326774628e-05 -1.615248258867146153e-04 -2.434471476618983764e-04 -3.100184162071345788e-04 -3.639456872652723201e-04 -4.074266259785853852e-04 -4.422357192533034787e-04 -4.697945264064605172e-04 -4.912285368841253939e-04 -5.074126714888213064e-04 -5.190069969118415137e-04 -5.264839311714760882e-04 -5.301478635603309010e-04 -5.301478635603309010e-04
8.739771125456648804e+01 8.739771125456648804e+01 7.597097760632763652e+01 5.559621323185244535e+01 3.316801323197747564e+01 1.771973367499465013e+01 9.055703385551563400e+00 4.600099637810766140e+00 2.374294853467048938e+00 1.260572657836586785e+00 6.932451256091604064e-01 3.965281367426454207e-01 2.364654851805222113e-01 1.471604213187378274e-01 9.552481500280725346e-02 6.453939635715034984e-02 4.522319268217082217e-02 3.271132346578336375e-02 2.429788515081392902e-02 1.843694346448464944e-02 1.422078111465183148e-02 1.110119405933790611e-02 8.737313856587634181e-03 6.910722600657447610e-03 5.477104652186281543e-03 4.338134596664336429e-03 3.424790091356853111e-03 2.687235861996126879e-03 2.088556525118885100e-03 1.600784738628496968e-03 1.202323311792059335e-03 8.762298049346612045e-04 6.090452056421069744e-04 3.899729735917969032e-04 2.102886153808441452e-04 6.290455633781874231e-05 -5.795790070569576541e-05 -1.570208036715658312e-04 -2.381468292918442406e-04 -3.044957060100551643e-04 -3.586495588251097772e-04 -4.027141272832629026e-04 -4.384008551549110531e-04 -4.670935915690617164e-04 -4.899027033110818583e-04 -5.077087324347654513e-04 -5.211972663196553926e-04 -5.308862766275852579e-04 -5.371469358748234488e-04 -5.402186170114845181e-04 -5.402186170114845181e-04
3.283954713303503468e+02 3.283954713303503468e+02 2.867432441225219577e+02 2.018792348871486979e+02 9.788542016136342738e+01 4.260725472186532414e+01 1.840262923284808494e+01 8.187158125568451794e+00 3.805535991390164074e+00 1.855424682377030399e+00 9.489487571263274246e-01 5.086509221043808981e-01 2.854964762192623295e-01 1.676786858659368440e-01 1.029605811402276722e-01 6.599767710908575891e-02 4.405215225929177969e-02 3.050822885813162313e-02 2.182206252955567333e-02 1.603873796821081790e-02 1.204874369935027625e-02 9.204465940371785865e-03 7.117105895093563811e-03 5.546469510055655749e-03 4.339763477794818421e-03 3.396853434238663282e-03 2.650122031277357421e-03 2.052546872953873395e-03 1.570496147042832556e-03 1.179282347343678589e-03 8.603577743477840980e-04 5.995049078362593448e-04 3.856406412719756531e-04 2.100063996415859051e-04 6.560560602448870903e-05 -5.319701338113680096e-05 -1.509678753187411611e-04 -2.314228887278860236e-04 -2.975938482590679353e-04 -3.519574971764117123e-04 -3.965370831354241921e-04 -4.329831789527971452e-04 -4.626385009184311625e-04 -4.865901364437348522e-04 -5.057116392910044082e-04 -5.206968588682875420e-04 -5.320868667029524362e-04 -5.402910461614760440e-04 -5.456031134502671662e-04 -5.482126675799333521e-04 -5.482126675799333521e-04
1.649033333498430011e+03 1.649033333498430011e+03 1.500430061564420839e+03 1.073178949729034230e+03 3.171624060297895653e+02 1.004635467335092613e+02 3.544406150751583340e+01 1.372269080191109580e+01 5.770491357153863632e+00 2.607752014505273053e+00 1.254709032913190914e+00 6.382411878424482099e-01 3.415684273372810442e-01 1.917051296159117124e-01 1.125967219216875148e-01 6.908834102424059320e-02 4.420087743685693210e-02 2.940805135536759402e-02 2.027567651028431769e-02 1.442271726466707628e-02 1.053195780776124829e-02 7.853760850146272385e-03 5.949590311720000767e-03 4.555794913481380978e-03 3.509433070774997578e-03 2.706935107917338851e-03 2.080558924135054218e-03 1.584698790301600256e-03 1.187761646246707475e-03 8.672496558992194354e-04 6.067228863685481888e-04 3.938839585438963660e-04 2.193438442975354126e-04 7.580839938736365195e-05 -4.247057107702525980e-05 -1.400748460263490894e-04 -2.206886565393840279e-04 -2.872938006215939666e-04 -3.423144326459512127e-04 -3.877267712659359582e-04 -4.251436922562444663e-04 -4.558809371120947705e-04 -4.810095051069145891e-04 -5.013974289639656912e-04 -5.177431916052350211e-04 -5.306024169204458935e-04 -5.404090478760559257e-04 -5.474918734912742049e-04 -5.520870720206731046e-04 -5.543472402825050036e-04 -5.543472402825050036e-04
0.000000000000000000e+00 0.000000000000000000e+00 0.000000000000000000e+00 0.000000000000000000e+00 1.086725929259761642e+03 2.101909545525006422e+02 6.047611246563018028e+01 2.076428158595464524e+01 8.039026759280400114e+00 3.418898056767274429e+00 1.568917160094844609e+00 7.672660415779950505e-01 3.965172625268144624e-01 2.153408524871001373e-01 1.224522385346994147e-01 7.273212731270524423e-02 4.503578726700090823e-02 2.901030474306569990e-02 1.938815499881006016e-02 1.339585756131157421e-02 9.526988733157399497e-03 6.939418187303327511e-03 5.149349270012508126e-03 3.871393172419675642e-03 2.932728520894092080e-03 2.225896636581040696e-03 1.682255630947940717e-03 1.256736101959416438e-03 9.189107119832501305e-04 6.476605914817654651e-04 4.279285199606985748e-04 2.487039880123090860e-04 1.017477688803331812e-04 -1.923226676876228753e-05 -1.191253702175794344e-04 -2.017855203136370177e-04 -2.702855938314187084e-04 -3.270973486652797965e-04 -3.742218503283593141e-04 -4.132861335637800582e-04 -4.456162809421734122e-04 -4.722936455804105675e-04 -4.941987261251831482e-04 -5.120457552206600241e-04 -5.264101245652326368e-04 -5.377501617109261504e-04 -5.464243079989529461e-04 -1.602176633999999922e+02 -1.602176633999999922e+02 -1.602176633999999922e+02 -1.602176633999999922e+02
0.000000000000000000e+00 0.000000000000000000e+00 0.000000000000000000e+00 0.000000000000000000e+00 1.525740766210386255e+03 3.007848700841799428e+02 8.345124025393069189e+01 2.726880651192174909e+01 1.006730914513974362e+01 4.117189527142304684e+00 1.830942054864209467e+00 8.723953233709038635e-01 4.406776609433630254e-01 2.342931704227529111e-01 1.304818865519971893e-01 7.587979732891275697e-02 4.597499258508890713e-02 2.896587706503931173e-02 1.893403875199706904e-02 1.280308537247999701e-02 8.921774141287650353e-03 6.377497622260627774e-03 4.651947202225838532e-03 3.443010546756919074e-03 2.570074293396713491e-03 1.922399854902257692e-03 1.430330057670075152e-03 1.048886399408386315e-03 7.482374787628674707e-04 5.080543002835860534e-04 3.141052177743039226e-04 1.561639189716223120e-04 2.670004924879127201e-05 -7.995623390262031338e-05 -1.681581271496905008e-04 -2.413037892988326497e-04 -3.020821800351745521e-04 -3.526440709072830768e-04 -3.947237818585611112e-04 -4.297278485605747532e-04 -4.588009921997952909e-04 -4.828761493867103887e-04 -5.027130466218914700e-04 -5.189282973990467845e-04 -5.320190882659402414e-04 -5.423818614134973733e-04 -5.503270020054790938e-04 -1.602176633999999922e+02 -1.602176633999999922e+02 -1.602176633999999922e+02 -1.602176633999999922e+02
0.000000000000000000e+00 0.000000000000000000e+00 0.000000000000000000e+00 0.000000000000000000e+00 1.678885185793196797e+03 3.455275509430729244e+02 9.641830585693462297e+01 3.110973489039695394e+01 1.126425620232227054e+01 4.522815430767065159e+00 1.980598514422256873e+00 9.316314835019955387e-01 4.653420830899308025e-01 2.448488172287514308e-01 1.349821731694419158e-01 7.768898183178288286e-02 4.656797069893663099e-02 2.901374138962897406e-02 1.875001666953556370e-02 1.253505084903793268e-02 8.638959319104081575e-03 6.110979216570831471e-03 4.414121665103504406e-03 3.237185650800076652e-03 2.395272539637670860e-03 1.775783949091697556e-03 1.308423553320761353e-03 9.481747898162303000e-04 6.654480757976682882e-04 4.402696333547447037e-04 2.587913114685813100e-04 1.111566166238519453e-04 -9.827715110385779371e-06 -1.095340855093613496e-04 -1.920585826351677830e-04 -2.605802110658365770e-04 -3.176030136889417595e-04 -3.651229274695148765e-04 -4.047454492058316319e-04 -4.377705125217907188e-04 -4.652550763936733730e-04 -4.880601982522741480e-04 -5.068870652379638218e-04 -5.223049416336683019e-04 -5.347730511895284165e-04 -5.446577834295209496e-04 -5.522461703492743436e-04 -1.602176633999999922e+02 -1.602176633999999922e+02 -1.602176633999999922e+02 -1.602176633999999922e+02
0.000000000000000000e+00 0.000000000000000000e+00 0.000000000000000000e+00 0.000000000000000000e+00 1.678885185793196797e+03 3.455275509430729244e+02 9.641830585693462297e+01 3.110973489039695394e+01 1.126425620232227054e+01 4.522815430767065159e+00 1.980598514422256873e+00 9.316314835019955387e-01 4.653420830899308025e-01 2.448488172287514308e-01 1.349821731694419158e-01 7.768898183178288286e-02 4.656797069893663099e-02 2.901374138962897406e-02 1.875001666953556370e-02 1.253505084903793268e-02 8.638959319104081575e-03 6.110979216570831471e-03 4.414121665103504406e-03 3.237185650800076652e-03 2.395272539637670860e-03 1.775783949091697556e-03 1.308423553320761353e-03 9.481747898162303000e-04 6.654480757976682882e-04 4.402696333547447037e-04 2.587913114685813100e-04 1.111566166238519453e-04 -9.827715110385779371e-06 -1.095340855093613496e-04 -1.920585826351677830e-04 -2.605802110658365770e-04 -3.176030136889417595e-04 -3.651229274695148765e-04 -4.047454492058316319e-04 -4.377705125217907188e-04 -4.652550763936733730e-04 -4.880601982522741480e-04 -5.068870652379638218e-04 -5.223049416336683019e-04 -5.347730511895284165e-04 -5.446577834295209496e-04 -5.522461703492743436e-04 -1.602176633999999922e+02 -1.602176633999999922e+02 -1.602176633999999922e+02 -1.602176633999999922e+02
