-50	-0.0000000141756	-0.00000002	-93.3198	1.07186581	0.380796235	-0.691069575	6.38533681648479E-09	-2059698083275.86	-1.93495055044994E-02	0
-50.5	0.000000000805855	0	0	0.738028648	0.423320636	-0.314708012	0	-2080295064108.62	0	0
-51	0.000000000389087	0	0	2.33777221	1.2539953	-1.08377691	0	-2100892044941.38	0	0
-51.5	-0.000000000413477	0	0	3.56083734	2.64040845	-0.92042889	0	-2121489025774.13	0	0
-52	-0.000000000653231	0	0	4.21870482	4.21414337	-4.56144999999974E-03	0	-2142086006606.89	0	0
-52.5	-0.000000000723159	0	0	4.67067884	5.41947692	0.74879808	0	-2162682987439.65	0	0
-53	-0.000000000742209	0	0	4.92782131	5.83533738	0.907516070000001	0	-2183279968272.41	0	0
-53.5	-0.000000000778341	0	0	5.04933076	6.0253948	0.97606404	0	-2203876949105.17	0	0
-54	-0.000000000764811	0	0	5.12010722	6.14196353	1.02185631	0	-2224473929937.93	0	0
-54.5	-0.000000000755334	0	0	5.17569426	6.23353531	1.05784105	0	-2245070910770.69	0	0
-55	-0.000000000745976	0	0	5.22986262	6.3192035	1.08934088	0	-2265667891603.45	0	0
-55.5	-0.000000000714672	0	0	5.2859938	6.40539061	1.11939681	0	-2286264872436.2	0	0
-56	-0.000000000717318	0	0	5.34471267	6.4943283	1.14961563	0	-2306861853268.96	0	0
-56.5	-0.000000000691342	0	0	5.40860435	6.58811634	1.17951199	0	-2327458834101.72	0	0
-57	-0.000000000673938	0	0	5.47290027	6.68224233	1.20934206	0	-2348055814934.48	0	0
-57.5	-0.000000000661516	0	0	5.53886784	6.77821897	1.23935113	0	-2368652795767.24	0	0
-58	-0.000000000670397	0	0	5.60238647	6.87263784	1.27025137	0	-2389249776600	0	0
-58.5	-0.000000000639451	0	0	5.67119843	6.97140848	1.30021005	0	-2409846757432.76	0	0
-59	-0.000000000707746	0	0	5.74327234	7.07140816	1.32813582	0	-2430443738265.51	0	0
-59.5	-0.000000000635815	0	0	5.82186025	7.17592756	1.35406731	0	-2451040719098.27	0	0
-60	-0.00000000062803	0	0	5.90088197	7.27902164	1.37813967	0	-2471637699931.03	0	0
-60.5	-0.000000000719488	-0.00000002	-99.5682	6.00131706	7.40287182	1.40155476	-3.14844066456597E-09	-2492234680763.79	7.88490023682938E-03	0
-61	-0.00000000108762	-0.00000002	-96.0983	6.05716408	7.44535839	1.38819431	-3.17874231886169E-09	-2512831661596.55	7.89553482081889E-03	0
-61.5	-0.00000000139833	-0.00000002	-87.1383	6.01602543	7.38000807	1.36398264	-3.23516727456297E-09	-2533428642429.31	7.97035544361411E-03	0
-62	-0.00000000178517	-0.00000002	-72.5564	5.89770917	7.24495463	1.34724546	-3.27535859723736E-09	-2554025623262.07	8.00429764720762E-03	0
-62.5	-0.00000000213778	-0.00000002	-52.3283	5.74464991	7.0934603	1.34881039	-3.27155842860908E-09	-2574622604094.82	7.93105073602201E-03	0
-63	-0.00000000276856	-0.00000002	-29.682	5.62988368	6.99149781	1.36161413	-3.24079480579421E-09	-2595219584927.58	7.79411930205437E-03	0
-63.5	-0.00000000229039	-0.00000002	-18.2371	5.47966137	6.80302343	1.32336206	-3.33447068899648E-09	-2615816565760.34	7.9562650656084E-03	0
-64	-0.00000000131474	-0.00000002	-15.6737	5.18618938	6.36275276	1.17656338	-3.75050938607319E-09	-2636413546593.1	8.87904684202934E-03	0
-64.5	-0.00000000113108	-0.00000002	-14.5582	4.85832536	5.85853653	1.00021117	-4.41178036434046E-09	-2657010527425.86	1.03635902380561E-02	0
-65	-0.00000000107312	-0.00000002	-13.7645	4.60300504	5.53598925	0.93298421	-4.72967489985709E-09	-2677607508258.62	1.10248832164501E-02	0
-65.5	-0.00000000104504	-0.00000002	-13.102	4.44119877	5.33083422	0.88963545	-4.96013507555258E-09	-2698204489091.38	1.14738262214957E-02	0
-66	-0.00000000103282	-0.00000002	-12.5113	4.30852547	5.15813026	0.84960479	-5.19384077389677E-09	-2718801469924.13	1.19234177545839E-02	0
-66.5	-0.0000000010026	-0.00000002	-11.9601	4.1880597	5.00113253	0.813072829999999	-5.42720385823248E-09	-2739398450756.89	1.23654678929881E-02	0
-67	-0.00000000102189	-0.00000002	-11.4859	4.07627918	4.85565467	0.77937549	-5.66185626391716E-09	-2759995431589.65	1.28038359654391E-02	0
-67.5	-0.00000000101321	-0.00000002	-11.0407	3.9688957	4.71651798	0.74762228	-5.90232811146292E-09	-2780592412422.41	1.32487724163028E-02	0
-68	-0.000000000985754	-0.00000002	-10.6673	3.86618441	4.58482999	0.71864558	-6.14031745662444E-09	-2801189393255.17	1.36816342616409E-02	0
-68.5	-0.00000000100201	-0.00000002	-10.3038	3.76935456	4.46267805	0.69332349	-6.36457882019835E-09	-2821786374087.93	1.40778120331748E-02	0
-69	-0.000000000966954	-0.00000002	-9.97532	3.679494	4.34858787	0.66909387	-6.59505668464725E-09	-2842383354920.69	1.44818987365991E-02	0
-69.5	-0.000000000955689	-0.00000002	-9.66884	3.59277143	4.24015358	0.64738215	-6.81623983608445E-09	-2862980335753.44	1.48599080795388E-02	0
-70	-0.000000000991285	-0.00000002	-9.38743	3.51149393	4.13802455	0.62653062	-7.04309072715393E-09	-2883577316586.2	1.52447851237098E-02	0
-70.5	-0.000000000979972	-0.00000002	-9.10838	3.43277968	4.03951746	0.60673778	-7.27284857718931E-09	-2904174297418.96	1.56304504130439E-02	0
-71	-0.000000000954592	-0.00000002	-8.86688	3.35538129	3.94411482	0.58873353	-7.49526190567064E-09	-2924771278251.72	1.59950104687807E-02	0
-71.5	-0.000000000939143	-0.00000002	-8.6338	3.2821722	3.85503203	0.57285983	-7.70295239587667E-09	-2945368259084.48	0.016323272718535	0
-72	-0.000000000955796	-0.00000002	-8.42293	3.21619603	3.772743	0.55654697	-7.92873241228858E-09	-2965965239917.24	1.66850429551527E-02	0
-72.5	-0.000000000970018	-0.00000002	-8.21458	3.15253354	3.69396812	0.54143458	-8.15003725842557E-09	-2986562220750	1.70324707595101E-02	0
-73	-0.000000000991511	-0.00000002	-8.01946	3.09232454	3.61878011	0.52645557	-8.3819267027605E-09	-3007159201582.75	1.73971081418856E-02	0
-73.5	-0.000000000971985	-0.00000002	-7.82783	3.03353077	3.54694612	0.51341535	-8.59481899012174E-09	-3027756182415.51	0.017717623150117	0
-74	-0.000000000968111	-0.00000002	-7.64541	2.97705766	3.47780786	0.5007502	-8.81220217186134E-09	-3048353163248.27	1.80430019898881E-02	0
-74.5	-0.000000000978506	-0.00000002	-7.47694	2.92226264	3.41130455	0.48904191	-9.02317758410521E-09	-3068950144081.03	0.018350981460454	0
-75	-0.000000000991297	-0.00000002	-7.31867	2.86864773	3.34603144	0.47738371	-9.24353283860482E-09	-3089547124913.79	1.86738037143532E-02	0
