-50	-0.0000000146511	-0.00000002	-92.2874	0.929420789	0.380756397	-0.548664392	8.04264330680311E-09	-2059698083275.86	-2.43716463842519E-02	0
-50.5	0.000000000713634	0	0	0.654829202	0.426169327	-0.228659875	0	-2080295064108.62	0	0
-51	0.000000000336409	0	0	1.89827475	1.18609817	-0.71217658	0	-2100892044941.38	0	0
-51.5	-0.000000000504374	0	0	2.8609626	2.36328504	-0.49767756	0	-2121489025774.13	0	0
-52	-0.000000000683117	0	0	3.33629256	3.65043527	0.31414271	0	-2142086006606.89	0	0
-52.5	-0.000000000730538	0	0	3.68098665	4.55377032	0.87278367	0	-2162682987439.65	0	0
-53	-0.000000000706673	0	0	3.84915063	4.79514603	0.9459954	0	-2183279968272.41	0	0
-53.5	-0.000000000714445	0	0	3.91668614	4.89738336	0.98069722	0	-2203876949105.17	0	0
-54	-0.000000000669098	0	0	3.95941968	4.96684268	1.007423	0	-2224473929937.93	0	0
-54.5	-0.000000000680077	0	0	4.00105296	5.03131748	1.03026452	0	-2245070910770.69	0	0
-55	-0.000000000661826	0	0	4.04507709	5.09724864	1.05217155	0	-2265667891603.45	0	0
-55.5	-0.000000000640166	0	0	4.09208723	5.16427268	1.07218545	0	-2286264872436.2	0	0
-56	-0.000000000618255	0	0	4.14207058	5.23454294	1.09247236	0	-2306861853268.96	0	0
-56.5	-0.000000000594628	0	0	4.1955666	5.30859362	1.11302702	0	-2327458834101.72	0	0
-57	-0.000000000592434	0	0	4.25124135	5.38434259	1.13310124	0	-2348055814934.48	0	0
-57.5	-0.000000000588822	-0.00000002	-99.9964	4.32950907	5.48652003	1.15701096	-3.8138895417205E-09	-2368652795767.24	1.00497748134928E-02	0
-58	-0.000000000588977	-0.00000002	-99.5879	4.40360916	5.55943565	1.15582649	-3.81779794647205E-09	-2389249776600	9.97334886748185E-03	0
-58.5	-0.00000000110592	-0.00000002	-95.4229	4.42760875	5.56564916	1.13804041	-3.87746512445898E-09	-2409846757432.76	1.00426447149935E-02	0
-59	-0.00000000163959	-0.00000002	-83.4405	4.3671593	5.47813764	1.11097834	-3.9719154200612E-09	-2430443738265.51	1.02000909606092E-02	0
-59.5	-0.00000000216351	-0.00000002	-63.408	4.22438607	5.31503976	1.09065369	-4.04593322377152E-09	-2451040719098.27	1.03028602591584E-02	0
-60	-0.00000000280367	-0.00000002	-36.2046	4.06117999	5.15580869	1.0946287	-4.03124091301462E-09	-2471637699931.03	1.01799012954915E-02	0
-60.5	-0.00000000327023	-0.00000002	-13.9241	3.90443337	4.92987483	1.02544146	-4.30323150772546E-09	-2492234680763.79	1.07769384115338E-02	0
-61	-0.0000000014735	-0.00000002	-10.4358	3.65012256	4.51136993	0.86124737	-5.12362899871613E-09	-2512831661596.55	0.0127263512139	0
-61.5	-0.00000000118459	-0.00000002	-9.47289	3.34708791	4.03677769	0.68968978	-6.39811133637503E-09	-2533428642429.31	1.57627773746613E-02	0
-62	-0.00000000112296	-0.00000002	-8.78368	3.09583019	3.72811986	0.63228967	-6.9789405226247E-09	-2554025623262.07	1.70550843661405E-02	0
-62.5	-0.00000000109756	-0.00000002	-8.19551	2.94575158	3.53459859	0.58884701	-7.49381745183694E-09	-2574622604094.82	1.81668301862714E-02	0
-63	-0.00000000107765	-0.00000002	-7.69741	2.82047906	3.36897066	0.5484916	-8.04517699086002E-09	-2595219584927.58	1.93486700116884E-02	0
-63.5	-0.00000000106536	-0.00000002	-7.26148	2.70528774	3.21769277	0.51240503	-8.61176557927232E-09	-2615816565760.34	2.05482356938018E-02	0
-64	-0.0000000010512	-0.00000002	-6.87997	2.5997954	3.08049147	0.48069607	-9.17983789632397E-09	-2636413546593.1	2.17325707772821E-02	0
-64.5	-0.00000000104508	-0.00000002	-6.5365	2.50240348	2.95420426	0.45180078	-9.76694196942289E-09	-2657010527425.86	2.29432510439814E-02	0
-65	-0.00000000103107	-0.00000002	-6.22896	2.41136845	2.83743012	0.42606167	-1.03569795424216E-08	-2677607508258.62	2.41421434555283E-02	0
-65.5	-0.00000000100209	-0.00000002	-5.9542	2.32653785	2.72984504	0.40330719	-1.09413174607673E-08	-2698204489091.38	2.53095476770005E-02	0
-66	-0.00000000101093	-0.00000002	-5.70363	2.24824822	2.6310865	0.38283828	-1.15263081842286E-08	-2718801469924.13	2.64607625900565E-02	0
-66.5	-0.000000000990844	-0.00000002	-5.47426	2.17482119	2.53922002	0.36439883	-1.21095668721E-08	-2739398450756.89	2.75907196903623E-02	0
-67	-0.000000000994802	-0.00000002	-5.26705	2.10616447	2.45336989	0.34720542	-1.27092255645088E-08	-2759995431589.65	2.87408990603997E-02	0
-67.5	-0.000000000984967	-0.00000002	-5.0719	2.04103775	2.37318902	0.33215127	-1.32852480136535E-08	-2780592412422.41	2.98209831956309E-02	0
-68	-0.000000000972605	-0.00000002	-4.88888	1.98028917	2.2977762	0.31748703	-1.38988732862568E-08	-2801189393255.17	3.09689689978983E-02	0
-68.5	-0.000000000985467	-0.00000002	-4.72553	1.92286965	2.22685786	0.30398821	-1.45160629749424E-08	-2821786374087.93	3.21080800153558E-02	0
-69	-0.000000000971293	-0.00000002	-4.56976	1.86851343	2.16040515	0.29189172	-1.51176333470507E-08	-2842383354920.69	3.31963841612884E-02	0
-69.5	-0.00000000095737	-0.00000002	-4.42776	1.81810342	2.09879259	0.28068917	-1.57209913015169E-08	-2862980335753.44	3.42729263168016E-02	0
-70	-0.000000000945663	-0.00000002	-4.28964	1.7709721	2.04154326	0.27057116	-1.63088778567531E-08	-2883577316586.2	3.53006014215435E-02	0
-70.5	-0.000000000959373	-0.00000002	-4.16145	1.72608062	1.98688605	0.26080543	-1.69195557009683E-08	-2904174297418.96	3.63626814978903E-02	0
-71	-0.000000000957823	-0.00000002	-4.04758	1.68322561	1.93451755	0.25129194	-1.75601016093075E-08	-2924771278251.72	3.74735416331786E-02	0
-71.5	-0.000000000982523	-0.00000002	-3.93461	1.64199171	1.88488437	0.24289266	-1.81673336691195E-08	-2945368259084.48	3.84982701189225E-02	0
-72	-0.000000000973237	-0.00000002	-3.83079	1.60379927	1.83896352	0.23516425	-1.87643827665132E-08	-2965965239917.24	3.94873374716187E-02	0
-72.5	-0.000000000955856	-0.00000002	-3.73411	1.56828518	1.79614121	0.22785603	-1.93662287541831E-08	-2986562220750	4.04727873650639E-02	0
-73	-0.000000000982225	-0.00000002	-3.64196	1.53458457	1.7551293	0.22054473	-2.00082405052254E-08	-3007159201582.75	4.15281039959017E-02	0
-73.5	-0.000000000986636	-0.00000002	-3.55237	1.50110017	1.71518727	0.2140871	-2.06117603536131E-08	-3027756182415.51	4.24897141900909E-02	0
-74	-0.00000000100487	-0.00000002	-3.46751	1.46973624	1.67822157	0.20848533	-2.11655755347391E-08	-3048353163248.27	4.33365592439375E-02	0
-74.5	-0.00000000101852	-0.00000002	-3.38767	1.44028627	1.64289855	0.20261228	-2.17790945346452E-08	-3068950144081.03	4.42934605138198E-02	0
-75	-0.00000000104785	-0.00000002	-3.31572	1.41251607	1.60963922	0.19712315	-2.23855594840078E-08	-3089547124913.79	4.52233524929451E-02	0
