0	0.00000000007790	0.0000000	0.00000	0.4294836	0.01807817	-0.41140540	-0.00000000000000E+00	0.00	nan	0
-0.5	0.00000000002164	0.0000000	0.00000	0.0324432	0.12100276	0.08855955	0.00000000000000E+00	-20596980125.70	-0.0000000000000	0
-1	0.00000000001408	0.0000000	0.00000	0.1820485	0.25301583	0.07096733	0.00000000000000E+00	-41193960251.40	-0.0000000000000	0
-1.5	0.00000000000699	0.0000000	0.00000	0.0304194	0.55557024	0.52515081	0.00000000000000E+00	-61790940377.10	-0.0000000000000	0
-2	-0.00000000002420	0.0000000	0.00000	0.1717653	0.70792881	0.53616351	0.00000000000000E+00	-82387920502.80	-0.0000000000000	0
-2.5	-0.00000000039169	0.0000000	0.00000	0.0560306	0.82925564	0.77322504	0.00000000000000E+00	-102984900628.50	-0.0000000000000	0
-3	-0.00000000035067	0.0000000	0.00000	0.1832580	0.74704958	0.56379158	0.00000000000000E+00	-123581880754.20	-0.0000000000000	0
-3.5	-0.00000000040145	0.0000000	0.00000	0.3864382	0.61872053	0.23228238	0.00000000000000E+00	-144178860879.89	-0.0000000000000	0
-4	-0.00000000038322	0.0000000	0.00000	0.5982103	0.56766910	-0.03054115	-0.00000000000000E+00	-164775841005.59	0.0000000000000	0
-4.5	-0.00000000052208	0.0000000	0.00000	0.6835148	0.03935974	-0.64415504	-0.00000000000000E+00	-185372821131.29	0.0000000000000	0
-5	0.00000000008833	0.0000000	0.00000	0.4070612	0.44870417	0.04164293	0.00000000000000E+00	-205969801256.99	-0.0000000000000	0
-5.5	-0.00000000013710	0.0000000	0.00000	0.3323030	0.55691398	0.22461099	0.00000000000000E+00	-226566781382.69	-0.0000000000000	0
-6	-0.00000000016147	0.0000000	0.00000	0.3798718	0.71920999	0.33933823	0.00000000000000E+00	-247163761508.39	-0.0000000000000	0
-6.5	-0.00000000032421	0.0000000	0.00000	0.3618908	0.46272158	0.10083077	0.00000000000000E+00	-267760741634.09	-0.0000000000000	0
-7	-0.00000000003481	0.0000000	0.00000	0.6724032	0.11597771	-0.55642546	-0.00000000000000E+00	-288357721759.79	0.0000000000000	0
-7.5	-0.00000000024457	0.0000000	0.00000	1.2416573	0.84874903	-0.39290823	-0.00000000000000E+00	-308954701885.49	0.0000000000000	0
-8	-0.00000000032752	0.0000000	0.00000	1.5448874	0.62056538	-0.92432200	-0.00000000000000E+00	-329551682011.19	0.0000000000000	0
-8.5	-0.00000000042361	0.0000000	0.00000	1.6375390	0.19596000	-1.44157900	-0.00000000000000E+00	-350148662136.89	0.0000000000000	0
-9	-0.00000000060657	0.0000000	0.00000	1.7726770	0.22529653	-1.54738046	-0.00000000000000E+00	-370745642262.59	0.0000000000000	0
-9.5	-0.00000000026255	0.0000000	0.00000	1.9008350	0.26238208	-1.63845288	-0.00000000000000E+00	-391342622388.29	0.0000000000000	0
-10	-0.00000000039717	0.0000000	0.00000	2.0348357	1.01207519	-1.02276052	-0.00000000000000E+00	-411939602513.99	0.0000000000000	0
-10.5	-0.00000000045734	0.0000000	0.00000	2.1740867	0.32212666	-1.85196000	-0.00000000000000E+00	-432536582639.68	0.0000000000000	0
-11	-0.00000000045558	0.0000000	0.00000	2.3694481	0.71308480	-1.65636332	-0.00000000000000E+00	-453133562765.38	0.0000000000000	0
-11.5	-0.00000000061640	0.0000000	0.00000	2.4930716	1.26530984	-1.22776178	-0.00000000000000E+00	-473730542891.08	0.0000000000000	0
-12	-0.00000000068425	0.0000000	0.00000	2.6178123	1.88311695	-0.73469536	-0.00000000000000E+00	-494327523016.78	0.0000000000000	0
-12.5	-0.00000000079062	0.0000000	0.00000	2.7795651	2.31851572	-0.46104942	-0.00000000000000E+00	-514924503142.48	0.0000000000000	0
-13	-0.00000000086765	0.0000000	0.00000	2.9268916	2.50481043	-0.42208113	-0.00000000000000E+00	-535521483268.18	0.0000000000000	0
-13.5	-0.00000000094616	0.0000000	0.00000	3.0747816	2.65525032	-0.41953126	-0.00000000000000E+00	-556118463393.88	0.0000000000000	0
-14	-0.00000000104139	0.0000000	0.00000	3.2233939	2.79435767	-0.42903624	-0.00000000000000E+00	-576715443519.58	0.0000000000000	0
-14.5	-0.00000000118544	0.0000000	0.00000	3.3727368	2.92961510	-0.44312167	-0.00000000000000E+00	-597312423645.28	0.0000000000000	0
-15	-0.00000000130333	0.0000000	0.00000	3.5229779	3.06308495	-0.45989293	-0.00000000000000E+00	-617909403770.98	0.0000000000000	0
-15.5	-0.00000000145299	0.0000000	0.00000	3.6734793	3.19590051	-0.47757878	-0.00000000000000E+00	-638506383896.68	0.0000000000000	0
-16	-0.00000000160366	0.0000000	0.00000	3.8249758	3.32918328	-0.49579253	-0.00000000000000E+00	-659103364022.38	0.0000000000000	0
-16.5	-0.00000000168138	0.0000000	0.00000	3.9768605	3.46279888	-0.51406164	-0.00000000000000E+00	-679700344148.08	0.0000000000000	0
-17	-0.00000000185508	0.0000000	0.00000	4.1296609	3.59756286	-0.53209800	-0.00000000000000E+00	-700297324273.77	0.0000000000000	0
-17.5	-0.00000000191002	0.0000000	0.00000	4.2824192	3.73185375	-0.55056547	-0.00000000000000E+00	-720894304399.47	0.0000000000000	0
-18	-0.00000000213387	0.0000000	0.00000	4.4356439	3.86625440	-0.56938951	-0.00000000000000E+00	-741491284525.17	0.0000000000000	0
-18.5	-0.00000000221031	0.0000000	0.00000	4.5891751	4.00085907	-0.58831599	-0.00000000000000E+00	-762088264650.87	0.0000000000000	0
-19	-0.00000000240438	0.0000000	0.00000	4.7426417	4.13575623	-0.60688551	-0.00000000000000E+00	-782685244776.57	0.0000000000000	0
-19.5	-0.00000000292124	0.0000000	0.00000	4.8983610	4.25990371	-0.63845730	-0.00000000000000E+00	-803282224902.27	0.0000000000000	0
-20	-0.00000000277992	0.0000000	0.00000	5.0543028	4.40117094	-0.65313189	-0.00000000000000E+00	-823879205027.97	0.0000000000000	0
-20.5	-0.00000000304981	0.0000000	0.00000	5.2089592	4.53985330	-0.66910589	-0.00000000000000E+00	-844476185153.67	0.0000000000000	0
-21	-0.00000000320003	0.0000000	0.00000	5.3626485	4.68316021	-0.67948826	-0.00000000000000E+00	-865073165279.37	0.0000000000000	0
-21.5	-0.00000000327177	0.0000000	0.00000	5.5134144	4.81734122	-0.69607314	-0.00000000000000E+00	-885670145405.07	0.0000000000000	0
-22	-0.00000000503701	-0.0000003	-42.00000	5.7023142	4.87181473	-0.83049947	7.96998466450078E-08	-906267125530.77	-0.5488970154615	0
-22.5	-0.00000001010220	-0.0000003	-16.38730	5.7949295	4.67256765	-1.12236187	5.89744555274241E-08	-926864105656.47	-0.3971343806561	0
-23	-0.00000000469512	-0.0000003	-15.17600	5.7193224	4.54047635	-1.17884608	5.61487041974824E-08	-947461085782.17	-0.3698860619070	0
-23.5	-0.00000000479639	-0.0000003	-14.30990	5.5393778	4.60452273	-0.93485510	7.08031440410359E-08	-968058065907.86	-0.4564999615799	0
-24	-0.00000000531338	-0.0000003	-13.61700	5.3839262	4.62893110	-0.75499511	8.76703432653429E-08	-988655046033.56	-0.5534743893014	0
-24.5	-0.00000000551518	-0.0000003	-13.04360	5.2450918	4.56256541	-0.68252635	9.69789365791798E-08	-1009252026159.26	-0.5997460518193	0
-25	-0.00000000612606	-0.0000003	-12.54790	5.1164052	4.47557357	-0.64083164	1.03288720400741E-07	-1029849006284.96	-0.6259922448530	0
-25.5	-0.00000000610489	-0.0000003	-12.10700	4.9958801	4.38440087	-0.61147922	1.08246817898090E-07	-1050445986410.66	-0.6431777652887	0
-26	-0.00000000663193	-0.0000003	-11.71190	4.8815055	4.29408348	-0.58742197	1.12679952207809E-07	-1071042966536.36	-0.6566430781341	0
-26.5	-0.00000000697986	-0.0000003	-11.35660	4.7732433	4.20636966	-0.56687363	1.16764437617364E-07	-1091639946662.06	-0.6676068474406	0
-27	-0.00000000775124	-0.0000003	-11.03180	4.6711702	4.12254114	-0.54862910	1.20647410360385E-07	-1112236926787.76	-0.6770337281728	0
-27.5	-0.00000000858834	-0.0000003	-10.73700	4.5748481	4.04314677	-0.53170136	1.24488453993000E-07	-1132833906913.46	-0.6858867988595	0
-28	-0.00000000865035	-0.0000003	-10.46260	4.4840361	3.96779306	-0.51624306	1.28216116184141E-07	-1153430887039.16	-0.6938101525116	0
-28.5	-0.00000000898125	-0.0000003	-10.20480	4.3981727	3.89619070	-0.50198198	1.31858678047262E-07	-1174027867164.86	-0.7010030730849	0
-29	-0.00000000977485	-0.0000003	-9.96703	4.3164233	3.82747712	-0.48894615	1.35374170844805E-07	-1194624847290.56	-0.7072840691996	0
-29.5	-0.00000001044890	-0.0000003	-9.74093	4.2382918	3.76191695	-0.47637482	1.38946640011476E-07	-1215221827416.26	-0.7136447869105	0
-30	-0.00000001083690	-0.0000003	-9.52556	4.1633764	3.69900884	-0.46436751	1.42539428258381E-07	-1235818807541.96	-0.7198961023151	0
-30.5	-0.00000001145270	-0.0000003	-9.32750	4.0913684	3.63869782	-0.45267062	1.46222612638062E-07	-1256415787667.65	-0.7263915183212	0
-31	-0.00000001262400	-0.0000003	-9.14323	4.0230347	3.58121072	-0.44182395	1.49812342002415E-07	-1277012767793.35	-0.7322206353979	0
-31.5	-0.00000001347240	-0.0000003	-8.96079	3.9577080	3.52607099	-0.43163706	1.53348001355416E-07	-1297609747919.05	-0.7376046241242	0
-32	-0.00000001348860	-0.0000003	-8.79331	3.8953632	3.47306776	-0.42229544	1.56740221046999E-07	-1318206728044.75	-0.7421411981392	0
-32.5	-0.00000001416590	-0.0000003	-8.63253	3.8356046	3.42226909	-0.41333556	1.60137880648011E-07	-1338803708170.45	-0.7465635461446	0
-33	-0.00000001461080	-0.0000003	-8.47903	3.7781223	3.37356525	-0.40455708	1.63612708851600E-07	-1359400688296.15	-0.7512061930744	0
-33.5	-0.00000001535490	-0.0000003	-8.33065	3.7220773	3.32632120	-0.39575609	1.67251198238513E-07	-1379997668421.85	-0.7564504669313	0
-34	-0.00000001624590	-0.0000003	-8.19180	3.6688124	3.28116699	-0.38764541	1.70750582088047E-07	-1400594648547.55	-0.7609205975403	0
-34.5	-0.00000001755740	-0.0000003	-8.05773	3.6175431	3.23778440	-0.37975874	1.74296662372156E-07	-1421191628673.25	-0.7654662379102	0
-35	-0.00000001833130	-0.0000003	-7.92952	3.5687854	3.19630685	-0.37247859	1.77703312585548E-07	-1441788608798.95	-0.7692784094612	0
-35.5	-0.00000001792500	-0.0000003	-7.80498	3.5216239	3.15632408	-0.36529986	1.81195469698524E-07	-1462385588924.65	-0.7733481421192	0
-36	-0.00000001994890	-0.0000003	-7.68600	3.4754683	3.11702472	-0.35844363	1.84661336733545E-07	-1482982569050.35	-0.7771941781715	0
-36.5	-0.00000002007630	-0.0000003	-7.57099	3.4304320	3.07872309	-0.35170892	1.88197332078890E-07	-1503579549176.05	-0.7812259530049	0
-37	-0.00000002365350	-0.0000003	-7.45760	3.3868428	3.04034462	-0.34649823	1.91027469202512E-07	-1524176529301.74	-0.7822582686426	0
-37.5	-0.00000002513470	-0.0000003	-7.35248	3.3446367	3.00512210	-0.33951457	1.94956819305421E-07	-1544773509427.44	-0.7877043204259	0
-38	-0.00000002709050	-0.0000003	-7.24571	3.3037324	2.97101588	-0.33271655	1.98940148504643E-07	-1565370489553.14	-0.7932222827139	0
-38.5	-0.00000002895600	-0.0000003	-7.14810	3.2651770	2.93935712	-0.32581989	2.03151136204915E-07	-1585967469678.84	-0.7994928618847	0
-39	-0.00000002983480	-0.0000003	-7.05373	3.2270619	2.90627406	-0.32078786	2.06337857463457E-07	-1606564449804.54	-0.8016233778689	0
-39.5	-0.00000003393170	-0.0000003	-6.95739	3.1897559	2.87400086	-0.31575506	2.09626661958590E-07	-1627161429930.24	-0.8040915303360	0
-40	-0.00000003968760	-0.0000003	-6.86555	3.1531926	2.84278688	-0.31040569	2.13239262137937E-07	-1647758410055.94	-0.8077244777952	0
