-20	0.0000000377232	-0.00000005	-64.3765	0.20336647	0.00261708266	-0.20074938734	5.49529946077294E-08	-823879233310.344	-0.416310565210071	0
-20.5	-3.55124E-11	0	0	0.316593062	0.096215236	-0.220377826	0	-844476214143.102	0	0
-21	-0.000000000470662	0	0	0.262078455	0.0422247918	-0.2198536632	0	-865073194975.861	0	0
-21.5	-0.000000000362086	0	0	0.0494683823	0.0745468453	0.025078463	0	-885670175808.619	0	0
-22	-0.000000000503278	0	0	0.0522953856	0.104444232	0.0521488464	0	-906267156641.378	0	0
-22.5	-0.00000000061903	0	0	0.0585792441	0.023582349	-0.0349968951	0	-926864137474.137	0	0
-23	-0.000000000749445	0	0	0.0543776568	0.176382487	0.1220048302	0	-947461118306.895	0	0
-23.5	-0.000000000834191	0	0	0.238452011	0.36006005	0.121608039	0	-968058099139.654	0	0
-24	-0.00000000122942	0	0	0.323603648	0.580701279	0.257097631	0	-988655079972.412	0	0
-24.5	-0.000000000970387	0	0	0.0613268243	0.274202519	0.2128756947	0	-1009252060805.17	0	0
-25	-0.00000000102572	0	0	0.0705501826	0.447180828	0.3766306454	0	-1029849041637.93	0	0
-25.5	-0.0000000011393	0	0	0.0698993128	0.836564212	0.7666648992	0	-1050446022470.69	0	0
-26	-0.00000000125115	0	0	0.784237386	0.17243431	-0.611803076	0	-1071043003303.45	0	0
-26.5	-0.00000000186818	0	0	0.395895356	0.270007941	-0.125887415	0	-1091639984136.21	0	0
-27	-0.00000000139867	0	0	0.0794291839	0.70858392	0.6291547361	0	-1112236964968.96	0	0
-27.5	-0.00000000138047	0	0	0.091673727	0.500585483	0.408911756	0	-1132833945801.72	0	0
-28	-0.00000000133644	0	0	0.103420346	0.710195742	0.606775396	0	-1153430926634.48	0	0
-28.5	-0.00000000142384	0	0	0.0987521053	0.60329552	0.5045434147	0	-1174027907467.24	0	0
-29	-0.00000000144951	0	0	0.131235154	0.711934389	0.580699235	0	-1194624888300	0	0
-29.5	-0.00000000153439	0	0	0.132248729	0.752656119	0.62040739	0	-1215221869132.76	0	0
-30	-0.00000000164016	0	0	0.176245795	0.0796807754	-0.0965650196	0	-1235818849965.52	0	0
-30.5	-0.00000000291371	0	0	0.77932726	0.74792646	-0.0314008	0	-1256415830798.27	0	0
-31	-0.00000000295855	0	0	0.815454535	0.411498017	-0.403956518	0	-1277012811631.03	0	0
-31.5	-0.00000000315931	0	0	0.972268411	0.105799704	-0.866468707	0	-1297609792463.79	0	0
-32	-0.00000000174021	0	0	0.502587946	0.126658774	-0.375929172	0	-1318206773296.55	0	0
-32.5	-0.0000000021742	0	0	1.86665683	0.769911693	-1.096745137	0	-1338803754129.31	0	0
-33	-0.000000002479	0	0	3.14588097	0.780037201	-2.365843769	0	-1359400734962.07	0	0
-33.5	-0.00000000252205	0	0	3.57006912	0.884022141	-2.686046979	0	-1379997715794.83	0	0
-34	-0.00000000286453	0	0	3.80001906	0.981875826	-2.818143234	0	-1400594696627.58	0	0
-34.5	-0.00000000282874	0	0	3.90985557	1.08448722	-2.82536835	0	-1421191677460.34	0	0
-35	-0.00000000289521	0	0	3.94807053	1.19322968	-2.75484085	0	-1441788658293.1	0	0
-35.5	-0.00000000295621	0	0	3.96672003	0.298328152	-3.668391878	0	-1462385639125.86	0	0
-36	-0.0000000030642	0	0	3.97657357	0.864755656	-3.111817914	0	-1482982619958.62	0	0
-36.5	-0.00000000355468	0	0	4.14030121	1.73902856	-2.40127265	0	-1503579600791.38	0	0
-37	-0.00000000386447	0	0	4.37670231	2.69614983	-1.68055248	0	-1524176581624.14	0	0
-37.5	-0.00000000410111	0	0	4.68005488	3.37296574	-1.30708914	0	-1544773562456.89	0	0
-38	-0.00000000404783	0	0	4.85836461	3.56924896	-1.28911565	0	-1565370543289.65	0	0
-38.5	-0.00000000433706	0	0	4.94574311	3.67218663	-1.27355648	0	-1585967524122.41	0	0
-39	-0.00000000430431	0	0	5.01097896	3.75349716	-1.2574818	0	-1606564504955.17	0	0
-39.5	-0.00000000457331	0	0	5.07450182	3.82894909	-1.24555273	0	-1627161485787.93	0	0
-40	-0.0000000049054	0	0	5.14255702	3.90481709	-1.23773993	0	-1647758466620.69	0	0
-40.5	-0.00000000484635	0	0	5.21529342	3.98076355	-1.23452987	0	-1668355447453.45	0	0
-41	-0.00000000555819	0	0	5.29162846	4.05736116	-1.2342673	0	-1688952428286.2	0	0
-41.5	-0.00000000559961	0	0	5.37006688	4.13438913	-1.23567775	0	-1709549409118.96	0	0
-42	-0.00000000570411	0	0	5.4510015	4.21334545	-1.23765605	0	-1730146389951.72	0	0
-42.5	-0.00000000681055	0	0	5.53461388	4.29369218	-1.2409217	0	-1750743370784.48	0	0
-43	-0.00000000653044	0	0	5.6219001	4.37584203	-1.24605807	0	-1771340351617.24	0	0
-43.5	-0.00000000673244	0	0	5.71192236	4.45879499	-1.25312737	0	-1791937332450	0	0
-44	-0.000000007059	0	0	5.80373761	4.54318305	-1.26055456	0	-1812534313282.76	0	0
-44.5	-0.00000000696938	0	0	5.89918189	4.62917689	-1.270005	0	-1833131294115.51	0	0
-45	-0.00000000755997	-0.00000005	-70	6.02787417	4.74280211	-1.28507206	8.58456139805888E-09	-1853728274948.27	-2.89042471315114E-02	0
-45.5	-0.00000000750598	0	0	6.11573892	4.82110752	-1.2946314	0	-1874325255781.03	0	0
-46	-0.00000000814357	-0.00000005	-69.0107	6.23155097	4.8970949	-1.33445607	8.26687385820052E-09	-1894922236613.79	-0.027229492286563	0
-46.5	-0.00000000918548	-0.00000005	-59.2866	6.29486659	4.86601364	-1.42885295	7.72072451542337E-09	-1915519217446.55	-0.025157134295938	0
-47	-0.0000000116639	-0.00000005	-31.4562	6.26784465	4.64003779	-1.62780686	6.77708164960062E-09	-1936116198279.31	-2.18474585738253E-02	0
-47.5	-0.0000000116504	-0.00000005	-12.2967	5.95989321	4.31671037	-1.64318284	6.71366553462791E-09	-1956713179112.07	-2.14152010673936E-02	0
-48	-0.0000000112346	-0.00000005	-10.6529	5.37147596	4.02829666	-1.3431793	8.21318494113183E-09	-1977310159944.82	-0.025925457516199	0
-48.5	-0.0000000116195	-0.00000005	-9.70744	4.73504611	3.77073794	-0.96430817	1.14400980342207E-08	-1997907140777.58	-3.57391378763535E-02	0
-49	-0.0000000125328	-0.00000005	-8.96279	4.38419727	3.5580693	-0.826127969999999	1.33535970220207E-08	-2018504121610.34	-4.12912709400764E-02	0
-49.5	-0.0000000119493	-0.00000005	-8.35556	4.12130341	3.36922946	-0.75207395	1.46684777474343E-08	-2039101102443.1	-4.48989217858411E-02	0
-50	-0.0000000120991	-0.00000005	-7.84169	3.89235565	3.19963181	-0.69272384	1.59252206478126E-08	-2059698083275.86	-4.82582443873108E-02	0
-50.5	-0.0000000139904	-0.00000005	-7.38548	3.68909887	3.04573745	-0.64336142	1.71470959511374E-08	-2080295064108.62	-5.14464324966618E-02	0
-51	-0.0000000147241	-0.00000005	-7.00131	3.50717753	2.90609782	-0.60107971	1.83532729793857E-08	-2100892044941.38	-5.45254693386385E-02	0
-51.5	-0.0000000146269	-0.00000005	-6.65797	3.34272596	2.77900632	-0.56371964	1.95696215232097E-08	-2121489025774.13	-5.75746440812288E-02	0
-52	-0.0000000151103	-0.00000005	-6.34901	3.1941658	2.66292836	-0.53123744	2.07661944911112E-08	-2142086006606.89	-6.05075597060349E-02	0
-52.5	-0.0000000159098	-0.00000005	-6.07519	3.05976415	2.55683727	-0.50292688	2.19351568562014E-08	-2162682987439.65	-6.33049259919234E-02	0
-53	-0.0000000162569	-0.00000005	-5.82434	2.93723065	2.45986628	-0.47736437	2.3109768330636E-08	-2183279968272.41	-6.60656613225728E-02	0
-53.5	-0.0000000156941	-0.00000005	-5.59622	2.82427583	2.36949226	-0.45478357	2.42572087641601E-08	-2203876949105.17	-6.86978441352593E-02	0
-54	-0.0000000170671	-0.00000005	-5.38491	2.71873641	2.28513329	-0.43360312	2.54421139774087E-08	-2224473929937.93	-0.071386402854682	0
-54.5	-0.0000000196118	-0.00000005	-5.19467	2.62093767	2.20659265	-0.41434502	2.66246231220542E-08	-2245070910770.69	-7.40189689242541E-02	0
-55	-0.0000000191399	-0.00000005	-5.01555	2.53013616	2.13320268	-0.39693348	2.77925157635985E-08	-2265667891603.45	-7.65634043074338E-02	0
-55.5	-0.0000000209616	-0.00000005	-4.85522	2.44553742	2.06423736	-0.38130006	2.89320174772592E-08	-2286264872436.2	-7.89844866974044E-02	0
-56	-0.000000021763	-0.00000005	-4.69949	2.36620176	1.99995251	-0.36624925	3.01209627050431E-08	-2306861853268.96	-8.14961112149434E-02	0
-56.5	-0.0000000206871	-0.00000005	-4.55276	2.29270015	1.94008775	-0.3526124	3.12858538156911E-08	-2327458834101.72	-8.38987766577933E-02	0
-57	-0.0000000245815	-0.00000005	-4.41795	2.22270769	1.88288239	-0.3398253	3.24630920652465E-08	-2348055814934.48	-8.62921107529146E-02	0
-57.5	-0.0000000320919	-0.00000005	-4.29447	2.15685316	1.8303832	-0.32646996	3.3791102862879E-08	-2368652795767.24	-8.90411142631859E-02	0
-58	-0.0000000266388	-0.00000005	-4.19999	2.10160131	1.78419741	-0.3174039	3.47562837129601E-08	-2389249776600	-9.07948895322886E-02	0
-58.5	-0.0000000338674	-0.00000005	-4.05293	2.03985661	1.73274567	-0.30711094	3.59211560486904E-08	-2409846757432.76	-9.30358872019953E-02	0
-59	-0.0000000412849	-0.00000005	-3.94654	1.97728059	1.67848725	-0.29879334	3.69211040647693E-08	-2430443738265.51	-9.48153673979695E-02	0
-59.5	-0.0000000350875	-0.00000005	-3.84438	1.92376956	1.63662408	-0.28714548	3.84187833985755E-08	-2451040719098.27	-9.78323997926548E-02	0
-60	-0.00000000335791	-0.00000005	-3.74423	1.87539794	1.59436425	-0.28103369	3.9254297233901E-08	-2471637699931.03	-9.91270132169217E-02	0
-60.5	-0.00000000410085	-0.00000005	-3.65153	1.82954797	1.55445342	-0.27509455	4.01017759166803E-08	-2492234680763.79	-0.100430192628801	0
-61	-0.00000000414785	-0.00000005	-3.56353	1.77678326	1.512915	-0.26386826	4.18079082342075E-08	-2512831661596.55	-0.103844779518647	0
-61.5	-0.00000000428033	-0.00000005	-3.47818	1.73380324	1.4785272	-0.25527604	4.32151015818014E-08	-2533428642429.31	-0.106467360388769	0
-62	-0.00000000449355	-0.00000005	-3.39813	1.69176856	1.44405197	-0.24771659	4.45338763947945E-08	-2554025623262.07	-0.108831564992167	0
-62.5	-0.0000000046747	-0.00000005	-3.31951	1.65165402	1.41099068	-0.24066334	4.58390546728056E-08	-2574622604094.82	-0.111124981024983	0
-63	-0.00000000467244	-0.00000005	-3.24644	1.61354264	1.37942089	-0.23412175	4.71198425605481E-08	-2595219584927.58	-0.113323334681453	0
-63.5	-0.00000000488801	-0.00000005	-3.17533	1.57645327	1.34849422	-0.22795905	4.83936917617441E-08	-2615816565760.34	-0.115470512435562	0
-64	-0.00000000496919	-0.00000005	-3.10643	1.54048588	1.31893325	-0.22155263	4.97930446594111E-08	-2636413546593.1	-0.117881261030803	0
-64.5	-0.00000000513159	-0.00000005	-3.04109	1.50656696	1.29056573	-0.21600123	5.10727647245342E-08	-2657010527425.86	-0.119973607527682	0
-65	-0.00000000518554	-0.00000005	-2.97699	1.47415076	1.26324579	-0.21090497	5.23068754614934E-08	-2677607508258.62	-0.12192744862819	0
-65.5	-0.00000000548328	-0.00000005	-2.91944	1.44273612	1.23713339	-0.20560273	5.36558050566741E-08	-2698204489091.38	-0.124117060043197	0
-66	-0.00000000565411	-0.00000005	-2.85861	1.41295857	1.21289313	-0.20006544	5.51408579112914E-08	-2718801469924.13	-0.12658599153189	0
-66.5	-0.00000000589287	-0.00000005	-2.80002	1.38381542	1.18903396	-0.19478146	5.66367045405656E-08	-2739398450756.89	-0.129042389019288	0
-67	-0.00000000598142	-0.00000005	-2.74672	1.35563213	1.16573665	-0.18989548	5.8093957791939E-08	-2759995431589.65	-0.131374848014335	0
-67.5	-0.00000000622326	-0.00000005	-2.69266	1.32884939	1.14339281	-0.18545658	5.94844356560441E-08	-2780592412422.41	-0.133522863425464	0
-68	-0.00000000652651	-0.00000005	-2.64081	1.30272966	1.12174655	-0.18098311	6.09547487608097E-08	-2801189393255.17	-0.135817176383266	0
-68.5	-0.00000000706704	-0.00000005	-2.5908	1.2773191	1.10070964	-0.17660946	6.24642643717953E-08	-2821786374087.93	-0.138164707745621	0
-69	-0.0000000074991	-0.00000005	-2.54509	1.25277766	1.08053595	-0.17224171	6.40482494048625E-08	-2842383354920.69	-0.140641742215333	0
-69.5	-0.00000000772419	-0.00000005	-2.49852	1.22961572	1.06147172	-0.168144	6.56091207536397E-08	-2862980335753.44	-0.143032746356311	0
-70	-0.0000000079602	-0.00000005	-2.45307	1.20734466	1.04320288	-0.16414178	6.72088483504931E-08	-2883577316586.2	-0.14547369772834	0
