-30	0.000000000891423	0	0	0.545577028	0.394681607	-0.150895421	0	-1235818849965.52	0	0
-30.1	-0.00000000269712	0	0	1.43243177	3.15130993	1.71887816	0	-1239938246132.07	0	0
-30.2	-0.00000000189099	0	0	2.40251993	3.95988682	1.55736689	0	-1244057642298.62	0	0
-30.3	-0.00000000193945	0	0	4.47673405	5.7320213	1.25528725	0	-1248177038465.17	0	0
-30.4	-0.00000000197897	0	0	7.27377403	8.15946498	0.885690949999999	0	-1252296434631.72	0	0
-30.5	-0.00000000202521	0	0	0.0840964806	0.414847055	0.3307505744	0	-1256415830798.27	0	0
-30.6	-0.00000000206181	0	0	0.135354352	0.416212019	0.280857667	0	-1260535226964.83	0	0
-30.7	-0.00000000198531	0	0	0.932166608	1.49749732	0.565330712	0	-1264654623131.38	0	0
-30.8	-0.00000000192065	0	0	2.94404287	3.72023162	0.77618875	0	-1268774019297.93	0	0
-30.9	-0.00000000190409	0	0	5.78763547	6.69740371	0.90976824	0	-1272893415464.48	0	0
-31	-0.00000000201643	0	0	8.52347526	0.448668439	-8.074806821	0	-1277012811631.03	0	0
-31.1	-0.00000000215186	0	0	1.00762045	1.59949053	0.59187008	0	-1281132207797.58	0	0
-31.2	-0.00000000213616	0	0	3.12393302	3.92446827	0.80053525	0	-1285251603964.14	0	0
-31.3	-0.00000000193626	0	0	6.06918879	7.00316809	0.9339793	0	-1289371000130.69	0	0
-31.4	-0.00000000230844	0	0	8.84558842	0.44971358	-8.39587484	0	-1293490396297.24	0	0
-31.5	-0.00000000209914	0	0	1.02698693	1.63892337	0.61193644	0	-1297609792463.79	0	0
-31.6	-0.00000000220081	0	0	3.19453289	4.01622978	0.82169689	0	-1301729188630.34	0	0
-31.7	-0.00000000220106	0	0	6.20141333	7.15592852	0.95451519	0	-1305848584796.89	0	0
-31.8	-0.00000000213675	0	0	0.0872085072	0.492297481	0.4050889738	0	-1309967980963.45	0	0
-31.9	-0.00000000221777	0	0	0.146565363	0.467832557	0.321267194	0	-1314087377130	0	0
-32	-0.00000000193187	0	0	1.01222123	1.62888701	0.61666578	0	-1318206773296.55	0	0
-32.1	-0.00000000207713	0	0	3.12885397	3.96198613	0.83313216	0	-1322326169463.1	0	0
-32.2	-0.0000000023155	0	0	6.11492085	7.0850755	0.97015465	0	-1326445565629.65	0	0
-32.3	-0.00000000219373	0	0	0.0827018709	0.535331982	0.4526301111	0	-1330564961796.2	0	0
-32.4	-0.00000000219928	0	0	0.159631339	0.532375785	0.372744446	0	-1334684357962.76	0	0
-32.5	-0.00000000229682	0	0	1.09134155	1.75428111	0.66293956	0	-1338803754129.31	0	0
-32.6	-0.00000000239526	0	0	3.29088527	4.16744979	0.87656452	0	-1342923150295.86	0	0
-32.7	-0.00000000228118	0	0	6.3647618	0.0352398983	-6.3295219017	0	-1347042546462.41	0	0
-32.8	-0.00000000275123	0	0	0.0923144122	0.542535296	0.4502208838	0	-1351161942628.96	0	0
-32.9	-0.00000000223004	0	0	0.144360934	0.556918266	0.412557332	0	-1355281338795.52	0	0
-33	-0.00000000222325	0	0	1.11641261	1.79989441	0.6834818	0	-1359400734962.07	0	0
-33.1	-0.0000000023267	0	0	3.35630423	4.25382929	0.89752506	0	-1363520131128.62	0	0
-33.2	-0.00000000218469	0	0	6.46718781	0.0363483378	-6.4308394722	0	-1367639527295.17	0	0
-33.3	-0.0000000029135	0	0	0.0902664823	0.568661152	0.4783946697	0	-1371758923461.72	0	0
-33.4	-0.0000000024406	0	0	0.162565128	0.566989365	0.404424237	0	-1375878319628.27	0	0
-33.5	-0.00000000215391	0	0	1.12460984	1.81678408	0.69217424	0	-1379997715794.83	0	0
-33.6	-0.00000000255495	0	0	3.374921	4.28420168	0.90928068	0	-1384117111961.38	0	0
-33.7	-0.00000000219527	0	0	6.50704029	0.0394334275	-6.4676068625	0	-1388236508127.93	0	0
-33.8	-0.00000000290855	0	0	0.0912691606	0.583050491	0.4917813304	0	-1392355904294.48	0	0
-33.9	-0.00000000243125	0	0	0.160906291	0.60814406	0.447237769	0	-1396475300461.03	0	0
-34	-0.00000000263737	0	0	1.18503089	1.91879701	0.73376612	0	-1400594696627.58	0	0
-34.1	-0.00000000280263	0	0	3.52716538	4.47655715	0.94939177	0	-1404714092794.14	0	0
-34.2	-0.00000000225368	0	0	6.74154222	0.0424136828	-6.6991285372	0	-1408833488960.69	0	0
-34.3	-0.00000000318074	0	0	0.089150078	0.627703337	0.538553259	0	-1412952885127.24	0	0
-34.4	-0.00000000241812	0	0	0.174411052	0.65925406	0.484843008	0	-1417072281293.79	0	0
-34.5	-0.00000000252696	0	0	1.24407689	2.01208793	0.76801104	0	-1421191677460.34	0	0
-34.6	-0.00000000251931	0	0	3.65006023	4.63102265	0.98096242	0	-1425311073626.89	0	0
-34.7	-0.00000000228331	0	0	0.0202908735	0.927128155	0.9068372815	0	-1429430469793.45	0	0
-34.8	-0.00000000315243	0	0	0.20440573	0.67707978	0.47267405	0	-1433549865960	0	0
-34.9	-0.00000000294145	0	0	1.27231952	2.06459292	0.7922734	0	-1437669262126.55	0	0
-35	-0.00000000279434	0	0	3.73250162	4.7376669	1.00516528	0	-1441788658293.1	0	0
-35.1	-0.00000000278326	0	0	0.0208095502	1.00065302	0.9798434698	0	-1445908054459.65	0	0
-35.2	-0.00000000306696	0	0	0.203182204	0.702165144	0.49898294	0	-1450027450626.21	0	0
-35.3	-0.000000002586	0	0	1.31122508	2.12006796	0.80884288	0	-1454146846792.76	0	0
-35.4	-0.00000000291539	0	0	3.81400141	4.83694166	1.02294025	0	-1458266242959.31	0	0
-35.5	-0.00000000227107	0	0	6.64845125	0.729736275	-5.918714975	0	-1462385639125.86	0	0
-35.6	-0.00000000278503	0	0	1.42135328	2.29659247	0.87523919	0	-1466505035292.41	0	0
-35.7	-0.00000000229837	0	0	4.09908773	5.18018772	1.08109999	0	-1470624431458.96	0	0
-35.8	-0.00000000289346	0	0	0.0781594041	0.757546927	0.6793875229	0	-1474743827625.51	0	0
-35.9	-0.00000000281357	0	0	0.190845518	0.778041223	0.587195705	0	-1478863223792.07	0	0
-36	-0.00000000309153	0	0	1.41036105	2.27500462	0.86464357	0	-1482982619958.62	0	0
-36.1	-0.00000000248168	0	0	4.02110168	5.08935243	1.06825075	0	-1487102016125.17	0	0
-36.2	-0.00000000296824	0	0	6.90878221	0.795632323	-6.113149887	0	-1491221412291.72	0	0
-36.3	-0.0000000026456	0	0	1.51226143	2.42457248	0.91231105	0	-1495340808458.27	0	0
-36.4	-0.00000000254648	0	0	4.27817687	5.39142436	1.11324749	0	-1499460204624.83	0	0
-36.5	-0.00000000270191	0	0	0.0838732667	0.788938839	0.7050655723	0	-1503579600791.38	0	0
-36.6	-0.0000000035212	-0.0000003	-60.4767	0.877898214	1.16815152	0.290253306	-2.28044534314451E-07	-1507698996957.93	0.944049239586237	0
-36.7	-0.00000000412006	-0.0000003	-59.9942	1.18997468	1.13827715	-0.05169753	1.28034511513413E-06	-1511818393124.48	-5.28587695125971	0
-36.8	-0.00000000266602	-0.0000003	-52.2853	0.733378744	0.779389661	4.60109169999999E-02	-1.43858641200305E-06	-1515937789291.03	5.92303364625761	0
-36.9	-0.0000000217788	-0.0000003	-14.6091	1.02705065	0.817213594	-0.209837056	3.15438470505419E-07	-1520057185457.58	-1.29522242960261	0
-37	-0.000000010773	-0.0000003	-10.5529	1.13271105	0.793837298	-0.338873752	1.95325485108684E-07	-1524176581624.14	-0.799858661378724	0
-37.1	-0.00000000759271	-0.0000003	-10.3695	0.670342572	0.972724433	0.302381861	-2.18897654049427E-07	-1528295977790.69	0.893970652819682	0
-37.2	-0.00000000658162	-0.0000003	-10.5031	2.39235974	3.01233155	0.61997181	-1.06764015609032E-07	-1532415373957.24	0.434848548423885	0
-37.3	-0.00000000664547	-0.0000003	-10.3976	4.88931315	5.64030827	0.75099512	-8.81372970839012E-08	-1536534770123.79	0.358019729807057	0
-37.4	-0.00000000596613	-0.0000003	-10.2889	7.02398349	7.2713922	0.24740871	-2.67535771072894E-07	-1540654166290.34	1.08384285801691	0
-37.5	-0.00000000640812	-0.0000003	-10.183	7.63593323	7.71469847	7.87652400000001E-02	-8.40353942932186E-07	-1544773562456.89	3.39536946639267	0
-37.6	-0.00000000603685	-0.0000003	-10.1033	7.69416321	7.69879946	4.6362499999999E-03	-1.42767710973311E-05	-1548892958623.45	57.5305089350868	0
-37.7	-0.0000000061962	-0.0000003	-9.97915	7.60300496	7.60038155	-2.62340999999999E-03	2.52307797866137E-05	-1553012354790	-101.401735337246	0
-37.8	-0.00000000624682	-0.0000003	-9.86085	7.50556707	7.50508694	-4.8012999999969E-04	1.37859912940334E-04	-1557131750956.55	-552.589036958211	0
-37.9	-0.00000000630376	-0.0000003	-9.80716	7.41565848	7.42268664	7.02815999999995E-03	-9.41792446387112E-06	-1561251147123.1	37.6506135119178	0
-38	-0.00000000638304	-0.0000003	-9.72117	7.35413348	7.36504384	1.09103600000005E-02	-6.06677323204709E-06	-1565370543289.65	24.1896859332021	0
-38.1	-0.00000000634427	-0.0000003	-9.66187	7.30127743	7.31307716	1.17997299999999E-02	-5.60950801416647E-06	-1569489939456.2	22.307754768816	0
-38.2	-0.00000000618178	-0.0000003	-9.60912	7.2455178	7.25909892	1.35811199999996E-02	-4.87372764543735E-06	-1573609335622.76	19.3309838387964	0
-38.3	-0.00000000610613	-0.0000003	-9.56781	7.1998293	7.21751355	1.76842499999994E-02	-3.74291700241753E-06	-1577728731789.31	14.8070140138363	0
-38.4	-0.00000000615549	-0.0000003	-9.54578	7.16923747	7.18882186	1.95843900000003E-02	-3.37976725340942E-06	-1581848127955.86	13.3355715491218	0
-38.5	-0.00000000623494	-0.0000003	-9.49909	7.14399356	7.16321774	1.92241800000001E-02	-3.44309510210576E-06	-1585967524122.41	13.5501578201722	0
-38.6	-0.00000000624352	-0.0000003	-9.44982	7.11340437	7.12978197	1.63776000000002E-02	-4.04153722157087E-06	-1590086920288.96	15.8640964891304	0
-38.7	-0.00000000615377	-0.0000003	-9.40722	7.07481531	7.09200964	1.71943299999997E-02	-3.84956436220551E-06	-1594206316455.51	15.0715071733048	0
-38.8	-0.00000000614868	-0.0000003	-9.36734	7.04049276	7.05750947	0.01701671	-3.88974602023539E-06	-1598325712622.07	15.1895736497789	0
-38.9	-0.0000000063253	-0.0000003	-9.32138	7.00678538	7.02453618	0.0177508	-3.72888433197378E-06	-1602445108788.62	14.5239710679044	0
-39	-0.0000000062717	-0.0000003	-9.27309	6.97266105	6.99013414	1.74730900000002E-02	-3.78814966328218E-06	-1606564504955.17	14.7169761588274	0
-39.1	-0.00000000616576	-0.0000003	-9.22874	6.93773551	6.95547204	1.77365299999996E-02	-3.73188442158649E-06	-1610683901121.72	14.4613052064887	0
-39.2	-0.00000000611862	-0.0000003	-9.19642	6.9102437	6.92950615	1.92624500000003E-02	-3.43625447437886E-06	-1614803297288.27	13.2817504420952	0
-39.3	-0.00000000630132	-0.0000003	-9.16911	6.88224566	6.90406003	2.18143700000004E-02	-3.03426961218677E-06	-1618922693454.83	11.6981633594987	0
-39.4	-0.00000000630535	-0.0000003	-9.13012	6.85907603	6.88036228	2.12862500000002E-02	-3.10955100123316E-06	-1623042089621.38	11.9579718552268	0
-39.5	-0.0000000062654	-0.0000003	-9.10387	6.84071735	6.86297495	2.22575999999997E-02	-2.97384623679107E-06	-1627161485787.93	11.4071585607636	0
-39.6	-0.00000000639951	-0.0000003	-9.08233	6.81973931	6.84130222	2.15629100000001E-02	-3.06965432773219E-06	-1631280881954.48	11.7449277920577	0
-39.7	-0.00000000630101	-0.0000003	-9.02651	6.79441758	6.81488619	0.02046861	-3.23376526300516E-06	-1635400278121.03	12.3416733951804	0
-39.8	-0.00000000634164	-0.0000003	-9.02984	6.77539339	6.79884557	2.34521800000005E-02	-2.82236789927412E-06	-1639519674287.58	10.7445100474879	0
-39.9	-0.00000000643919	-0.0000003	-9.00311	6.76066286	6.78456185	2.38989900000002E-02	-2.76960156056802E-06	-1643639070454.14	10.5172080222071	0
-40	-0.00000000634384	-0.0000003	-8.972	6.74424792	6.76752567	2.32777500000001E-02	-2.84351709250249E-06	-1647758466620.69	10.7708980776609	0
-40.1	-0.00000000615389	-0.0000003	-8.96163	6.72788806	6.74990708	2.20190200000001E-02	-3.00606838996466E-06	-1651877862787.24	11.3582271214564	0
-40.2	-0.00000000640078	-0.0000003	-8.93634	6.70958964	6.73041554	2.08259000000002E-02	-3.17828665267765E-06	-1655997258953.79	11.9790692472397	0
-40.3	-0.00000000646547	-0.0000003	-8.84813	6.67595761	6.69288189	1.69242799999996E-02	-3.91098941875233E-06	-1660116655120.34	14.7040733090921	0
-40.4	-0.00000000644398	-0.0000003	-8.80618	6.63265396	6.65155755	1.89035899999999E-02	-3.50148728363239E-06	-1664236051286.89	13.1318905026717	0
-40.5	-0.0000000065855	-0.0000003	-8.78699	6.59951296	6.62033423	2.08212699999999E-02	-3.17899340434087E-06	-1668355447453.45	11.892979440108	0
-40.6	-0.00000000664803	-0.0000003	-8.75598	6.5732104	6.59621561	0.02300521	-2.87720390294199E-06	-1672474843620	10.7374380614345	0
-40.7	-0.00000000654781	-0.0000003	-8.73291	6.55220654	6.57534306	2.31365199999996E-02	-2.860874496251E-06	-1676594239786.55	10.6502661613097	0
-40.8	-0.00000000644127	-0.0000003	-8.72142	6.53979746	6.56544945	2.56519900000001E-02	-2.5803331437444E-06	-1680713635953.1	9.58234233416665	0
-40.9	-0.00000000651025	-0.0000003	-8.69874	6.53063034	6.55661426	2.59839199999998E-02	-2.54737083550136E-06	-1684833032119.65	9.43680386567888	0
-41	-0.0000000066281	-0.0000003	-8.67335	6.52005445	6.54529801	2.52435599999998E-02	-2.62208182997962E-06	-1688952428286.2	9.68988111596313	0
-41.1	-0.0000000066633	-0.0000003	-8.66437	6.50720274	6.5324922	2.52894599999998E-02	-2.61732278981048E-06	-1693071824452.76	9.64876056112395	0
-41.2	-0.00000000654831	-0.0000003	-8.63976	6.49367402	6.51951742	2.58433999999994E-02	-2.56122182065833E-06	-1697191220619.31	9.41902699565435	0
-41.3	-0.00000000673436	-0.0000003	-8.60555	6.47907533	6.50244588	2.33705500000001E-02	-2.83222602805667E-06	-1701310616785.86	10.3904396069289	0
-41.4	-0.00000000667574	-0.0000003	-8.5888	6.45814277	6.48248915	2.43463799999999E-02	-2.71870725750606E-06	-1705430012952.41	9.94988748904281	0
-41.5	-0.00000000664332	-0.0000003	-8.56769	6.44025226	6.46575794	2.55056799999993E-02	-2.59513488760158E-06	-1709549409118.96	9.47475314933033	0
-41.6	-0.00000000665725	-0.0000003	-8.55256	6.42938801	6.45573279	2.63447799999996E-02	-2.51247799374301E-06	-1713668805285.51	9.15092509376096	0
-41.7	-0.00000000673958	-0.0000003	-8.55102	6.42065913	6.44689548	2.62363500000005E-02	-2.52286160231888E-06	-1717788201452.07	9.1667088231919	0
-41.8	-0.00000000659783	-0.0000003	-8.5401	6.41491079	6.44359346	2.86826699999994E-02	-2.30768892854122E-06	-1721907597618.62	8.36482865209955	0
-41.9	-0.00000000661244	-0.0000003	-8.52937	6.41537964	6.44182731	2.64476699999996E-02	-2.50270364081225E-06	-1726026993785.17	9.0500601750642	0
-42	-0.00000000673233	-0.0000003	-8.51688	6.41142401	6.43936564	2.79416299999999E-02	-2.3688911491563E-06	-1730146389951.72	8.54578336636472	0
-42.1	-0.00000000686204	-0.0000003	-8.4772	6.40172543	6.42587432	2.41488900000002E-02	-2.74094088796626E-06	-1734265786118.27	9.86446731435347	0
-42.2	-0.00000000686919	-0.0000003	-8.45157	6.38133198	6.40489751	2.35655299999999E-02	-2.8087923335482E-06	-1738385182284.83	10.0847060661647	0
-42.3	-0.00000000670913	-0.0000003	-8.44049	6.36145652	6.38649997	2.50434500000001E-02	-2.64303360759E-06	-1742504578451.38	9.46713091048786	0
-42.4	-0.00000000678077	-0.0000003	-8.42587	6.35009282	6.37796908	2.78762599999993E-02	-2.37444621337301E-06	-1746623974617.93	8.48501362697618	0
-42.5	-0.0000000070371	-0.0000003	-8.40879	6.34145107	6.36774708	2.62960100000003E-02	-2.51713777109148E-06	-1750743370784.48	8.97375319462204	0
-42.6	-0.00000000677431	-0.0000003	-8.37476	6.32755772	6.3531772	2.56194800000005E-02	-2.58360747368794E-06	-1754862766951.03	9.18910041857997	0
-42.7	-0.00000000693889	-0.0000003	-8.3589	6.31462688	6.34043899	2.58121100000004E-02	-2.56432658934117E-06	-1758982163117.58	9.09916467724493	0
-42.8	-0.00000000694523	-0.0000003	-8.33955	6.2999732	6.32483585	2.48626500000002E-02	-2.66225362139593E-06	-1763101559284.14	9.42457385087768	0
-42.9	-0.00000000674719	-0.0000003	-8.34423	6.28775057	6.31673083	0.02898026	-2.28399193105928E-06	-1767220955450.69	8.06665229589348	0
-43	-0.0000000068978	-0.0000003	-8.34328	6.28619357	6.31624576	3.00521900000001E-02	-2.20252434182E-06	-1771340351617.24	7.760832775969	0
-43.1	-0.00000000688541	-0.0000003	-8.35174	6.29706929	6.32692682	2.98575300000001E-02	-2.21688398203065E-06	-1775459747783.79	7.79330655287441	0
-43.2	-0.00000000696952	-0.0000003	-8.32194	6.29497478	6.32334981	2.83750299999994E-02	-2.33270872312739E-06	-1779579143950.34	8.18149804688338	0
-43.3	-0.00000000702966	-0.0000003	-8.2958	6.28465856	6.30938276	2.47242000000005E-02	-2.67716164729288E-06	-1783698540116.89	9.3679111459615	0
-43.4	-0.00000000682594	-0.0000003	-8.28735	6.26962593	6.29628818	2.66622500000002E-02	-2.48256167427728E-06	-1787817936283.45	8.66695180239241	0
-43.5	-0.00000000715255	-0.0000003	-8.27122	6.25868492	6.28656101	2.78760899999995E-02	-2.37446069373435E-06	-1791937332450	8.27050050064212	0
-43.6	-0.00000000713955	-0.0000003	-8.25214	6.24852361	6.2748469	2.63232899999997E-02	-2.51452914890201E-06	-1796056728616.55	8.73828589415489	0
-43.7	-0.00000000711015	-0.0000003	-8.22332	6.23415704	6.26084238	2.66853399999993E-02	-2.4804135903834E-06	-1800176124783.1	8.60000551412314	0
-43.8	-0.00000000722193	-0.0000003	-8.21539	6.22171801	6.24913941	2.74213999999997E-02	-2.41383299175099E-06	-1804295520949.65	8.35005186021514	0
-43.9	-0.00000000712543	-0.0000003	-8.20931	6.2124965	6.24105349	2.85569899999993E-02	-2.31784512303298E-06	-1808414917116.2	7.99974157186781	0
-44	-0.00000000707012	-0.0000003	-8.19266	6.20377573	6.23098057	2.72048399999996E-02	-2.4330479429396E-06	-1812534313282.76	8.37826426632095	0
-44.1	-0.00000000731456	-0.0000003	-8.16675	6.19091229	6.21815124	2.72389500000001E-02	-2.43000115643223E-06	-1816653709449.31	8.34879803625449	0
-44.2	-0.00000000720032	-0.0000003	-8.13919	6.17809205	6.20492308	2.68310300000003E-02	-2.46694517504543E-06	-1820773105615.86	8.45655140218508	0
-44.3	-0.0000000073578	-0.0000003	-8.13194	6.16633297	6.19413991	2.78069399999996E-02	-2.38036547710755E-06	-1824892501782.41	8.1413416687446	0
-44.4	-0.00000000736955	-0.0000003	-8.11762	6.15495085	6.18142376	2.64729100000007E-02	-2.50031749437437E-06	-1829011897948.96	8.53234198189451	0
-44.5	-0.00000000727346	-0.0000003	-8.09133	6.14090272	6.16790142	0.0269987	-2.4516247078563E-06	-1833131294115.51	8.3473772824525	0
-44.6	-0.00000000733678	-0.0000003	-8.08012	6.12929103	6.15772881	0.02843778	-2.32756143412039E-06	-1837250690282.07	7.90719334869	0
-44.7	-0.00000000721687	-0.0000003	-8.07452	6.12114559	6.15139468	3.02490899999999E-02	-2.18818747935889E-06	-1841370086448.62	7.41708182278792	0
-44.8	-0.00000000733101	-0.0000003	-8.06072	6.11513008	6.14477648	2.96463999999999E-02	-2.2326717577851E-06	-1845489482615.17	7.55097320679486	0
-44.9	-0.00000000742561	-0.0000003	-8.04248	6.10878592	6.13741276	2.86268400000003E-02	-2.31218953960686E-06	-1849608878781.72	7.80248882907088	0
-45	-0.00000000745358	-0.0000003	-8.01118	6.09614524	6.123361	2.72157599999998E-02	-2.43207171139077E-06	-1853728274948.27	8.18879364104636	0
-45.1	-0.00000000740522	-0.0000003	-8.0195	6.08377097	6.11284965	2.90786800000005E-02	-2.27626150843157E-06	-1857847671114.82	7.6471864154793	0
-45.2	-0.00000000753235	-0.0000003	-8.00147	6.07530953	6.10507533	2.97657999999998E-02	-2.22371580807505E-06	-1861967067281.38	7.45412915015772	0
-45.3	-0.00000000758629	-0.0000003	-7.99455	6.07256108	6.10270829	0.03014721	-2.19558227776302E-06	-1866086463447.93	7.34357575009371	0
-45.4	-0.0000000074829	-0.0000003	-7.96978	6.06404788	6.09250821	2.84603299999997E-02	-2.32571723518317E-06	-1870205859614.48	7.7617048297396	0
-45.5	-0.00000000750673	-0.0000003	-7.95534	6.05187872	6.08010697	2.82282499999997E-02	-2.34483823828968E-06	-1874325255781.03	7.80831914182377	0
-45.6	-0.0000000077065	-0.0000003	-7.93449	6.03763221	6.06541745	0.02778524	-2.38222451920516E-06	-1878444651947.58	7.91541905637014	0
-45.7	-0.00000000764682	-0.0000003	-7.91196	6.02509461	6.05289966	2.78050499999996E-02	-2.38052727831819E-06	-1882564048114.14	7.89247158118886	0
-45.8	-0.00000000761847	-0.0000003	-7.9006	6.01131229	6.03973281	2.84205200000001E-02	-2.32897498004962E-06	-1886683444280.69	7.70469425714444	0
-45.9	-0.00000000769383	-0.0000003	-7.88839	6.00049799	6.03024469	2.97466999999996E-02	-2.22514362937741E-06	-1890802840447.24	7.34516283547042	0
-46	-0.00000000755533	-0.0000003	-7.88388	5.99419288	6.02406771	2.98748299999998E-02	-2.21560022266237E-06	-1894922236613.79	7.2977609442107	0
-46.1	-0.00000000764304	-0.0000003	-7.86639	5.9872377	6.01662862	0.02939092	-2.25207921358025E-06	-1899041632780.34	7.40182479977733	0
-46.2	-0.00000000773736	-0.0000003	-7.8476	5.97759395	6.00758353	2.99895799999996E-02	-2.20712260725228E-06	-1903161028946.89	7.23836615260488	0
-46.3	-0.00000000763835	-0.0000003	-7.83353	5.96739655	5.9967644	2.93678499999999E-02	-2.25384834095789E-06	-1907280425113.45	7.3756408827734	0
-46.4	-0.00000000772163	-0.0000003	-7.80479	5.95400799	5.98218146	2.81734699999996E-02	-2.34939750055641E-06	-1911399821280	7.67175254883885	0
-46.5	-0.00000000763674	-0.0000003	-7.7906	5.93662757	5.96585184	2.92242700000003E-02	-2.26492158743398E-06	-1915519217446.55	7.37999865569888	0
-46.6	-0.00000000776421	-0.0000003	-7.78028	5.92460863	5.95540874	3.08001100000004E-02	-2.14904037680382E-06	-1919638613613.1	6.98738580050664	0
-46.7	-0.0000000077807	-0.0000003	-7.75671	5.91528326	5.94634837	3.10651100000001E-02	-2.13070805157296E-06	-1923758009779.65	6.9129454661377	0
-46.8	-0.00000000780504	-0.0000003	-7.74852	5.9061885	5.93627699	3.00884899999998E-02	-2.19986712526951E-06	-1927877405946.2	7.12207694013698	0
-46.9	-0.00000000749898	-0.0000003	-7.73916	5.89681082	5.92882722	3.20163999999998E-02	-2.06739920790596E-06	-1931996802112.76	6.67894038866046	0
-47	-0.00000000768009	-0.0000003	-7.71472	5.88655457	5.9164163	2.98617299999995E-02	-2.21657218118311E-06	-1936116198279.31	7.14562276332402	0
-47.1	-0.00000000805449	-0.0000003	-7.68167	5.86902859	5.89870398	2.96753899999995E-02	-2.2304906523554E-06	-1940235594445.86	7.17522567186323	0
-47.2	-0.00000000783043	-0.0000003	-7.69199	5.85690894	5.8869828	3.00738599999999E-02	-2.20093729238615E-06	-1944354990612.41	7.06515566379736	0
-47.3	-0.00000000782936	-0.0000003	-7.67273	5.84896293	5.88188563	3.29227000000003E-02	-2.01048759670378E-06	-1948474386778.96	6.44015502820096	0
-47.4	-0.00000000781802	-0.0000003	-7.65896	5.84345086	5.87386674	3.04158800000005E-02	-2.17618822799139E-06	-1952593782945.51	6.95623394703808	0
-47.5	-0.00000000776211	-0.0000003	-7.65106	5.83406674	5.86354447	0.02947773	-2.24544698658954E-06	-1956713179112.07	7.16251032404957	0
-47.6	-0.00000000794375	-0.0000003	-7.61766	5.81944556	5.8486775	2.92319399999998E-02	-2.26432730773258E-06	-1960832575278.62	7.2075608216596	0
-47.7	-0.00000000813611	-0.0000003	-7.61147	5.80614124	5.83548064	2.93394000000005E-02	-2.25603386572319E-06	-1964951971445.17	7.1661071905317	0
-47.8	-0.0000000079196	-0.0000003	-7.60535	5.79602202	5.82795357	3.19315500000004E-02	-2.07289279724909E-06	-1969071367611.72	6.57059971234022	0
-47.9	-0.00000000796626	-0.0000003	-7.58422	5.78989938	5.82053694	3.06375600000006E-02	-2.16044228065155E-06	-1973190763778.27	6.83381502072357	0
-48	-0.00000000806429	-0.0000003	-7.57302	5.78301477	5.81380322	3.07884499999993E-02	-2.14985424729083E-06	-1977310159944.82	6.78615608362006	0
-48.1	-0.00000000800756	-0.0000003	-7.57421	5.77614274	5.80892485	3.27821100000003E-02	-2.01910981324873E-06	-1981429556111.38	6.36020227193578	0
-48.2	-0.00000000793594	-0.0000003	-7.56563	5.77414875	5.80705268	3.29039299999998E-02	-2.0116344764896E-06	-1985548952277.93	6.32350835058971	0
-48.3	-0.00000000812328	-0.0000003	-7.55202	5.76963855	5.80087524	3.12366900000001E-02	-2.11900428630562E-06	-1989668348444.48	6.64723096275055	0
-48.4	-0.0000000084366	-0.0000003	-7.54028	5.75995093	5.79103993	3.10890000000006E-02	-2.12907073241335E-06	-1993787744611.03	6.66500980595215	0
-48.5	-0.00000000823802	-0.0000003	-7.51594	5.75037681	5.78181922	3.14424100000004E-02	-2.1051401594216E-06	-1997907140777.58	6.57650783949265	0
-48.6	-0.00000000805275	-0.0000003	-7.50215	5.74052877	5.77121675	3.06879799999997E-02	-2.15689269870485E-06	-2002026536944.14	6.72431942481872	0
-48.7	-0.00000000820239	-0.0000003	-7.49895	5.73022672	5.76209066	0.03186394	-2.07729113223286E-06	-2006145933110.69	6.46285586532531	0
-48.8	-0.00000000808004	-0.0000003	-7.49098	5.72505697	5.75804969	3.29927200000002E-02	-2.00622076627812E-06	-2010265329277.24	6.2289517085138	0
-48.9	-0.00000000817422	-0.0000003	-7.48098	5.72084551	5.75336418	0.03251867	-2.03546701018215E-06	-2014384725443.79	6.30683215647937	0
-49	-0.0000000082371	-0.0000003	-7.47114	5.71550038	5.74691476	3.14143800000002E-02	-2.1070185055379E-06	-2018504121610.34	6.51520873697556	0
-49.1	-0.00000000821977	-0.0000003	-7.46022	5.70700442	5.73980604	3.28016200000008E-02	-2.01790887157398E-06	-2022623517776.89	6.22696066029124	0
-49.2	-0.00000000821193	-0.0000003	-7.44386	5.69881133	5.73037294	3.15616099999998E-02	-2.0971895920392E-06	-2026742913943.45	6.45845526003696	0
-49.3	-0.00000000826641	-0.0000003	-7.4337	5.69101628	5.72212069	3.11044099999993E-02	-2.12801593086001E-06	-2030862310110	6.5400944460631	0
-49.4	-0.00000000835808	-0.0000003	-7.40685	5.67798036	5.71008731	3.21069499999993E-02	-2.06156860119075E-06	-2034981706276.55	6.32305423012745	0
-49.5	-0.00000000811213	-0.0000003	-7.39229	5.66782887	5.69889407	3.10651999999996E-02	-2.13070187862949E-06	-2039101102443.1	6.52189127220537	0
-49.6	-0.00000000822995	-0.0000003	-7.38435	5.65791914	5.69064615	3.27270100000003E-02	-2.02250923625468E-06	-2043220498609.65	6.17824180185325	0
-49.7	-0.00000000828435	-0.0000003	-7.37446	5.64875354	5.68181147	0.03305793	-2.00226329960769E-06	-2047339894776.2	6.10408907873815	0
-49.8	-0.00000000839915	-0.0000003	-7.36178	5.64245025	5.67359735	3.11471000000001E-02	-2.125099286932E-06	-2051459290942.76	6.46555703703299	0
-49.9	-0.00000000824299	-0.0000003	-7.34955	5.63465044	5.66774811	3.30976700000001E-02	-1.99985920459053E-06	-2055578687109.31	6.07232405596201	0
-50	-0.00000000832427	-0.0000003	-7.35419	5.62799918	5.66180749	3.38083100000004E-02	-1.95782279563809E-06	-2059698083275.86	5.93279635041846	0
