0.000000000000000000e+00
0.000000000000000000e+00
0.000000000000000000e+00
0.000000000000000000e+00
0.000000000000000000e+00
0.000000000000000000e+00
0.000000000000000000e+00
0.000000000000000000e+00
0.000000000000000000e+00
0.000000000000000000e+00
0.000000000000000000e+00
0.000000000000000000e+00
0.000000000000000000e+00
0.000000000000000000e+00
0.000000000000000000e+00
0.000000000000000000e+00
0.000000000000000000e+00
0.000000000000000000e+00
0.000000000000000000e+00
0.000000000000000000e+00
0.000000000000000000e+00
6.067419113385484619e-02
8.959401121491716857e-02
1.081523535042984846e-01
1.216675015235279128e-01
1.322023764706509452e-01
1.407631516470697064e-01
1.479143107823833181e-01
1.540039359850746137e-01
1.592618122782356593e-01
1.638476523878569235e-01
1.678770325089974091e-01
1.714363445680622822e-01
1.745919072534785899e-01
1.773957745185143209e-01
1.798895806496177141e-01
1.821071678971772911e-01
1.840764317813383677e-01
1.858206479903338482e-01
1.873594464527116310e-01
1.887095395772460105e-01
1.898852756145375797e-01
1.908990652903226615e-01
1.917617150648585067e-01
1.924826905550034994e-01
1.930703270078605871e-01
1.935319991303481868e-01
1.938742593643006662e-01
1.941029514078347895e-01
1.942233041311404451e-01
1.942400098262231922e-01
1.941572898356061228e-01
1.939789499356154023e-01
1.937084273438006987e-01
1.933488308337728556e-01
1.929029751432598805e-01
1.923734106301667190e-01
1.917624489506022656e-01
1.910721853902632994e-01
1.903045183673520713e-01
1.894611665347235296e-01
1.885436838361882750e-01
1.875534728130234807e-01
1.864917964088508850e-01
1.853597884818630470e-01
1.841584632011764588e-01
1.828887234774826676e-01
1.815513685560850021e-01
1.801471008819992004e-01
1.786765323313782294e-01
1.771401898905570205e-01
1.755385208530684804e-01
1.738718975957039004e-01
1.721406219867943344e-01
1.703449294731462504e-01
1.684849928862827695e-01
1.665609260036642614e-01
1.645727868962643115e-01
1.625205810901517445e-01
1.604042645664849331e-01
1.582237466214952426e-01
1.559788926055527825e-01
1.536695265582246062e-01
1.512954337543052086e-01
1.488563631740922322e-01
1.463520299096529864e-01
1.437821175174734678e-01
1.411462803266566313e-01
1.384441457107406237e-01
1.356753163302151510e-01
1.328393723519092073e-01
1.299358736506062983e-01
1.269643619974882842e-01
1.239243632393235428e-01
1.208153894716743615e-01
1.176369412088177080e-01
1.143885095525246504e-01
1.110695783613398768e-01
1.076796264215310606e-01
1.042181296204360702e-01
1.006845631225253834e-01
9.707840354810826078e-02
9.339913115425026169e-02
8.964623201712641765e-02
8.581920021471600712e-02
8.191754000844146677e-02
7.794076802207233756e-02
7.388841541594810824e-02
6.976003005432580839e-02
6.555517866342369659e-02
6.127344897751638153e-02
5.691445187023286278e-02
5.247782346802150333e-02
4.796322724257344461e-02
4.337035607883541616e-02
3.869893431509821569e-02
3.394871975151421417e-02
2.911950562327868947e-02
2.421112253460121211e-02
1.922344034949933361e-02
1.415637003535994906e-02
9.009865455139098867e-03
3.783925104001271619e-03
-1.521406213863431625e-03
-6.906035772567983150e-03
-1.236982138039006973e-02
-1.791256990862522339e-02
-2.353403589797622986e-02
-2.923392024713488552e-02
-3.501186898836104733e-02
-4.086747215506861958e-02
-4.680026274671199998e-02
-5.280971579666048077e-02
-5.889524754929598149e-02
-6.505621475332822035e-02
-7.129191407936730229e-02
-7.760158167123293316e-02
-8.398439284245337588e-02
-9.043946193210621043e-02
-9.696584233783890616e-02
-1.035625267489338336e-01
-1.102284476091312804e-01
-1.169624778482473842e-01
-1.237634319343210165e-01
-1.306300673153084901e-01
-1.375610863428828878e-01
-1.445551388029582829e-01
-1.516108252212527152e-01
-1.587267011717729270e-01
-1.659012828973429055e-01
-1.731330546621379363e-01
-1.804204784074507073e-01
-1.877620064883970541e-01
-1.951560985511946178e-01
-2.026012439957060596e-01
-2.100959919942000931e-01
-2.176389917575008159e-01
-2.252290467277992814e-01
-2.328651877387880598e-01
-2.405467720713984348e-01
-2.482736179726101333e-01
-2.560461879300868770e-01
-2.638658393039383654e-01
-2.717351685503581193e-01
-2.796584863580829916e-01
-2.876424773416544900e-01
-2.956971224565603240e-01
-3.038370001444469226e-01
-3.120831425533048264e-01
-3.204657230004397395e-01
-3.290280229525005540e-01
-3.378324375959251835e-01
-3.469698706256231224e-01
-3.565750651665214876e-01
-3.668530163952822276e-01
-3.781277698046435209e-01
-3.909411954965518188e-01
-4.062790721256617221e-01
-4.261872651383204480e-01
-4.559730120856544389e-01
-5.170399957287107329e-01
-5.170399957287107329e-01
-5.170399957287107329e-01
-5.170399957287107329e-01
-5.170399957287107329e-01
-5.170399957287107329e-01
-5.170399957287107329e-01
-5.170399957287107329e-01
-5.170399957287107329e-01
-5.170399957287107329e-01
-5.170399957287107329e-01
-5.170399957287107329e-01
-5.170399957287107329e-01
-5.170399957287107329e-01
-5.170399957287107329e-01
-5.170399957287107329e-01
-5.170399957287107329e-01
-5.170399957287107329e-01
-5.170399957287107329e-01
-5.170399957287107329e-01
-5.170399957287107329e-01
