0.000000000000000000e+00
0.000000000000000000e+00
0.000000000000000000e+00
0.000000000000000000e+00
0.000000000000000000e+00
0.000000000000000000e+00
0.000000000000000000e+00
0.000000000000000000e+00
0.000000000000000000e+00
0.000000000000000000e+00
0.000000000000000000e+00
0.000000000000000000e+00
0.000000000000000000e+00
0.000000000000000000e+00
0.000000000000000000e+00
0.000000000000000000e+00
0.000000000000000000e+00
0.000000000000000000e+00
0.000000000000000000e+00
0.000000000000000000e+00
0.000000000000000000e+00
3.374486245092805941e+06
1.101483517404318089e+06
5.363895560556879500e+05
3.171750181019810261e+05
2.102389880836910743e+05
1.502318246105614235e+05
1.132166991651448916e+05
8.876995554829275352e+04
7.176764718682477542e+04
5.945403634144388343e+04
5.024038632896554918e+04
4.315859558822400868e+04
3.759145999697982916e+04
3.313039357127411495e+04
2.949616567559481700e+04
2.649266976803034049e+04
2.397888173009887396e+04
2.185126649814891425e+04
2.003240970943373759e+04
1.846347864683080843e+04
1.709910616749653855e+04
1.590384672159952606e+04
1.484967555040183834e+04
1.391419424469579099e+04
1.307932343834314815e+04
1.233033709694090248e+04
1.165514002122468446e+04
1.104372095623444693e+04
1.048773413396272372e+04
9.980175872888730737e+03
9.515132311466724786e+03
9.087580921625745759e+03
8.693233072219944006e+03
8.328408206487667485e+03
7.989932570853466132e+03
7.675057160314253451e+03
7.381390816144819837e+03
7.106845354513663551e+03
6.849590310438086817e+03
6.608015414271725604e+03
6.380699323185386675e+03
6.166383440655173217e+03
5.963949896616478327e+03
5.772402947090510679e+03
5.590853197598715269e+03
5.418504169105040091e+03
5.254640815718841623e+03
5.098619675350366379e+03
4.949860392028106617e+03
4.807838394791514474e+03
4.672078555364836575e+03
4.542149677054476342e+03
4.417659691935261435e+03
4.298251463528017666e+03
4.183599108702635931e+03
4.073404766169044706e+03
3.967395750191675234e+03
3.865322037523617837e+03
3.766954043355165595e+03
3.672080648590019791e+03
3.580507446228966728e+03
3.492055179239365771e+03
3.406558346167940726e+03
3.323863954036708947e+03
3.243830400847670717e+03
3.166326472390056097e+03
3.091230440065953644e+03
3.018429248177579211e+03
2.947817780600770675e+03
2.879298198042386957e+03
2.812779338174841087e+03
2.748176171887147120e+03
2.685409309710157231e+03
2.624404553182649579e+03
2.565092486541007474e+03
2.507408104651518897e+03
2.451290473571538769e+03
2.396682420534833000e+03
2.343530250513962073e+03
2.291783486826756871e+03
2.241394633530212104e+03
2.192318957588730882e+03
2.144514289019235093e+03
2.097940837406866194e+03
2.052561023355367070e+03
2.008339323588931393e+03
1.965242128559891398e+03
1.923237611541703245e+03
1.882295608301755237e+03
1.842387506555801110e+03
1.803486144507842027e+03
1.765565717878386749e+03
1.728601694923297828e+03
1.692570739047705956e+03
1.657450638729068942e+03
1.623220244584656939e+03
1.589859413557466951e+03
1.557348960358642898e+03
1.525670616502936582e+03
1.494806997519554443e+03
1.464741579229937997e+03
1.435458684378263342e+03
1.406943481407717172e+03
1.379181997833694595e+03
1.352161151523532681e+03
1.325868804316781052e+03
1.300293843898690739e+03
1.275426301789156469e+03
1.251257517885677771e+03
1.227780365410851118e+03
1.204989554640818369e+03
1.182882039804283977e+03
1.161457561542089024e+03
1.140719367975008254e+03
1.120675171642702253e+03
1.101338418556725401e+03
1.082729970980231428e+03
1.064880339488330492e+03
1.047832645313807916e+03
1.031646554894425890e+03
1.016403510230941833e+03
1.002213688299858518e+03
9.892252699848040720e+02
9.776367967721212153e+02
9.677136592677215958e+02
9.598101189347654554e+02
9.543987449480641772e+02
9.521097942779277901e+02
9.537839324483385326e+02
9.605428625364183972e+02
9.738840068001338750e+02
9.958075151181734554e+02
1.028986763346093312e+03
1.076997451217282105e+03
1.144625858978994074e+03
1.238284456466427628e+03
1.366573933801267003e+03
1.541046462481436947e+03
1.777248040470842625e+03
2.096151736513210381e+03
2.526143985534409694e+03
3.105801705718413359e+03
3.887814833132372314e+03
4.944596692997558421e+03
6.376439212045950626e+03
8.323615646354252021e+03
1.098481051443181786e+04
1.464606732540057419e+04
1.972794041230934090e+04
2.686561151944935773e+04
3.705185104620091442e+04
5.190715412208193447e+04
7.422615181989959092e+04
1.091786153924250248e+05
1.672411948170776595e+05
2.724144541345176403e+05
4.901428122414642130e+05
1.054273934060742613e+06
3.328368785148207564e+06
0.000000000000000000e+00
0.000000000000000000e+00
0.000000000000000000e+00
0.000000000000000000e+00
0.000000000000000000e+00
0.000000000000000000e+00
0.000000000000000000e+00
0.000000000000000000e+00
0.000000000000000000e+00
0.000000000000000000e+00
0.000000000000000000e+00
0.000000000000000000e+00
0.000000000000000000e+00
0.000000000000000000e+00
0.000000000000000000e+00
0.000000000000000000e+00
0.000000000000000000e+00
0.000000000000000000e+00
0.000000000000000000e+00
0.000000000000000000e+00
0.000000000000000000e+00
