2.574167052326474872e-02
2.574167052326474872e-02
2.574167052326474872e-02
2.574167052326474872e-02
2.574167052326474872e-02
2.574167052326474872e-02
2.574167052326474872e-02
2.574167052326474872e-02
2.574167052326474872e-02
2.574167052326474872e-02
2.574167052326474872e-02
2.574167052326474872e-02
2.574167052326474872e-02
2.574167052326474872e-02
2.574167052326474872e-02
2.574167052326474872e-02
2.574167052326474872e-02
2.574167052326474872e-02
2.574167052326474872e-02
2.574167052326474872e-02
2.574167052326474872e-02
2.574167052326474872e-02
2.574167052326474872e-02
2.574167052326474872e-02
2.574167052326474872e-02
2.574167052326474872e-02
2.574167052326474872e-02
2.574167052326474872e-02
2.574167052326474872e-02
2.574167052326474872e-02
2.574167052326474872e-02
2.574167052326474872e-02
2.574167052326474872e-02
2.574167052326474872e-02
2.574167052326474872e-02
2.574167052326474872e-02
2.574167052326474872e-02
2.574167052326474872e-02
2.574167052326474872e-02
2.574167052326474872e-02
2.574167052326474872e-02
2.574167052326474872e-02
2.574167052326474872e-02
2.574167052326474872e-02
2.574167052326474872e-02
2.574167052326474872e-02
2.574167052326474872e-02
2.574167052326474872e-02
2.574167052326474872e-02
2.574167052326474872e-02
2.574167052326474872e-02
2.574167052326474872e-02
2.574167052326474872e-02
2.574167052326474872e-02
2.574167052326474872e-02
2.574167052326474872e-02
2.574167052326474872e-02
2.574167052326474872e-02
2.574167052326474872e-02
2.574167052326474872e-02
2.574167052326474872e-02
2.574167052326474872e-02
2.574167052326474872e-02
2.574167052326474872e-02
2.574167052326474872e-02
2.574167052326474872e-02
2.574167052326474872e-02
2.574167052326474872e-02
2.574167052326474872e-02
2.574167052326474872e-02
2.574167052326474872e-02
2.574167052326474872e-02
2.574167052326474872e-02
2.574167052326474872e-02
2.574167052326474872e-02
2.574167052326474872e-02
2.574167052326474872e-02
2.574167052326474872e-02
2.574167052326474872e-02
2.574167052326474872e-02
2.574167052326474872e-02
2.574167052326474872e-02
2.574167052326474872e-02
2.574167052326474872e-02
2.574167052326474872e-02
2.574167052326474872e-02
2.574167052326474872e-02
2.574167052326474872e-02
2.574167052326474872e-02
2.574167052326474872e-02
2.574167052326474872e-02
2.574167052326474872e-02
2.574167052326474872e-02
2.574167052326474872e-02
2.574167052326474872e-02
2.574167052326474872e-02
2.574167052326474872e-02
2.574167052326474872e-02
2.574167052326474872e-02
2.574167052326474872e-02
2.574167052326474872e-02
2.578173290361304021e-02
2.582564105815128228e-02
2.587346839634629969e-02
2.592527638946030139e-02
2.598111526606291383e-02
2.604102470281119061e-02
2.610503450486939200e-02
2.617316527141704333e-02
2.624542904262898435e-02
2.632182992531758789e-02
2.640236469512082310e-02
2.648702337371166768e-02
2.657578978000644035e-02
2.666864205477275165e-02
2.676555315839126287e-02
2.686649134181840967e-02
2.697142059103680226e-02
2.708030104547445860e-02
2.719308939102820649e-02
2.730973922844739943e-02
2.743020141792528246e-02
2.755442440081263406e-02
2.768235449941426965e-02
2.781393619585765739e-02
2.794911239103702386e-02
2.808782464463869741e-02
2.823001339724564782e-02
2.837561817550375218e-02
2.852457778131051169e-02
2.867683046596005911e-02
2.883231409014827551e-02
2.899096627070784499e-02
2.915272451490884958e-02
2.931752634312340816e-02
2.948530940061607625e-02
2.965601155918465640e-02
2.982957100933886566e-02
3.000592634366784639e-02
3.018501663201187193e-02
3.036678148901874805e-02
3.055116113463162905e-02
3.073809644802293767e-02
3.092752901545724534e-02
3.111940117253675711e-02
3.131365604125410651e-02
3.151023756225037470e-02
3.170909052265033501e-02
3.191016057982264120e-02
3.211339428138937357e-02
3.231873908178795052e-02
3.252614335566759995e-02
3.273555640838317349e-02
3.294692848383118378e-02
3.316021076985562616e-02
3.337535540143519996e-02
3.359231546184839740e-02
3.381104498199916791e-02
3.403149893807224519e-02
3.425363324767519840e-02
3.447740476461280679e-02
3.470277127242822612e-02
3.492969147683590986e-02
3.515812499716127609e-02
3.538803235689402804e-02
3.561937497345339654e-02
3.585211514725610005e-02
3.608621605017109379e-02
3.632164171343811587e-02
3.655835701512114011e-02
3.679632766716253028e-02
3.703552020209758405e-02
3.727590195948518592e-02
3.751744107210490398e-02
3.776010645196736792e-02
3.800386777618008916e-02
3.824869547270799697e-02
3.849456070606398911e-02
3.874143536296198453e-02
3.898929203796191317e-02
3.923810401913348928e-02
3.948784527376311693e-02
3.973849043412572973e-02
3.999001478334175685e-02
4.024239424133680548e-02
4.049560535092033148e-02
4.074962526399751594e-02
4.100443172792746227e-02
4.126000307203867706e-02
4.151631819431229192e-02
4.177335654824169964e-02
4.203109812987631394e-02
4.228952346505616966e-02
4.254861359684315031e-02
4.280835007315352686e-02
4.306871493459608902e-02
4.332969070251901922e-02
4.359126036726802822e-02
4.385340737665826411e-02
4.411611562466091763e-02
4.437936944030543979e-02
4.464315357679838475e-02
4.490745320085838543e-02
4.517225388226708827e-02
4.543754158363533247e-02
4.570330265038351214e-02
4.596952380093487223e-02
4.623619211711992721e-02
4.650329503479060794e-02
4.677082033464154825e-02
4.703875613323681842e-02
4.730709087423936449e-02
4.757581331984072487e-02
4.784491254238860264e-02
4.811437791620898352e-02
4.838419910962050985e-02
4.865436607713777284e-02
4.892486905186053947e-02
4.919569853804621473e-02
4.946684530386167428e-02
4.973830037431208051e-02
5.001005502434285183e-02
5.028210077211212048e-02
5.055442937242976553e-02
5.082703281036049514e-02
5.109990329498729361e-02
5.137303325333204135e-02
5.164641532443025457e-02
5.192004235355653086e-02
5.219390738659761275e-02
5.246800366456994685e-02
5.274232461827849799e-02
5.301686386311379312e-02
5.329161519398391278e-02
5.356657258037889058e-02
5.384173016156372504e-02
5.411708224189785282e-02
5.439262328627757215e-02
5.466834791569893937e-02
5.494425090293798830e-02
5.522032716834555238e-02
5.549657177575417766e-02
5.577297992849418462e-02
5.604954696551623511e-02
5.632626835761781608e-02
5.660313970377130882e-02
5.688015672755086793e-02
5.715731527365555675e-02
5.743461130452676144e-02
5.771204089705706669e-02
5.798960023938870556e-02
5.826728562779880105e-02
5.854509346366962297e-02
5.882302025054159111e-02
5.910106259124667250e-02
5.937921718512031294e-02
5.965748082528996021e-02
5.993585039603778475e-02
6.021432287023609914e-02
6.049289530685350580e-02
6.077156484852942048e-02
6.105032871921593773e-02
6.132918422188470692e-02
6.160812873629736841e-02
6.188715971683755174e-02
6.216627469040329756e-02
6.244547125435771784e-02
6.272474707453691567e-02
6.300409988331302780e-02
6.328352747771141817e-02
6.356302771758029491e-02
6.384259852381138356e-02
6.412223787661047725e-02
6.440194381381583733e-02
6.468171442926420878e-02
6.496154787120221596e-02
6.524144234074244486e-02
6.552139609036268519e-02
6.580140742244738883e-02
6.608147468786997047e-02
6.636159628461510418e-02
6.664177065643955844e-02
6.692199629157088991e-02
6.720227172144258021e-02
6.748259551946500512e-02
6.776296629983091790e-02
6.804338271635462787e-02
6.832384346134387498e-02
6.860434726450373444e-02
6.888489289187130216e-02
6.916547914478053671e-02
6.944610485885638340e-02
6.972676890303741715e-02
7.000747017862589405e-02
7.028820761836503117e-02
7.056898018554214058e-02
7.084978687311734025e-02
7.113062670287687017e-02
7.141149872461052817e-02
7.169240201531232315e-02
7.197333567840374924e-02
7.225429884297931982e-02
7.253529066307334849e-02
7.281631031694764389e-02
7.309735700639946598e-02
7.337842995608898078e-02
7.365952841288606057e-02
7.394065164523552780e-02
7.422179894254049559e-02
7.450296961456320810e-02
7.478416299084300611e-02
7.506537842013080719e-02
7.534661526983969793e-02
7.562787292551123586e-02
7.590915079029689205e-02
7.619044828445423190e-02
7.647176484485758430e-02
7.675309992452251928e-02
7.703445299214402298e-02
7.731582353164771770e-02
7.759721104175396067e-02
7.787861503555434939e-02
7.816003504010038405e-02
7.844147059600369010e-02
7.872292125704788424e-02
7.900438658981136231e-02
7.928586617330089792e-02
7.956735959859574658e-02
7.984886646850181124e-02
8.013038639721586920e-02
8.041191900999926367e-02
8.069346394286082413e-02
8.097502084224916796e-02
8.125658936475330107e-02
8.153816917681243337e-02
8.181975995443344085e-02
8.210136138291683483e-02
8.238297315659044717e-02
8.266459497855065119e-02
8.294622656041107656e-02
8.322786762205849898e-02
8.350951789141568271e-02
8.379117710421107867e-02
8.407284500375496183e-02
8.435452134072222996e-02
8.463620587294112818e-02
8.491789836518824630e-02
8.519959858898933092e-02
8.548130632242556537e-02
8.576302134994583104e-02
8.604474346218406178e-02
8.632647245578184414e-02
8.660820813321606915e-02
8.688995030263176045e-02
8.717169877767938502e-02
8.745345337735693780e-02
8.773521392585664769e-02
8.801698025241601331e-02
8.829875219117298835e-02
8.858052958102557994e-02
8.886231226549506923e-02
8.914410009259364498e-02
8.942589291469546509e-02
8.970769058841135402e-02
8.998949297446755258e-02
9.027129993758749305e-02
9.055311134637715476e-02
9.083492707321384751e-02
9.111674699413768730e-02
9.139857098874668018e-02
9.168039894009455404e-02
9.196223073459175446e-02
9.224406626190899405e-02
9.252590541488381337e-02
9.280774808942952869e-02
9.308959418444724687e-02
9.337144360173993407e-02
9.365329624592920454e-02
9.393515202437437150e-02
9.421701084709395435e-02
9.449887262668932308e-02
9.478073727827056316e-02
9.506260471938461631e-02
9.534447486994516996e-02
9.562634765216475319e-02
9.590822299048892829e-02
9.619010081153202274e-02
9.647198104401497054e-02
9.675386361870477736e-02
9.703574846835584522e-02
9.731763552765296255e-02
9.759952473315582078e-02
9.788141602324522406e-02
9.816330933807085324e-02
9.844520461950048706e-02
9.872710181107069438e-02
9.900900085793890026e-02
9.929090170683681216e-02
9.957280430602527543e-02
9.985470860525046122e-02
1.001366145557010812e-01
1.004185221099670039e-01
1.007004312219991482e-01
1.009823418470703477e-01
1.012642539417373116e-01
1.015461674638038631e-01
1.018280823722851752e-01
1.021099986273729249e-01
1.023919161904014580e-01
1.026738350238151354e-01
1.029557550911362890e-01
1.032376763569343714e-01
1.035195987867959383e-01
1.038015223472952692e-01
1.040834470059662509e-01
1.043653727312745944e-01
1.046472994925912309e-01
1.049292272601662357e-01
1.052111560051036260e-01
1.054930856993367694e-01
1.057750163156048195e-01
1.060569478274291655e-01
1.063388802090912827e-01
1.066208134356107645e-01
1.069027474827240476e-01
1.071846823268640392e-01
1.074666179451399528e-01
1.077485543153178932e-01
1.080304914158020935e-01
1.083124292256164439e-01
1.085943677243867977e-01
1.088763068923235822e-01
1.091582467102051313e-01
1.094401871593611991e-01
1.097221282216572918e-01
1.100040698794790966e-01
1.102860121157176326e-01
1.105679549137547901e-01
1.108498982574490227e-01
1.111318421311218579e-01
1.114137865195444221e-01
1.116957314079246172e-01
1.119776767818945334e-01
1.122596226274982234e-01
1.125415689311798362e-01
1.128235156797722516e-01
1.131054628604855894e-01
1.133874104608967315e-01
1.136693584689385111e-01
1.139513068728894990e-01
1.142332556613641220e-01
1.145152048233029490e-01
1.147971543479633372e-01
1.150791042249101753e-01
1.153610544440072244e-01
1.156430049954083050e-01
1.159249558695491095e-01
1.162069070571388613e-01
1.164888585491526130e-01
1.167708103368235301e-01
1.170527624116353832e-01
1.173347147653153594e-01
1.176166673898269149e-01
1.178986202773631559e-01
1.181805734203400099e-01
1.184625268113898428e-01
1.187444804433552270e-01
1.190264343092827248e-01
1.193083884024171704e-01
1.195903427161957022e-01
1.198722972442423929e-01
1.201542519803625864e-01
1.204362069185378331e-01
1.207181620529206023e-01
1.210001173778293970e-01
1.212820728877439386e-01
1.215640285773003093e-01
1.218459844412865395e-01
1.221279404746380554e-01
1.224098966724333909e-01
1.226918530298899690e-01
1.229738095423600491e-01
1.232557662053267583e-01
1.235377230144001637e-01
1.238196799653135810e-01
1.241016370539198554e-01
1.243835942761878505e-01
1.246655516281991033e-01
1.249475091061442028e-01
1.252294667063197364e-01
1.255114244251249733e-01
1.257933822590589501e-01
1.260753402047172234e-01
1.263572982587891913e-01
1.266392564180549574e-01
1.269212146793827489e-01
1.272031730397260862e-01
1.274851314961212845e-01
1.277670900456848169e-01
1.280490486856107890e-01
1.283310074131685519e-01
1.286129662257002038e-01
1.288949251206183977e-01
1.291768840954040654e-01
1.294588431476041412e-01
1.297408022748294532e-01
1.300227614747526406e-01
1.303047207451061285e-01
1.305866800836799624e-01
1.308686394883200876e-01
1.311505989569261843e-01
1.314325584874500019e-01
1.317145180778934443e-01
1.319964777263067102e-01
1.322784374307867106e-01
1.325603971894750988e-01
1.328423570005569099e-01
1.331243168622585349e-01
1.334062767728463050e-01
1.336882367306249930e-01
1.339701967339360367e-01
1.342521567811560401e-01
1.345341168706954416e-01
1.348160770009966813e-01
1.350980371705330918e-01
1.353799973778071486e-01
1.356619576213492495e-01
1.359439178997161879e-01
1.362258782114897371e-01
1.365078385552752627e-01
1.367897989297004457e-01
1.370717593334138673e-01
1.373537197650835096e-01
1.376356802233955900e-01
1.379176407070532295e-01
1.381996012147749253e-01
1.384815617452933856e-01
1.387635222973541416e-01
1.390454828697143541e-01
1.393274434611411206e-01
1.396094040704105588e-01
1.398913646963061697e-01
1.401733253376176713e-01
1.404552859931395281e-01
1.407372466616697293e-01
1.410192073420082348e-01
1.413011680329556707e-01
1.415831287333121358e-01
1.418650894418753416e-01
1.421470501574395584e-01
1.424290108787940601e-01
1.427109716047215704e-01
1.429929323339968195e-01
1.432748930653850450e-01
1.435568537976403825e-01
1.438388145295043663e-01
1.441207752597041813e-01
1.444027359869511640e-01
1.446846967099389980e-01
1.449666574273419939e-01
1.452486181378133956e-01
1.455305788399836875e-01
1.458125395324583184e-01
1.460945002138162585e-01
1.463764608826078062e-01
1.466584215373525901e-01
1.469403821765373486e-01
1.472223427986141253e-01
1.475043034019978272e-01
1.477862639850642812e-01
1.480682245461475144e-01
1.483501850835373392e-01
1.486321455954772996e-01
1.489141060801615624e-01
1.491960665357326687e-01
1.494780269602785927e-01
1.497599873518299096e-01
1.500419477083568820e-01
1.503239080277665174e-01
1.506058683078991545e-01
1.508878285465255209e-01
1.511697887413430696e-01
1.514517488899727038e-01
1.517337089899550573e-01
1.520156690387466647e-01
1.522976290337160754e-01
1.525795889721399401e-01
1.528615488511987086e-01
1.531435086679721613e-01
1.534254684194350238e-01
1.537074281024523037e-01
1.539893877137742673e-01
1.542713472500314986e-01
1.545533067077294320e-01
1.548352660832432448e-01
1.551172253728117512e-01
1.553991845725317955e-01
1.556811436783519242e-01
1.559631026860662517e-01
1.562450615913076046e-01
1.565270203895407497e-01
1.568089790760551772e-01
1.570909376459575790e-01
1.573728960941643829e-01
1.576548544153933973e-01
1.579368126041555687e-01
1.582187706547461825e-01
1.585007285612360650e-01
1.587826863174618963e-01
1.590646439170164961e-01
1.593466013532386094e-01
1.596285586192024986e-01
1.599105157077065908e-01
1.601924726112622377e-01
1.604744293220818629e-01
1.607563858320662509e-01
1.610383421327919173e-01
1.613202982154973708e-01
1.616022540710694566e-01
1.618842096900286742e-01
1.621661650625139117e-01
1.624481201782669026e-01
1.627300750266157114e-01
1.630120295964577748e-01
1.632939838762420826e-01
1.635759378539508313e-01
1.638578915170800510e-01
1.641398448526195930e-01
1.644217978470325636e-01
1.647037504862333968e-01
1.649857027555655109e-01
1.652676546397777169e-01
1.655496061229999594e-01
1.658315571887177542e-01
1.661135078197458759e-01
1.663954579982007687e-01
1.666774077054720415e-01
1.669593569221926310e-01
1.672413056282076593e-01
1.675232538025422380e-01
1.678052014233679945e-01
1.680871484679679617e-01
1.683690949127002179e-01
1.686510407329601668e-01
1.689329859031409309e-01
1.692149303965925222e-01
1.694968741855789052e-01
1.697788172412338370e-01
1.700607595335145716e-01
1.703427010311536205e-01
1.706246417016086814e-01
1.709065815110106523e-01
1.711885204241090919e-01
1.714704584042161528e-01
1.717523954131473241e-01
1.720343314111607569e-01
1.723162663568932051e-01
1.725982002072938004e-01
1.728801329175554402e-01
1.731620644410423737e-01
1.734439947292159834e-01
1.737259237315570692e-01
1.740078513954844697e-01
1.742897776662714338e-01
1.745717024869574141e-01
1.748536257982571673e-01
1.751355475384655802e-01
1.754174676433588598e-01
1.756993860460915324e-01
1.759813026770896682e-01
1.762632174639394145e-01
1.765451303312705611e-01
1.768270412006362757e-01
1.771089499903871212e-01
1.773908566155407429e-01
1.776727609876452008e-01
1.779546630146379149e-01
1.782365626006976178e-01
1.785184596460914486e-01
1.788003540470148311e-01
1.790822456954256070e-01
1.793641344788706737e-01
1.796460202803062955e-01
1.799279029779104477e-01
1.802097824448879726e-01
1.804916585492673531e-01
1.807735311536898259e-01
1.810554001151891967e-01
1.813372652849633282e-01
1.816191265081357475e-01
1.819009836235078725e-01
1.821828364633011899e-01
1.824646848528886367e-01
1.827465286105151854e-01
1.830283675470073812e-01
1.833102014654703904e-01
1.835920301609733074e-01
1.838738534202212505e-01
1.841556710212143011e-01
1.844374827328926492e-01
1.847192883147671660e-01
1.850010875165347679e-01
1.852828800776785967e-01
1.855646657270514921e-01
1.858464441824426994e-01
1.861282151501270632e-01
1.864099783243956809e-01
1.866917333870676821e-01
1.869734800069820235e-01
1.872552178394686628e-01
1.875369465257982760e-01
1.878186656926096043e-01
1.881003749513138756e-01
1.883820738974744669e-01
1.886637621101616702e-01
1.889454391512815912e-01
1.892271045648769301e-01
1.895087578764008962e-01
1.897903985919601466e-01
1.900720261975278880e-01
1.903536401581249482e-01
1.906352399169679857e-01
1.909168248945822266e-01
1.911983944878797304e-01
1.914799480691994349e-01
1.917614849853085390e-01
1.920430045563636945e-01
1.923245060748300650e-01
1.926059888043566704e-01
1.928874519786070441e-01
1.931688948000417627e-01
1.934503164386524310e-01
1.937317160306446517e-01
1.940130926770676500e-01
1.942944454423895240e-01
1.945757733530142086e-01
1.948570753957396540e-01
1.951383505161533860e-01
1.954195976169643412e-01
1.957008155562673934e-01
1.959820031457384093e-01
1.962631591487569993e-01
1.965442822784544685e-01
1.968253711956834406e-01
1.971064245069063248e-01
1.973874407620000715e-01
1.976684184519725829e-01
1.979493560065892777e-01
1.982302517919040663e-01
1.985111041076934313e-01
1.987919111847875897e-01
1.990726711822969341e-01
1.993533821847276732e-01
1.996340421989841463e-01
1.999146491512528712e-01
2.001952008837631636e-01
2.004756951514207464e-01
2.007561296183092980e-01
2.010365018540539450e-01
2.013168093300432282e-01
2.015970494155027992e-01
2.018772193734161835e-01
2.021573163562864761e-01
2.024373374017337801e-01
2.027172794279214763e-01
2.029971392288057175e-01
2.032769134692017921e-01
2.035565986796599169e-01
2.038361912511449658e-01
2.041156874295117774e-01
2.043950833097701314e-01
2.046743748301304289e-01
2.049535577658241903e-01
2.052326277226903251e-01
2.055115801305193446e-01
2.057904102361478027e-01
2.060691130962936102e-01
2.063476835701250622e-01
2.066261163115530597e-01
2.069044057612385856e-01
2.071825461383057787e-01
2.074605314317509996e-01
2.077383553915393977e-01
2.080160115193775971e-01
2.082934930591543443e-01
2.085707929870375676e-01
2.088479040012186372e-01
2.091248185112932201e-01
2.094015286272687126e-01
2.096780261481868690e-01
2.099543025503526894e-01
2.102303489751576049e-01
2.105061562164876887e-01
2.107817147077052922e-01
2.110570145081952231e-01
2.113320452894635049e-01
2.116067963207809433e-01
2.118812564543594845e-01
2.121554141100532032e-01
2.124292572595745388e-01
2.127027734102168721e-01
2.129759495880752251e-01
2.132487723207576458e-01
2.135212276195802283e-01
2.137933009612391355e-01
2.140649772689553754e-01
2.143362408930859497e-01
2.146070755912006800e-01
2.148774645076203249e-01
2.151473901524171839e-01
2.154168343798780472e-01
2.156857783664319628e-01
2.159542025880486493e-01
2.162220867971125504e-01
2.164894099987824672e-01
2.167561504268483985e-01
2.170222855190985789e-01
2.172877918922156981e-01
2.175526453162211771e-01
2.178168206884928959e-01
2.180802920073839357e-01
2.183430323454748911e-01
2.186050138224958639e-01
2.188662075779609639e-01
2.191265837435623920e-01
2.193861114153766723e-01
2.196447586259417106e-01
2.199024923162722911e-01
2.201592783078855364e-01
2.204150812749163801e-01
2.206698647164136440e-01
2.209235909289124222e-01
2.211762209793900202e-01
2.214277146787224371e-01
2.216780305557673469e-01
2.219271258322116080e-01
2.221749563983331510e-01
2.224214767898385625e-01
2.226666401659509464e-01
2.229103982889357738e-01
2.231527015052677532e-01
2.233934987286542717e-01
2.236327374251487476e-01
2.238703636006005304e-01
2.241063217907074689e-01
2.243405550539510074e-01
2.245730049677134577e-01
2.248036116278935570e-01
2.250323136523552092e-01
2.252590481885627105e-01
2.254837509257730244e-01
2.257063561121765149e-01
2.259267965773935627e-01
2.261450037607552477e-01
2.263609077458112184e-01
2.265744373015282642e-01
2.267855199306577363e-01
2.269940819257653397e-01
2.272000484334343040e-01
2.274033435271606285e-01
2.276038902894761684e-01
2.278016109038407122e-01
2.279964267568526104e-01
2.281882585513317352e-01
2.283770264308310483e-01
2.285626501161283908e-01
2.287450490542485837e-01
2.289241425805517982e-01
2.290998500944147476e-01
2.292720912490082974e-01
2.294407861556535533e-01
2.296058556032084808e-01
2.297672212928996149e-01
2.299248060889742817e-01
2.300785342854975157e-01
2.302283318895633757e-01
2.303741269211263820e-01
2.305158497295893838e-01
2.306534333272040049e-01
2.307868137392526386e-01
2.309159303708885891e-01
2.310407263904034336e-01
2.311611491285807118e-01
2.312771504936733946e-01
2.313886874014115524e-01
2.314957222193082254e-01
2.315982232243818939e-01
2.316961650732569378e-01
2.317895292834334653e-01
2.318783047243412332e-01
2.319624881166009733e-01
2.320420845377170194e-01
2.321171079322076336e-01
2.321875816239511447e-01
2.322535388282803981e-01
2.323150231610889849e-01
2.323720891419239210e-01
2.324248026877204221e-01
2.324732415934817331e-01
2.325174959958100918e-01
2.325576688147490689e-01
2.325576688147490689e-01
2.325576688147490689e-01
2.325576688147490689e-01
2.325576688147490689e-01
2.325576688147490689e-01
2.325576688147490689e-01
2.325576688147490689e-01
2.325576688147490689e-01
2.325576688147490689e-01
2.325576688147490689e-01
2.325576688147490689e-01
2.325576688147490689e-01
2.325576688147490689e-01
2.325576688147490689e-01
2.325576688147490689e-01
2.325576688147490689e-01
2.325576688147490689e-01
2.325576688147490689e-01
2.325576688147490689e-01
2.325576688147490689e-01
2.325576688147490689e-01
2.325576688147490689e-01
2.325576688147490689e-01
2.325576688147490689e-01
2.325576688147490689e-01
2.325576688147490689e-01
2.325576688147490689e-01
2.325576688147490689e-01
2.325576688147490689e-01
2.325576688147490689e-01
2.325576688147490689e-01
2.325576688147490689e-01
2.325576688147490689e-01
2.325576688147490689e-01
2.325576688147490689e-01
2.325576688147490689e-01
2.325576688147490689e-01
2.325576688147490689e-01
2.325576688147490689e-01
2.325576688147490689e-01
2.325576688147490689e-01
2.325576688147490689e-01
2.325576688147490689e-01
2.325576688147490689e-01
2.325576688147490689e-01
2.325576688147490689e-01
2.325576688147490689e-01
2.325576688147490689e-01
2.325576688147490689e-01
2.325576688147490689e-01
2.325576688147490689e-01
2.325576688147490689e-01
2.325576688147490689e-01
2.325576688147490689e-01
2.325576688147490689e-01
2.325576688147490689e-01
2.325576688147490689e-01
2.325576688147490689e-01
2.325576688147490689e-01
2.325576688147490689e-01
2.325576688147490689e-01
2.325576688147490689e-01
2.325576688147490689e-01
2.325576688147490689e-01
2.325576688147490689e-01
2.325576688147490689e-01
2.325576688147490689e-01
2.325576688147490689e-01
2.325576688147490689e-01
2.325576688147490689e-01
2.325576688147490689e-01
2.325576688147490689e-01
2.325576688147490689e-01
2.325576688147490689e-01
2.325576688147490689e-01
2.325576688147490689e-01
2.325576688147490689e-01
2.325576688147490689e-01
2.325576688147490689e-01
2.325576688147490689e-01
2.325576688147490689e-01
2.325576688147490689e-01
2.325576688147490689e-01
2.325576688147490689e-01
2.325576688147490689e-01
2.325576688147490689e-01
2.325576688147490689e-01
2.325576688147490689e-01
2.325576688147490689e-01
2.325576688147490689e-01
2.325576688147490689e-01
2.325576688147490689e-01
2.325576688147490689e-01
2.325576688147490689e-01
2.325576688147490689e-01
2.325576688147490689e-01
2.325576688147490689e-01
2.325576688147490689e-01
2.325576688147490689e-01
2.325576688147490689e-01
