0.000000000000000000e+00
0.000000000000000000e+00
0.000000000000000000e+00
0.000000000000000000e+00
0.000000000000000000e+00
0.000000000000000000e+00
0.000000000000000000e+00
0.000000000000000000e+00
0.000000000000000000e+00
0.000000000000000000e+00
0.000000000000000000e+00
0.000000000000000000e+00
0.000000000000000000e+00
0.000000000000000000e+00
0.000000000000000000e+00
0.000000000000000000e+00
0.000000000000000000e+00
0.000000000000000000e+00
0.000000000000000000e+00
0.000000000000000000e+00
0.000000000000000000e+00
0.000000000000000000e+00
0.000000000000000000e+00
0.000000000000000000e+00
0.000000000000000000e+00
0.000000000000000000e+00
0.000000000000000000e+00
0.000000000000000000e+00
0.000000000000000000e+00
0.000000000000000000e+00
0.000000000000000000e+00
0.000000000000000000e+00
0.000000000000000000e+00
0.000000000000000000e+00
0.000000000000000000e+00
0.000000000000000000e+00
0.000000000000000000e+00
0.000000000000000000e+00
0.000000000000000000e+00
0.000000000000000000e+00
0.000000000000000000e+00
0.000000000000000000e+00
0.000000000000000000e+00
0.000000000000000000e+00
0.000000000000000000e+00
0.000000000000000000e+00
0.000000000000000000e+00
0.000000000000000000e+00
0.000000000000000000e+00
0.000000000000000000e+00
0.000000000000000000e+00
0.000000000000000000e+00
0.000000000000000000e+00
0.000000000000000000e+00
0.000000000000000000e+00
0.000000000000000000e+00
0.000000000000000000e+00
0.000000000000000000e+00
0.000000000000000000e+00
0.000000000000000000e+00
0.000000000000000000e+00
0.000000000000000000e+00
0.000000000000000000e+00
0.000000000000000000e+00
0.000000000000000000e+00
0.000000000000000000e+00
0.000000000000000000e+00
0.000000000000000000e+00
0.000000000000000000e+00
0.000000000000000000e+00
0.000000000000000000e+00
0.000000000000000000e+00
0.000000000000000000e+00
0.000000000000000000e+00
0.000000000000000000e+00
0.000000000000000000e+00
0.000000000000000000e+00
0.000000000000000000e+00
0.000000000000000000e+00
0.000000000000000000e+00
0.000000000000000000e+00
0.000000000000000000e+00
0.000000000000000000e+00
0.000000000000000000e+00
0.000000000000000000e+00
0.000000000000000000e+00
0.000000000000000000e+00
0.000000000000000000e+00
0.000000000000000000e+00
0.000000000000000000e+00
0.000000000000000000e+00
0.000000000000000000e+00
0.000000000000000000e+00
0.000000000000000000e+00
0.000000000000000000e+00
0.000000000000000000e+00
0.000000000000000000e+00
0.000000000000000000e+00
0.000000000000000000e+00
0.000000000000000000e+00
0.000000000000000000e+00
4.581355871292581432e+05
4.125230796339740627e+05
3.734239389548897161e+05
3.396401201275694766e+05
3.102381951866804739e+05
2.844820671487050131e+05
2.617848457506877312e+05
2.416738909655798634e+05
2.237650603502129088e+05
2.077434901412260660e+05
1.933490810575122014e+05
1.803654164086998207e+05
1.686112146713749389e+05
1.579336746156606532e+05
1.482032484122664318e+05
1.393095026704533375e+05
1.311578158599521557e+05
1.236667241933494079e+05
1.167657742733115883e+05
1.103937747344492091e+05
1.044973642411470355e+05
9.902983198477442784e+04
9.395014097777886491e+04
8.922211519273974409e+04
8.481375982083952113e+04
8.069669026354282687e+04
7.684565038917190395e+04
7.323810442553967005e+04
6.985388987548294244e+04
6.667492122444050619e+04
6.368493610151328176e+04
6.086927706642447447e+04
5.821470340732505429e+04
5.570922831210287404e+04
5.334197756785895763e+04
5.110306658756981051e+04
4.898349308944644872e+04
4.697504318639719713e+04
4.507020899869992718e+04
4.326211619701976451e+04
4.154446012684321613e+04
3.991144936847233475e+04
3.835775575635558198e+04
3.687847002366829111e+04
3.546906235754555382e+04
3.412534725110936415e+04
3.284345212361199083e+04
3.161978925225381681e+04
3.045103062064119513e+04
2.933408534121053162e+04
2.826607935368276230e+04
2.724433713995886501e+04
2.626636522877953030e+04
2.532983729182148818e+04
2.443258065735322089e+04
2.357256408870394444e+04
2.274788669313866194e+04
2.195676784261532157e+04
2.119753800174980643e+04
2.046863037037396498e+04
1.976857325860337005e+04
1.909598312155110398e+04
1.844955818890109003e+04
1.782807263164790129e+04
1.723037121455034503e+04
1.665536438834200089e+04
1.610202378059198600e+04
1.556937804839799901e+04
1.505650905988693921e+04
1.456254837486264296e+04
1.408667399792885226e+04
1.362810738006929023e+04
1.318611064703102238e+04
1.275998403496682477e+04
1.234906351567248748e+04
1.195271859543785467e+04
1.157035027303542120e+04
1.120138914372062936e+04
1.084529363732657112e+04
1.050154837962623606e+04
1.016966266711002390e+04
9.849169046210447050e+03
9.539621988796225196e+03
9.240596656476394855e+03
8.951687746902967774e+03
8.672508415842563409e+03
8.402689269319702362e+03
8.141877420614715447e+03
7.889735607331879692e+03
7.645941364151903144e+03
7.410186247238178112e+03
7.182175106600693653e+03
6.961625403003034080e+03
6.748266566292227253e+03
6.541839392255734310e+03
6.342095475350900415e+03
6.148796674849832016e+03
5.961714612135352581e+03
5.780630197055703320e+03
5.605333181402479568e+03
5.435621737722506623e+03
5.271302061803633478e+03
5.112187997303130942e+03
4.958100681092124432e+03
4.808868207998182697e+03
4.664325313718435609e+03
4.524313074766467253e+03
4.388678624393980499e+03
4.257274883504541322e+03
4.129960305641634477e+03
4.006598635202042715e+03
3.887058678076895376e+03
3.771214083982303691e+03
3.658943139788121698e+03
3.550128573201026029e+03
3.444657366199823173e+03
3.342420577661082461e+03
3.243313174649373650e+03
3.147233871881733648e+03
3.054084978904591935e+03
2.963772254555387008e+03
2.876204768302136472e+03
2.791294768087141165e+03
2.708957554317237737e+03
2.629111359669314425e+03
2.551677234399930967e+03
2.476578936865214928e+03
2.403742828975675820e+03
2.333097776328571854e+03
2.264575052772947856e+03
2.198108249180362236e+03
2.133633186204514914e+03
2.071087830828165352e+03
2.010412216505161723e+03
1.951548366719820478e+03
1.894440221790588566e+03
1.839033568762053847e+03
1.785275974230526117e+03
1.733116719963156356e+03
1.682506741175398247e+03
1.633398567338644852e+03
1.585746265399009644e+03
1.539505385293297195e+03
1.494632907654893643e+03
1.451087193606044593e+03
1.408827936543214037e+03
1.367816115822703068e+03
1.328013952259070038e+03
1.289384865356821365e+03
1.251893432195429114e+03
1.215505347895898012e+03
1.180187387598215309e+03
1.145907369882435205e+03
1.112634121572578351e+03
1.080337443861505790e+03
1.048988079700960952e+03
1.018557682402591354e+03
9.890187853985436277e+02
9.603447731120231765e+02
9.325098528935395734e+02
9.054890279756815517e+02
8.792580714062828520e+02
8.537935009186168145e+02
8.290725547023625950e+02
8.050731680357877167e+02
7.817739507475570235e+02
7.591541654723091597e+02
7.371937066709181181e+02
7.158730803827406817e+02
6.951733846833700454e+02
6.750762908183256741e+02
6.555640249874982146e+02
6.366193507562020386e+02
6.182255520659425656e+02
6.003664168250840021e+02
5.830262210552134547e+02
5.661897135735044913e+02
5.498421011904257512e+02
5.339690344035684575e+02
5.185565935690691504e+02
5.035912755339388127e+02
4.890599807106232788e+02
4.749500005792575621e+02
4.612490056010558419e+02
4.479450335285052915e+02
4.350264780979233592e+02
4.224820780905728839e+02
4.103009067492821487e+02
3.984723615376355497e+02
3.869861542308099729e+02
3.758323013241446802e+02
3.650011147507994451e+02
3.544831928964698022e+02
3.442694119005897733e+02
3.343509172349157552e+02
3.247191155491365180e+02
3.153656667754890464e+02
3.062824764818427070e+02
2.974616884668116654e+02
2.888956775874444247e+02
2.805770428113078196e+02
2.724986004867301403e+02
2.646533778227833409e+02
2.570346065725649964e+02
2.496357169129629483e+02
2.424503315139882034e+02
2.354722597922047100e+02
2.286954923411371396e+02
2.221141955341197445e+02
2.157227062927154577e+02
2.095155270163190551e+02
2.034873206670835373e+02
1.976329060049129112e+02
1.919472529689511759e+02
1.864254781993313941e+02
1.810628406955403307e+02
1.758547376069680013e+02
1.707967001509766476e+02
1.658843896550263537e+02
1.611135937185354408e+02
1.564802224907118671e+02
1.519803050607866339e+02
1.476099859572080391e+02
1.433655217520768019e+02
1.392432777676931153e+02
1.352397248823558300e+02
1.313514364312307805e+02
1.275750852010414604e+02
1.239074405138079555e+02
1.203453653980535591e+02
1.168858138450491708e+02
1.135258281459344261e+02
1.102625363091027282e+02
1.070931495533342712e+02
1.040149598767307992e+02
1.010253376971084549e+02
9.812172956226785914e+01
9.530165592890529069e+01
9.256270900660580025e+01
8.990255066599362976e+01
8.731891040883586186e+01
8.480958339769073007e+01
8.237242854436958339e+01
8.000536665399749836e+01
7.770637862472641189e+01
7.547350369960631156e+01
7.330483777038875814e+01
7.119853173143475544e+01
6.915278988150147654e+01
6.716586837249376174e+01
6.523607370414838158e+01
6.336176126289822719e+01
6.154133390313184293e+01
5.977324057021377968e+01
5.805597496443792949e+01
5.638807424291400849e+01
5.476811776039782131e+01
5.319472584664625714e+01
5.166655861933986671e+01
5.018231483192813158e+01
4.874073075488119855e+01
4.734057908976755868e+01
4.598066791558783706e+01
4.465983966419278772e+01
4.337697012714021128e+01
4.213096749085119086e+01
4.092077139936681363e+01
3.974535204598478799e+01
3.860370928970103677e+01
3.749487179830549621e+01
3.641789621539046351e+01
3.537186635281975100e+01
3.435589240568027947e+01
3.336911019112470456e+01
3.241068040729882682e+01
3.147978791604171533e+01
3.057564104549858897e+01
2.969747091238840397e+01
2.884453076486155965e+01
2.801609534398013324e+01
2.721146026371306803e+01
2.642994140840344741e+01
2.567087434892273734e+01
2.493361377482409225e+01
2.421753294265591805e+01
2.352202314113463899e+01
2.284649317154229919e+01
2.219036884268245302e+01
2.155309248080281748e+01
2.093412245363539625e+01
2.033293270868297853e+01
1.974901232373073157e+01
1.918186507132466190e+01
1.863100899533534616e+01
1.809597600021981378e+01
1.757631145160529584e+01
1.707157378904429734e+01
1.658133414932813210e+01
1.610517600096106250e+01
1.564269478924669698e+01
1.519349759162106928e+01
1.475720278260877016e+01
1.433343970884297747e+01
1.392184837347201665e+01
1.352207912930730060e+01
1.313379238101373225e+01
1.275665829596623979e+01
1.239035652362190909e+01
1.203457592220350847e+01
1.168901429457597274e+01
1.135337813106871785e+01
1.102738235815779611e+01
1.071075009763127461e+01
1.040321242971137572e+01
1.010450816502551241e+01
9.814383621835075289e+00
9.532592410489588275e+00
9.258895223654679540e+00
8.993059632905280765e+00
8.734859890361498458e+00
8.484076737947688684e+00
8.240497219479312463e+00
8.003914500856806669e+00
7.774127693474329526e+00
7.550941683499091894e+00
7.334166965838588403e+00
7.123619483591352441e+00
6.919120470648054244e+00
6.720496300604041906e+00
6.527578338488913445e+00
6.340202798130142980e+00
6.158210602355252306e+00
5.981447248075391521e+00
5.809762674745065247e+00
5.643011137176420000e+00
5.481051081482378073e+00
5.323745025438848977e+00
5.170959440578021926e+00
5.022564639292096622e+00
4.878434665173377205e+00
4.738447185042434562e+00
4.602483385932949034e+00
4.470427873603346036e+00
4.342168574994416552e+00
4.217596642547048802e+00
4.096606362594967798e+00
3.979095064789678116e+00
3.864963035062811691e+00
3.754113431803344447e+00
3.646452202873461168e+00
3.541888005914543225e+00
3.440332130857323367e+00
3.341698424840490400e+00
3.245903218946390112e+00
3.152865257463449034e+00
3.062505628535610924e+00
2.974747698080389302e+00
2.889517043878951252e+00
2.806741392805793822e+00
2.726350559821750785e+00
2.648276388149725324e+00
2.572452692106169003e+00
2.498815200244373536e+00
2.427301501529830041e+00
2.357850992128455836e+00
2.290404824140938711e+00
2.224905856379963076e+00
2.161298605147437879e+00
2.099529197818004178e+00
2.039545327046158540e+00
1.981296207123780961e+00
1.924732530273153275e+00
1.869806425488205193e+00
1.816471418031634366e+00
1.764682389845949606e+00
1.714395542168678288e+00
1.665568358093814094e+00
1.618159567057876780e+00
1.572129109605525876e+00
1.527438104305577138e+00
1.484048814505741998e+00
1.441924616872199305e+00
1.401029970714068096e+00
1.361330387856232615e+00
1.322792404038953595e+00
1.285383550715307299e+00
1.249072327665775584e+00
1.213828177247145534e+00
1.179621458179071603e+00
1.146423421491794770e+00
1.114206185893253043e+00
1.082942715157570346e+00
1.052606795126476591e+00
1.023173012646087621e+00
9.946167339338318758e-01
9.669140845689304653e-01
9.400419298591985440e-01
9.139778552508557308e-01
8.887001484694113662e-01
8.641877816175425053e-01
8.404203943051661296e-01
8.173782761773977779e-01
7.950423520552525325e-01
7.733941656785827679e-01
7.524158653306197708e-01
7.320901892152198442e-01
7.124004518340475434e-01
6.933305306970727333e-01
6.748648534954041489e-01
6.569883862418053333e-01
6.396866208628575468e-01
6.229455645006941600e-01
6.067517288362398453e-01
5.910921190791363911e-01
5.759542249575453354e-01
5.613260105574842118e-01
5.471959064630957936e-01
5.335528002411056292e-01
5.203860290541808542e-01
5.076853717904473706e-01
4.954410422036976125e-01
4.836436815482533791e-01
4.722843532997212379e-01
4.613545363597124638e-01
4.508461202281836555e-01
4.407513997672005135e-01
4.310630703517741580e-01
4.217742242249246098e-01
4.128783464549194426e-01
4.043693115483854017e-01
3.962413804935018824e-01
3.884891987063636698e-01
3.811077933752308744e-01
3.740925722240460161e-01
3.674393222329429554e-01
3.611442083910119116e-01
3.552037740296123958e-01
3.496149401557474556e-01
3.443750071938919133e-01
3.394816547494476922e-01
3.349329437053890079e-01
3.307273176630334266e-01
3.268636056730565564e-01
3.233410251170348304e-01
3.201591851480934947e-01
3.173180902068190590e-01
3.148181442253010776e-01
3.126601559278808784e-01
3.108453441534038131e-01
3.093753434462727658e-01
3.082522108194720167e-01
3.074784329154160445e-01
3.070569331237903432e-01
3.069910799788834743e-01
3.072846960407597527e-01
3.079420678623868701e-01
3.089679555266826028e-01
3.103676037533566467e-01
3.121467530702653481e-01
3.143116522427528148e-01
3.168690704126878033e-01
3.198263123878435921e-01
3.231912312325196934e-01
3.269722448149091631e-01
3.311783511394865709e-01
3.358191460555939867e-01
3.409048403424090323e-01
3.464462785357417252e-01
3.524549579806230404e-01
3.589430509482214315e-01
3.659234255055240914e-01
3.734096679548135622e-01
3.814161073160300397e-01
3.899578403789902836e-01
3.990507562502613181e-01
4.087115647922681116e-01
4.189578260945946986e-01
4.298079790958758695e-01
4.412813738506256023e-01
4.533983034627519504e-01
4.661800383307584394e-01
4.796488619949962340e-01
4.938281083719283648e-01
5.087422004506688689e-01
5.244166913334639135e-01
5.408783059965580620e-01
5.581549861583964267e-01
5.762759359434764805e-01
5.952716699976614567e-01
6.151740638184116650e-01
6.360164059236107503e-01
6.578334525578718450e-01
6.806614846567673460e-01
7.045383666496560782e-01
7.295036088214302827e-01
7.555984312978191175e-01
7.828658317186356630e-01
8.113506541475085099e-01
8.410996628737833491e-01
8.721616179455012885e-01
9.045873547773953804e-01
9.384298651996573204e-01
9.737443845815992871e-01
1.010588480697144131e+00
1.049022147353461776e+00
1.089107900825885489e+00
1.130910880894693937e+00
1.174498956343984712e+00
1.219942834223755712e+00
1.267316174208447777e+00
1.316695707052007558e+00
1.368161358623252832e+00
1.421796378876417410e+00
1.477687474939720413e+00
1.535924951934643179e+00
1.596602858074511966e+00
1.659819135880982399e+00
1.725675780077533084e+00
1.794279001095514525e+00
1.865739396880764067e+00
1.940172130172998832e+00
2.017697113451406121e+00
2.098439202309818175e+00
2.182528395809954169e+00
2.270100045371769681e+00
2.361295072921298477e+00
2.456260196543410768e+00
2.555148166714561242e+00
2.658118011696266159e+00
2.765335292906456743e+00
2.876972370741803342e+00
2.993208681592897324e+00
3.114231026095299892e+00
3.240233869304586456e+00
3.371419651999738143e+00
3.507999117136134881e+00
3.650191647179601429e+00
3.798225617224424422e+00
3.952338760884776203e+00
4.112778553163586537e+00
4.279802605664739801e+00
4.453679082556682545e+00
4.634687129180406373e+00
4.823117320387408924e+00
5.019272129381755931e+00
5.223466410550535954e+00
5.436027906540127574e+00
5.657297774062497453e+00
5.887631130990508055e+00
6.127397627236704558e+00
6.376982037480221521e+00
6.636784879763052203e+00
6.907223057902069918e+00
7.188730531200426377e+00
7.481759010651949815e+00
7.786778684638346881e+00
8.104278974345000108e+00
8.434769318357767887e+00
8.778779992483409345e+00
9.136862960320817351e+00
9.509592758518266464e+00
9.897567421522866837e+00
1.030140944049995078e+01
1.072176676363699066e+01
1.115931383700417889e+01
1.161475268772421465e+01
1.208881405227909411e+01
1.258225855036247864e+01
1.309587790560015108e+01
1.363049621862207594e+01
1.418697129180869076e+01
1.476619600704468738e+01
1.536909976097463115e+01
1.599664995801844469e+01
1.664985356696363183e+01
1.732975873745702700e+01
1.803745648656750333e+01
1.877408245282837385e+01
1.954081872211409987e+01
2.033889572875964902e+01
2.116959423518040495e+01
2.203424739092803009e+01
2.293424287819263441e+01
2.387102514422428357e+01
2.484609772665203664e+01
2.586102567227032267e+01
2.691743805699112713e+01
2.801703060775765053e+01
2.916156843409634192e+01
3.035288887032880112e+01
3.159290443462593601e+01
3.288360590995781507e+01
3.422706555436890596e+01
3.562544043786914472e+01
3.708097592145605859e+01
3.859600927666579651e+01
4.017297345607192938e+01
4.181440101679626764e+01
4.352292820761173431e+01
4.530129922277696153e+01
4.715237063345126245e+01
4.907911599919531653e+01
5.108463067204063890e+01
5.317213679765440304e+01
5.534498852287863002e+01
5.760667741818090093e+01
5.996083812586532247e+01
6.241125423958104079e+01
6.496186442866518007e+01
6.761676881497550085e+01
7.038023561391125327e+01
7.325670805052432399e+01
7.625081156234418245e+01
7.936736130156049285e+01
8.261136994711152681e+01
8.598805584383828204e+01
8.950285147502674477e+01
9.316141229255177336e+01
9.696962591188015779e+01
1.009336216891039015e+02
1.050597806986907869e+02
1.093547461271554937e+02
1.138254340997577714e+02
1.184790449586029837e+02
1.233230750157562454e+02
1.283653287937459879e+02
1.336139317834226858e+02
1.390773437327202942e+02
1.447643724947919850e+02
1.506841884598407262e+02
1.568463395904614970e+02
1.632607670933525696e+02
1.699378217479325883e+02
1.768882809309362472e+02
1.841233663551811901e+02
1.916547625601162395e+02
1.994946361865256677e+02
2.076556560707208234e+02
2.161510141910874836e+02
2.249944475083631801e+02
2.342002607365454594e+02
2.437833500854821125e+02
2.537592280212586502e+02
2.641440490878002834e+02
2.749546368367711011e+02
2.862085119166271738e+02
2.979239213734237524e+02
3.101198692180272474e+02
3.228161483154080997e+02
3.360333736604170554e+02
3.497930170979676063e+02
3.641174435602755466e+02
3.790299488869359834e+02
3.945547993018662964e+02
4.107172726251741892e+02
4.275437013024840098e+02
4.450615173329410936e+02
4.632992991902336257e+02
4.822868208298619948e+02
5.020551028795851494e+02
5.226364661214896614e+02
5.440645873750718238e+02
5.663745578950783965e+02
5.896029444118623815e+02
6.137878529397936518e+02
6.389689954908673144e+02
6.651877598406498464e+02
6.924872824942975740e+02
7.209125250190129464e+02
7.505103539071103569e+02
7.813296241537351534e+02
8.134212667446429350e+02
8.468383802422632698e+02
8.816363266957017686e+02
9.178728320941066841e+02
9.556080916084504224e+02
9.949048798707962078e+02
1.035828666563194247e+03
1.078447737609769774e+03
1.122833322262954653e+03
1.169059726419676508e+03
1.217204472505006152e+03
1.267348446291192204e+03
1.319576051045664599e+03
1.373975369417668162e+03
1.430638333510994244e+03
1.489660903616457517e+03
1.551143256100270719e+03
1.615189980997337443e+03
1.681910289877030436e+03
1.751418234600470441e+03
1.823832937625940986e+03
1.899278834566733849e+03
1.977885929757662325e+03
2.059790065638962460e+03
2.145133206820199575e+03
2.234063739764787897e+03
2.326736789086960925e+03
2.423314551540242519e+03
2.523966648853756396e+03
2.628870500658209949e+03
2.738211718844377629e+03
2.852184524796189180e+03
2.970992191060340701e+03
3.094847509127623653e+03
3.223973285148148534e+03
3.358602865542313793e+03
3.498980694626999139e+03
3.645362906566722359e+03
3.798017954129137706e+03
3.957227276951919521e+03
4.123286012252734508e+03
4.296503751166660550e+03
4.477205344167457952e+03
4.665731759340569624e+03
4.862440997603654068e+03
5.067709069344178715e+03
5.281931037340147668e+03
5.505522131287642878e+03
5.738918939735408458e+03
5.982580685790449024e+03
6.236990593539426300e+03
6.502657352813717807e+03
6.780116690648365875e+03
7.069933058610570697e+03
7.372701446084817690e+03
7.689049330593918967e+03
8.019638777375197606e+03
8.365168701674390832e+03
8.726377308606170118e+03
9.104044727001173669e+03
9.498995855387298434e+03
9.912103440204269646e+03
1.034429140854660182e+04
1.079653848015438780e+04
1.126988208615334588e+04
1.176542262512923480e+04
1.228432809062173510e+04
1.282783910806587119e+04
1.339727442366467221e+04
1.399403689273150849e+04
1.461962002075532837e+04
1.527561511695232184e+04
1.596371912745615373e+04
1.668574322373468749e+04
1.744362223144005111e+04
1.823942499591161686e+04
1.907536579315502968e+04
1.995381690960555716e+04
2.087732253064021643e+04
2.184861409699270007e+04
2.287062731040483413e+04
2.394652099550362982e+04
2.507969805467254992e+04
2.627382878728605283e+04
2.753287688503057871e+04
2.886112846213639568e+04
3.026322453453844355e+04
3.174419742678818875e+04
3.330951166179021675e+04
3.496510997849956766e+04
3.671746522930940409e+04
3.857363903540684987e+04
4.054134822911103402e+04
4.262904029226893908e+04
4.484597921559581300e+04
4.720234346342152276e+04
4.970933804151134973e+04
5.237932304508679954e+04
5.522596152546329540e+04
5.826439007685168326e+04
6.151141623506403994e+04
6.498574762944053509e+04
6.870825887974923535e+04
7.270230353464944346e+04
7.699407997701836575e+04
8.161306226482095371e+04
8.659250945343919739e+04
9.197007021412975155e+04
9.778850373336898338e+04
1.040965432306076254e+05
1.109499353472627554e+05
1.184126976546480291e+05
1.265586483126651583e+05
1.354732774664697936e+05
1.452560506671401381e+05
1.560232623798505228e+05
1.679115952571339440e+05
1.810825922787113814e+05
1.957283198841305275e+05
2.120785993950708071e+05
2.304103241176238807e+05
2.510595799070627836e+05
2.744375775024961913e+05
3.010518322885506204e+05
3.315346656947819283e+05
3.666820729708908475e+05
4.075075047898390330e+05
4.553174845606029849e+05
0.000000000000000000e+00
0.000000000000000000e+00
0.000000000000000000e+00
0.000000000000000000e+00
0.000000000000000000e+00
0.000000000000000000e+00
0.000000000000000000e+00
0.000000000000000000e+00
0.000000000000000000e+00
0.000000000000000000e+00
0.000000000000000000e+00
0.000000000000000000e+00
0.000000000000000000e+00
0.000000000000000000e+00
0.000000000000000000e+00
0.000000000000000000e+00
0.000000000000000000e+00
0.000000000000000000e+00
0.000000000000000000e+00
0.000000000000000000e+00
0.000000000000000000e+00
0.000000000000000000e+00
0.000000000000000000e+00
0.000000000000000000e+00
0.000000000000000000e+00
0.000000000000000000e+00
0.000000000000000000e+00
0.000000000000000000e+00
0.000000000000000000e+00
0.000000000000000000e+00
0.000000000000000000e+00
0.000000000000000000e+00
0.000000000000000000e+00
0.000000000000000000e+00
0.000000000000000000e+00
0.000000000000000000e+00
0.000000000000000000e+00
0.000000000000000000e+00
0.000000000000000000e+00
0.000000000000000000e+00
0.000000000000000000e+00
0.000000000000000000e+00
0.000000000000000000e+00
0.000000000000000000e+00
0.000000000000000000e+00
0.000000000000000000e+00
0.000000000000000000e+00
0.000000000000000000e+00
0.000000000000000000e+00
0.000000000000000000e+00
0.000000000000000000e+00
0.000000000000000000e+00
0.000000000000000000e+00
0.000000000000000000e+00
0.000000000000000000e+00
0.000000000000000000e+00
0.000000000000000000e+00
0.000000000000000000e+00
0.000000000000000000e+00
0.000000000000000000e+00
0.000000000000000000e+00
0.000000000000000000e+00
0.000000000000000000e+00
0.000000000000000000e+00
0.000000000000000000e+00
0.000000000000000000e+00
0.000000000000000000e+00
0.000000000000000000e+00
0.000000000000000000e+00
0.000000000000000000e+00
0.000000000000000000e+00
0.000000000000000000e+00
0.000000000000000000e+00
0.000000000000000000e+00
0.000000000000000000e+00
0.000000000000000000e+00
0.000000000000000000e+00
0.000000000000000000e+00
0.000000000000000000e+00
0.000000000000000000e+00
0.000000000000000000e+00
0.000000000000000000e+00
0.000000000000000000e+00
0.000000000000000000e+00
0.000000000000000000e+00
0.000000000000000000e+00
0.000000000000000000e+00
0.000000000000000000e+00
0.000000000000000000e+00
0.000000000000000000e+00
0.000000000000000000e+00
0.000000000000000000e+00
0.000000000000000000e+00
0.000000000000000000e+00
0.000000000000000000e+00
0.000000000000000000e+00
0.000000000000000000e+00
0.000000000000000000e+00
0.000000000000000000e+00
0.000000000000000000e+00
0.000000000000000000e+00
