0.000000000000000000e+00
0.000000000000000000e+00
0.000000000000000000e+00
0.000000000000000000e+00
0.000000000000000000e+00
0.000000000000000000e+00
0.000000000000000000e+00
0.000000000000000000e+00
0.000000000000000000e+00
0.000000000000000000e+00
0.000000000000000000e+00
0.000000000000000000e+00
0.000000000000000000e+00
0.000000000000000000e+00
0.000000000000000000e+00
0.000000000000000000e+00
0.000000000000000000e+00
0.000000000000000000e+00
0.000000000000000000e+00
0.000000000000000000e+00
0.000000000000000000e+00
0.000000000000000000e+00
0.000000000000000000e+00
0.000000000000000000e+00
0.000000000000000000e+00
0.000000000000000000e+00
0.000000000000000000e+00
0.000000000000000000e+00
0.000000000000000000e+00
0.000000000000000000e+00
0.000000000000000000e+00
0.000000000000000000e+00
0.000000000000000000e+00
0.000000000000000000e+00
0.000000000000000000e+00
0.000000000000000000e+00
0.000000000000000000e+00
0.000000000000000000e+00
0.000000000000000000e+00
0.000000000000000000e+00
0.000000000000000000e+00
0.000000000000000000e+00
0.000000000000000000e+00
0.000000000000000000e+00
0.000000000000000000e+00
0.000000000000000000e+00
0.000000000000000000e+00
0.000000000000000000e+00
0.000000000000000000e+00
0.000000000000000000e+00
0.000000000000000000e+00
0.000000000000000000e+00
0.000000000000000000e+00
0.000000000000000000e+00
0.000000000000000000e+00
0.000000000000000000e+00
0.000000000000000000e+00
0.000000000000000000e+00
0.000000000000000000e+00
0.000000000000000000e+00
0.000000000000000000e+00
0.000000000000000000e+00
0.000000000000000000e+00
0.000000000000000000e+00
0.000000000000000000e+00
0.000000000000000000e+00
0.000000000000000000e+00
0.000000000000000000e+00
0.000000000000000000e+00
0.000000000000000000e+00
0.000000000000000000e+00
0.000000000000000000e+00
0.000000000000000000e+00
0.000000000000000000e+00
0.000000000000000000e+00
0.000000000000000000e+00
0.000000000000000000e+00
0.000000000000000000e+00
0.000000000000000000e+00
0.000000000000000000e+00
0.000000000000000000e+00
0.000000000000000000e+00
0.000000000000000000e+00
0.000000000000000000e+00
0.000000000000000000e+00
0.000000000000000000e+00
0.000000000000000000e+00
0.000000000000000000e+00
0.000000000000000000e+00
0.000000000000000000e+00
0.000000000000000000e+00
0.000000000000000000e+00
0.000000000000000000e+00
0.000000000000000000e+00
0.000000000000000000e+00
0.000000000000000000e+00
0.000000000000000000e+00
0.000000000000000000e+00
0.000000000000000000e+00
0.000000000000000000e+00
0.000000000000000000e+00
2.633718442397237503e-03
5.096023653001316087e-03
7.404914640017978139e-03
9.575760941059632131e-03
1.162179448960638968e-02
1.355449114846540154e-02
1.538387037785473796e-02
1.711873328525512217e-02
1.876685368956885341e-02
2.033513292949867476e-02
2.182972638968518758e-02
2.325614774264355908e-02
2.461935546952498388e-02
2.592382516730941389e-02
2.717361036484085626e-02
2.837239397970298810e-02
2.952353209956032343e-02
3.063009142792323669e-02
3.169488146859633648e-02
3.272048231597810691e-02
3.370926875573625192e-02
3.466343125172807044e-02
3.558499429258064894e-02
3.647583248922854626e-02
3.733768474849721852e-02
3.817216679412937380e-02
3.898078226287418624e-02
3.976493256738453802e-02
4.052592568812016932e-02
4.126498403200930254e-02
4.198325147530398288e-02
4.268179969110787869e-02
4.336163384784522123e-02
4.402369775298546617e-02
4.466887850624444434e-02
4.529801071792954881e-02
4.591188034082288594e-02
4.651122815779297481e-02
4.709675296201568107e-02
4.766911446212769576e-02
4.822893594071278600e-02
4.877680669113450967e-02
4.931328425479744593e-02
4.983889647837423664e-02
5.035414340832344848e-02
5.085949903809126177e-02
5.135541292170356376e-02
5.184231166597576962e-02
5.232060031226927477e-02
5.279066361758105730e-02
5.325286724374544284e-02
5.370755886263669371e-02
5.415506918447379053e-02
5.459571291562905632e-02
5.502978965172210246e-02
5.545758471122758104e-02
5.587936991433279516e-02
5.629540431134091860e-02
5.670593486452215476e-02
5.711119708696271030e-02
5.751141564164390096e-02
5.790680490370218175e-02
5.829756948856158749e-02
5.868390474840162740e-02
5.906599723921519829e-02
5.944402516052273155e-02
5.981815876963891832e-02
6.018856077223409817e-02
6.055538669079253700e-02
6.091878521244296213e-02
6.127889851752124639e-02
6.163586259011953616e-02
6.198980751178122944e-02
6.234085773941275971e-02
6.268913236840413516e-02
6.303474538187622822e-02
6.337780588690725136e-02
6.371841833852812109e-02
6.405668275222119179e-02
6.439269490560554920e-02
6.472654652994294655e-02
6.505832549205788073e-02
6.538811596721999519e-02
6.571599860350708922e-02
6.604205067812644880e-02
6.636634624614409783e-02
6.668895628204112025e-02
6.700994881449016949e-02
6.732938905471973212e-02
6.764733951881041207e-02
6.796386014424661559e-02
6.827900840102672786e-02
6.859283939761677551e-02
6.890540598201452815e-02
6.921675883817630937e-02
6.952694657804306400e-02
6.983601582938793462e-02
7.014401131969630332e-02
7.045097595627498877e-02
7.075695090277839272e-02
7.106197565232683089e-02
7.136608809738495540e-02
7.166932459655309118e-02
7.197172003842505772e-02
7.227330790265107385e-02
7.257412031833701538e-02
7.287418811990749312e-02
7.317354090055125382e-02
7.347220706336177187e-02
7.377021387027980770e-02
7.406758748893976785e-02
7.436435303751567916e-02
7.466053462765814830e-02
7.495615540560936207e-02
7.525123759157796577e-02
7.554580251745250663e-02
7.583987066292749435e-02
7.613346169011317444e-02
7.642659447669572503e-02
7.671928714771278357e-02
7.701155710600435245e-02
7.730342106139782843e-02
7.759489505868154280e-02
7.788599450442075522e-02
7.817673419266518708e-02
7.846712832959627792e-02
7.875719055715996175e-02
7.904693397572826186e-02
7.933637116583167059e-02
7.962551420900082499e-02
7.991437470775682173e-02
8.020296380478510179e-02
8.049129220132786311e-02
8.077937017482798854e-02
8.106720759585543667e-02
8.135481394434715408e-02
8.164219832518809783e-02
8.192936948316173473e-02
8.221633581729570484e-02
8.250310539462811510e-02
8.278968596341841624e-02
8.307608496582573332e-02
8.336230955007635501e-02
8.364836658214222509e-02
8.393426265695012878e-02
8.422000410914039226e-02
8.450559702339428825e-02
8.479104724434743945e-02
8.507636038610605356e-02
8.536154184138237955e-02
8.564659679026517813e-02
8.593153020863909808e-02
8.621634687626839044e-02
8.650105138455765896e-02
8.678564814400342720e-02
8.707014139134867936e-02
8.735453519645183795e-02
8.763883346888326487e-02
8.792303996425855639e-02
8.820715829032037270e-02
8.849119191277829422e-02
8.877514416091687732e-02
8.905901823298098541e-02
8.934281720134712446e-02
8.962654401749001187e-02
8.991020151675201133e-02
9.019379242292351051e-02
9.047731935264163861e-02
9.076078481961498412e-02
9.104419123868107144e-02
9.132754092970299387e-02
9.161083612131196152e-02
9.189407895450187047e-02
9.217727148608162446e-02
9.246041569199117682e-02
9.274351347048614969e-02
9.302656664519698415e-02
9.330957696806702062e-02
9.359254612217479674e-02
9.387547572444453203e-02
9.415836732825007271e-02
9.444122242591533600e-02
9.472404245111730459e-02
9.500682878119315333e-02
9.528958273935744794e-02
9.557230559682999838e-02
9.585499857488148645e-02
9.613766284679822749e-02
9.642029953976941070e-02
9.670290973669973256e-02
9.698549447795057343e-02
9.726805476301286779e-02
9.755059155211399935e-02
9.783310576776128864e-02
9.811559829622487627e-02
9.839806998896202805e-02
9.868052166398558200e-02
9.896295410717813323e-02
9.924536807355514856e-02
9.952776428847784351e-02
9.981014344881840306e-02
1.000925062240795027e-01
1.003748532574698787e-01
1.006571851669371270e-01
1.009395025461604506e-01
1.012218059655039248e-01
1.015040959729325287e-01
1.017863730948918993e-01
1.020686378371538777e-01
1.023508906856283734e-01
1.026331321071435876e-01
1.029153625501955244e-01
1.031975824456679014e-01
1.034797922075239157e-01
1.037619922334707956e-01
1.040441829055981787e-01
1.043263645909912052e-01
1.046085376423199487e-01
1.048907023984053527e-01
1.051728591847630595e-01
1.054550083141258116e-01
1.057371500869454251e-01
1.060192847918747655e-01
1.063014127062311409e-01
1.065835340964412514e-01
1.068656492184687640e-01
1.071477583182249005e-01
1.074298616319633026e-01
1.077119593866589231e-01
1.079940518003721095e-01
1.082761390825988934e-01
1.085582214346069441e-01
1.088402990497583933e-01
1.091223721138199348e-01
1.094044408052611966e-01
1.096865052955411368e-01
1.099685657493829211e-01
1.102506223250383083e-01
1.105326751745414199e-01
1.108147244439529749e-01
1.110967702735944085e-01
1.113788127982729692e-01
1.116608521474983101e-01
1.119428884456899059e-01
1.122249218123770043e-01
1.125069523623901807e-01
1.127889802060457747e-01
1.130710054493226924e-01
1.133530281940326456e-01
1.136350485379836600e-01
1.139170665751365608e-01
1.141990823957561157e-01
1.144810960865557808e-01
1.147631077308368802e-01
1.150451174086223050e-01
1.153271251967850630e-01
1.156091311691713891e-01
1.158911353967195385e-01
1.161731379475733905e-01
1.164551388871922777e-01
1.167371382784555822e-01
1.170191361817640024e-01
1.173011326551363920e-01
1.175831277543030462e-01
1.178651215327949919e-01
1.181471140420303767e-01
1.184291053313965003e-01
1.187110954483296121e-01
1.189930844383908920e-01
1.192750723453398082e-01
1.195570592112042418e-01
1.198390450763481829e-01
1.201210299795367198e-01
1.204030139579980591e-01
1.206849970474836303e-01
1.209669792823255680e-01
1.212489606954919585e-01
1.215309413186397292e-01
1.218129211821658009e-01
1.220949003152559109e-01
1.223768787459317275e-01
1.226588565010958976e-01
1.229408336065753587e-01
1.232228100871631260e-01
1.235047859666582176e-01
1.237867612679039164e-01
1.240687360128248373e-01
1.243507102224621491e-01
1.246326839170078526e-01
1.249146571158370606e-01
1.251966298375395970e-01
1.254786020999501817e-01
1.257605739201778372e-01
1.260425453146319097e-01
1.263245162990498105e-01
1.266064868885225514e-01
1.268884570975193360e-01
1.271704269399107357e-01
1.274523964289914768e-01
1.277343655775021181e-01
1.280163343976498391e-01
1.282983029011284248e-01
1.285802710991374442e-01
1.288622390024004305e-01
1.291442066211825890e-01
1.294261739653077281e-01
1.297081410441744964e-01
1.299901078667719256e-01
1.302720744416943632e-01
1.305540407771552669e-01
1.308360068810009713e-01
1.311179727607241496e-01
1.313999384234761092e-01
1.316819038760787819e-01
1.319638691250361040e-01
1.322458341765453682e-01
1.325277990365076597e-01
1.328097637105376261e-01
1.330917282039731919e-01
1.333736925218850511e-01
1.336556566690849657e-01
1.339376206501347311e-01
1.342195844693536422e-01
1.345015481308264038e-01
1.347835116384103471e-01
1.350654749957425349e-01
1.353474382062462289e-01
1.356294012731370513e-01
1.359113641994291466e-01
1.361933269879408437e-01
1.364752896413000682e-01
1.367572521619492554e-01
1.370392145521505955e-01
1.373211768139902256e-01
1.376031389493826140e-01
1.378851009600749467e-01
1.381670628476506790e-01
1.384490246135332836e-01
1.387309862589894971e-01
1.390129477851325956e-01
1.392949091929253647e-01
1.395768704831828466e-01
1.398588316565747836e-01
1.401407927136280596e-01
1.404227536547288935e-01
1.407047144801247818e-01
1.409866751899262749e-01
1.412686357841085039e-01
1.415505962625127900e-01
1.418325566248478109e-01
1.421145168706906547e-01
1.423964769994878754e-01
1.426784370105563526e-01
1.429603969030834310e-01
1.432423566761279465e-01
1.435243163286203660e-01
1.438062758593631474e-01
1.440882352670302680e-01
1.443701945501670303e-01
1.446521537071902286e-01
1.449341127363871495e-01
1.452160716359157389e-01
1.454980304038031858e-01
1.457799890379453678e-01
1.460619475361059627e-01
1.463439058959150052e-01
1.466258641148676656e-01
1.469078221903230008e-01
1.471897801195021227e-01
1.474717378994865047e-01
1.477536955272162889e-01
1.480356529994880377e-01
1.483176103129527079e-01
1.485995674641134578e-01
1.488815244493227885e-01
1.491634812647804065e-01
1.494454379065301708e-01
1.497273943704573729e-01
1.500093506522855724e-01
1.502913067475734055e-01
1.505732626517112815e-01
1.508552183599177476e-01
1.511371738672358800e-01
1.514191291685294816e-01
1.517010842584789465e-01
1.519830391315771800e-01
1.522649937821253796e-01
1.525469482042281499e-01
1.528289023917889788e-01
1.531108563385053523e-01
1.533928100378637027e-01
1.536747634831340803e-01
1.539567166673647125e-01
1.542386695833763421e-01
1.545206222237563431e-01
1.548025745808527809e-01
1.550845266467679728e-01
1.553664784133520216e-01
1.556484298721961257e-01
1.559303810146256963e-01
1.562123318316930021e-01
1.564942823141698691e-01
1.567762324525401041e-01
1.570581822369912506e-01
1.573401316574068731e-01
1.576220807033577032e-01
1.579040293640932013e-01
1.581859776285324537e-01
1.584679254852549846e-01
1.587498729224909588e-01
1.590318199281116340e-01
1.593137664896189520e-01
1.595957125941351584e-01
1.598776582283918390e-01
1.601596033787189843e-01
1.604415480310333042e-01
1.607234921708264042e-01
1.610054357831526284e-01
1.612873788526164032e-01
1.615693213633592473e-01
1.618512632990464772e-01
1.621332046428532458e-01
1.624151453774505260e-01
1.626970854849903447e-01
1.629790249470907115e-01
1.632609637448202422e-01
1.635429018586818939e-01
1.638248392685967281e-01
1.641067759538866744e-01
1.643887118932573221e-01
1.646706470647796572e-01
1.649525814458716044e-01
1.652345150132789042e-01
1.655164477430552949e-01
1.657983796105423902e-01
1.660803105903487231e-01
1.663622406563284029e-01
1.666441697815586598e-01
1.669260979383173082e-01
1.672080250980590432e-01
1.674899512313913486e-01
1.677718763080494613e-01
1.680538002968708922e-01
1.683357231657688913e-01
1.686176448817053308e-01
1.688995654106625888e-01
1.691814847176146552e-01
1.694634027664975451e-01
1.697453195201786558e-01
1.700272349404253758e-01
1.703091489878724718e-01
1.705910616219886988e-01
1.708729728010426885e-01
1.711548824820672554e-01
1.714367906208230097e-01
1.717186971717608313e-01
1.720006020879832342e-01
1.722825053212045376e-01
1.725644068217098703e-01
1.728463065383130659e-01
1.731282044183131419e-01
1.734101004074494745e-01
1.736919944498558077e-01
1.739738864880127911e-01
1.742557764626994632e-01
1.745376643129430971e-01
1.748195499759665761e-01
1.751014333871360185e-01
1.753833144799054888e-01
1.756651931857604598e-01
1.759470694341597474e-01
1.762289431524756700e-01
1.765108142659322366e-01
1.767926826975418364e-01
1.770745483680397914e-01
1.773564111958169376e-01
1.776382710968506529e-01
1.779201279846330808e-01
1.782019817700981057e-01
1.784838323615454969e-01
1.787656796645630264e-01
1.790475235819463662e-01
1.793293640136163769e-01
1.796112008565344809e-01
1.798930340046148435e-01
1.801748633486343898e-01
1.804566887761401284e-01
1.807385101713534781e-01
1.810203274150719577e-01
1.813021403845681834e-01
1.815839489534853413e-01
1.818657529917300508e-01
1.821475523653617312e-01
1.824293469364787201e-01
1.827111365631015338e-01
1.829929210990521027e-01
1.832747003938295094e-01
1.835564742924820636e-01
1.838382426354758792e-01
1.841200052585592051e-01
1.844017619926230089e-01
1.846835126635571478e-01
1.849652570921026251e-01
1.852469950936990184e-01
1.855287264783278822e-01
1.858104510503514606e-01
1.860921686083460147e-01
1.863738789449310151e-01
1.866555818465926719e-01
1.869372770935026906e-01
1.872189644593315605e-01
1.875006437110557089e-01
1.877823146087601869e-01
1.880639769054339716e-01
1.883456303467606618e-01
1.886272746709019565e-01
1.889089096082750552e-01
1.891905348813237853e-01
1.894721502042825967e-01
1.897537552829332563e-01
1.900353498143553255e-01
1.903169334866678941e-01
1.905985059787649871e-01
1.908800669600422828e-01
1.911616160901159489e-01
1.914431530185329577e-01
1.917246773844733521e-01
1.920061888164435182e-01
1.922876869319603554e-01
1.925691713372253422e-01
1.928506416267898871e-01
1.931320973832104382e-01
1.934135381766932116e-01
1.936949635647284007e-01
1.939763730917139495e-01
1.942577662885675571e-01
1.945391426723279416e-01
1.948205017457432520e-01
1.951018429968483514e-01
1.953831658985285824e-01
1.956644699080711813e-01
1.959457544667034812e-01
1.962270189991169311e-01
1.965082629129772107e-01
1.967894855984197999e-01
1.970706864275307280e-01
1.973518647538116122e-01
1.976330199116288489e-01
1.979141512156468163e-01
1.981952579602438980e-01
1.984763394189106855e-01
1.987573948436315852e-01
1.990384234642469385e-01
1.993194244877964372e-01
1.996003970978431630e-01
1.998813404537774507e-01
2.001622536900999894e-01
2.004431359156837178e-01
2.007239862130138219e-01
2.010048036374048053e-01
2.012855872161944670e-01
2.015663359479138994e-01
2.018470488014326436e-01
2.021277247150786993e-01
2.024083625957316668e-01
2.026889613178890215e-01
2.029695197227059100e-01
2.032500366170042760e-01
2.035305107722538698e-01
2.038109409235218661e-01
2.040913257683920623e-01
2.043716639658512135e-01
2.046519541351423388e-01
2.049321948545837213e-01
2.052123846603527701e-01
2.054925220452330226e-01
2.057726054573247032e-01
2.060526332987157039e-01
2.063326039241134835e-01
2.066125156394355289e-01
2.068923667003581546e-01
2.071721553108214209e-01
2.074518796214890881e-01
2.077315377281635234e-01
2.080111276701518130e-01
2.082906474285836085e-01
2.085700949246781788e-01
2.088494680179594221e-01
2.091287645044176968e-01
2.094079821146161979e-01
2.096871185117401559e-01
2.099661712895875554e-01
2.102451379704997070e-01
2.105240160032291197e-01
2.108028027607434240e-01
2.110814955379627933e-01
2.113600915494295851e-01
2.116385879269075121e-01
2.119169817169078429e-01
2.121952698781421065e-01
2.124734492788964146e-01
2.127515166943275138e-01
2.130294688036759865e-01
2.133073021873961306e-01
2.135850133241980753e-01
2.138625985880003300e-01
2.141400542447905453e-01
2.144173764493896850e-01
2.146945612421189420e-01
2.149716045453650137e-01
2.152485021600404613e-01
2.155252497619363217e-01
2.158018428979638359e-01
2.160782769822814364e-01
2.163545472923027457e-01
2.166306489645832833e-01
2.169065769905806906e-01
2.171823262122858089e-01
2.174578913177186990e-01
2.177332668362875756e-01
2.180084471340038299e-01
2.182834264085508902e-01
2.185581986842001223e-01
2.188327578065713819e-01
2.191070974372300861e-01
2.193812110481181132e-01
2.196550919158119786e-01
2.199287331156036251e-01
2.202021275153968893e-01
2.204752677694155616e-01
2.207481463117130227e-01
2.210207553494814570e-01
2.212930868561511499e-01
2.215651325642753189e-01
2.218368839581904284e-01
2.221083322664473558e-01
2.223794684540046362e-01
2.226502832141751542e-01
2.229207669603200381e-01
2.231909098172792927e-01
2.234607016125312873e-01
2.237301318670724126e-01
2.239991897860061365e-01
2.242678642488331597e-01
2.245361437994310705e-01
2.248040166357145597e-01
2.250714705989636244e-01
2.253384931628085175e-01
2.256050714218618136e-01
2.258711920799818251e-01
2.261368414381579039e-01
2.264020053820018086e-01
2.266666693688333123e-01
2.269308184143440654e-01
2.271944370788266387e-01
2.274575094529517616e-01
2.277200191430779341e-01
2.279819492560775651e-01
2.282432823836607061e-01
2.285040005861800338e-01
2.287640853758966530e-01
2.290235176996875677e-01
2.292822779211745321e-01
2.295403458022525767e-01
2.297977004839963366e-01
2.300543204669202313e-01
2.303101835905687345e-01
2.305652670124122561e-01
2.308195471860202408e-01
2.310729998384857264e-01
2.313255999470718582e-01
2.315773217150499941e-01
2.318281385466992583e-01
2.320780230214325446e-01
2.323269468670172422e-01
2.325748809318520793e-01
2.328217951562650823e-01
2.330676585427908787e-01
2.333124391253879326e-01
2.335561039375517456e-01
2.337986189792791158e-01
2.340399491828351330e-01
2.342800583772745859e-01
2.345189092516640761e-01
2.347564633169516857e-01
2.349926808664246081e-01
2.352275209346967599e-01
2.354609412551606495e-01
2.356928982158376651e-01
2.359233468135573386e-01
2.361522406063899515e-01
2.363795316642557098e-01
2.366051705176292486e-01
2.368291061042508694e-01
2.370512857137564711e-01
2.372716549301273625e-01
2.374901575718607605e-01
2.377067356297525302e-01
2.379213292021800374e-01
2.381338764277660391e-01
2.383443134152958276e-01
2.385525741707565373e-01
2.387585905213546744e-01
2.389622920363638214e-01
2.391636059446443641e-01
2.393624570486657943e-01
2.395587676348539530e-01
2.397524573800738912e-01
2.399434432540471507e-01
2.401316394174902724e-01
2.403169571157475481e-01
2.404993045676759034e-01
2.406785868495250891e-01
2.408547057735393737e-01
2.410275597609882192e-01
2.411970437093155784e-01
2.413630488530738860e-01
2.415254626182891107e-01
2.416841684698767811e-01
2.418390457517026193e-01
2.419899695188555411e-01
2.421368103616649003e-01
2.422794342209661500e-01
2.424177021940773225e-01
2.425514703309147313e-01
2.426805894196293611e-01
2.428049047611007816e-01
2.429242559315757388e-01
2.430384765326814023e-01
2.431473939279854835e-01
2.432508289652087485e-01
2.433485956831255015e-01
2.434405010021070404e-01
2.435263443971799058e-01
2.436059175523773435e-01
2.436790039950579301e-01
2.437453787087549284e-01
2.438048077229933996e-01
2.438570476783797902e-01
2.439018453651141116e-01
2.439389372329129613e-01
2.439680488701466976e-01
2.439888944497930479e-01
2.440011761395839696e-01
2.440045834734764219e-01
2.439987926813000918e-01
2.439834659731286437e-01
2.439582507745805262e-01
2.439227789088741216e-01
2.438766657210356126e-01
2.438195091391828218e-01
2.437508886672735131e-01
2.436703643031086497e-01
2.435774753747072530e-01
2.434717392874092279e-01
2.433526501732060920e-01
2.432196774328316824e-01
2.430722641600459866e-01
2.429098254362979104e-01
2.427317464825345661e-01
2.425373806533092091e-01
2.423260472564867651e-01
2.420970291797327201e-01
2.418495703025364540e-01
2.415828726697220041e-01
2.412960933991687429e-01
2.409883412927249224e-01
2.406586731149603364e-01
2.403060894993549468e-01
2.399295304356273140e-01
2.395278702850077990e-01
2.390999122621568218e-01
2.386443823128750474e-01
2.381599223054554626e-01
2.376450824401140638e-01
2.370983127649550770e-01
2.365179536678024275e-01
2.359022251902594403e-01
2.352492149826323486e-01
2.345568646847531746e-01
2.338229544767974899e-01
2.330450854940808725e-01
2.322206597381332727e-01
2.313468570400051272e-01
2.304206085366985735e-01
2.294385660025207441e-01
2.283970662269459440e-01
2.272920894397911784e-01
2.261192105403848351e-01
2.248735415725359732e-01
2.235496634775353264e-01
2.221415446198310717e-01
2.206424428675332616e-01
2.190447870557518106e-01
2.173400323686093261e-01
2.155184824045975889e-01
2.135690682301830956e-01
2.114790712616050339e-01
2.092337718575394412e-01
2.068159982914841988e-01
2.068159982914841988e-01
2.068159982914841988e-01
2.068159982914841988e-01
2.068159982914841988e-01
2.068159982914841988e-01
2.068159982914841988e-01
2.068159982914841988e-01
2.068159982914841988e-01
2.068159982914841988e-01
2.068159982914841988e-01
2.068159982914841988e-01
2.068159982914841988e-01
2.068159982914841988e-01
2.068159982914841988e-01
2.068159982914841988e-01
2.068159982914841988e-01
2.068159982914841988e-01
2.068159982914841988e-01
2.068159982914841988e-01
2.068159982914841988e-01
2.068159982914841988e-01
2.068159982914841988e-01
2.068159982914841988e-01
2.068159982914841988e-01
2.068159982914841988e-01
2.068159982914841988e-01
2.068159982914841988e-01
2.068159982914841988e-01
2.068159982914841988e-01
2.068159982914841988e-01
2.068159982914841988e-01
2.068159982914841988e-01
2.068159982914841988e-01
2.068159982914841988e-01
2.068159982914841988e-01
2.068159982914841988e-01
2.068159982914841988e-01
2.068159982914841988e-01
2.068159982914841988e-01
2.068159982914841988e-01
2.068159982914841988e-01
2.068159982914841988e-01
2.068159982914841988e-01
2.068159982914841988e-01
2.068159982914841988e-01
2.068159982914841988e-01
2.068159982914841988e-01
2.068159982914841988e-01
2.068159982914841988e-01
2.068159982914841988e-01
2.068159982914841988e-01
2.068159982914841988e-01
2.068159982914841988e-01
2.068159982914841988e-01
2.068159982914841988e-01
2.068159982914841988e-01
2.068159982914841988e-01
2.068159982914841988e-01
2.068159982914841988e-01
2.068159982914841988e-01
2.068159982914841988e-01
2.068159982914841988e-01
2.068159982914841988e-01
2.068159982914841988e-01
2.068159982914841988e-01
2.068159982914841988e-01
2.068159982914841988e-01
2.068159982914841988e-01
2.068159982914841988e-01
2.068159982914841988e-01
2.068159982914841988e-01
2.068159982914841988e-01
2.068159982914841988e-01
2.068159982914841988e-01
2.068159982914841988e-01
2.068159982914841988e-01
2.068159982914841988e-01
2.068159982914841988e-01
2.068159982914841988e-01
2.068159982914841988e-01
2.068159982914841988e-01
2.068159982914841988e-01
2.068159982914841988e-01
2.068159982914841988e-01
2.068159982914841988e-01
2.068159982914841988e-01
2.068159982914841988e-01
2.068159982914841988e-01
2.068159982914841988e-01
2.068159982914841988e-01
2.068159982914841988e-01
2.068159982914841988e-01
2.068159982914841988e-01
2.068159982914841988e-01
2.068159982914841988e-01
2.068159982914841988e-01
2.068159982914841988e-01
2.068159982914841988e-01
2.068159982914841988e-01
2.068159982914841988e-01
