2.574167052326474872e-02
2.574167052326474872e-02
2.574167052326474872e-02
2.574167052326474872e-02
2.574167052326474872e-02
2.574167052326474872e-02
2.574167052326474872e-02
2.574167052326474872e-02
2.574167052326474872e-02
2.574167052326474872e-02
2.574167052326474872e-02
2.574167052326474872e-02
2.574167052326474872e-02
2.574167052326474872e-02
2.574167052326474872e-02
2.574167052326474872e-02
2.574167052326474872e-02
2.574167052326474872e-02
2.574167052326474872e-02
2.574167052326474872e-02
2.574167052326474872e-02
2.574167052326474872e-02
2.574167052326474872e-02
2.574167052326474872e-02
2.574167052326474872e-02
2.574167052326474872e-02
2.574167052326474872e-02
2.574167052326474872e-02
2.574167052326474872e-02
2.574167052326474872e-02
2.574167052326474872e-02
2.574167052326474872e-02
2.574167052326474872e-02
2.574167052326474872e-02
2.574167052326474872e-02
2.574167052326474872e-02
2.574167052326474872e-02
2.574167052326474872e-02
2.574167052326474872e-02
2.574167052326474872e-02
2.574167052326474872e-02
2.574167052326474872e-02
2.574167052326474872e-02
2.574167052326474872e-02
2.574167052326474872e-02
2.574167052326474872e-02
2.574167052326474872e-02
2.574167052326474872e-02
2.574167052326474872e-02
2.574167052326474872e-02
2.574167052326474872e-02
2.574167052326474872e-02
2.574167052326474872e-02
2.574167052326474872e-02
2.574167052326474872e-02
2.574167052326474872e-02
2.574167052326474872e-02
2.574167052326474872e-02
2.574167052326474872e-02
2.574167052326474872e-02
2.574167052326474872e-02
2.574167052326474872e-02
2.574167052326474872e-02
2.574167052326474872e-02
2.574167052326474872e-02
2.574167052326474872e-02
2.574167052326474872e-02
2.574167052326474872e-02
2.574167052326474872e-02
2.574167052326474872e-02
2.574167052326474872e-02
2.574167052326474872e-02
2.574167052326474872e-02
2.574167052326474872e-02
2.574167052326474872e-02
2.574167052326474872e-02
2.574167052326474872e-02
2.574167052326474872e-02
2.574167052326474872e-02
2.574167052326474872e-02
2.574167052326474872e-02
2.574167052326474872e-02
2.574167052326474872e-02
2.574167052326474872e-02
2.574167052326474872e-02
2.574167052326474872e-02
2.574167052326474872e-02
2.574167052326474872e-02
2.574167052326474872e-02
2.574167052326474872e-02
2.574167052326474872e-02
2.574167052326474872e-02
2.574167052326474872e-02
2.574167052326474872e-02
2.574167052326474872e-02
2.574167052326474872e-02
2.574167052326474872e-02
2.574167052326474872e-02
2.574167052326474872e-02
2.574167052326474872e-02
2.574167052326474872e-02
2.570149770489743579e-02
2.565724330320063098e-02
2.560880439813249462e-02
2.555609085309231907e-02
2.549902487307826454e-02
2.543754054115622207e-02
2.537158333778020622e-02
2.530110964705750698e-02
2.522608625365593826e-02
2.514648983369759117e-02
2.506230644266476543e-02
2.497353100305333903e-02
2.488016679424246563e-02
2.478222494680244400e-02
2.467972394323300622e-02
2.457268912690957832e-02
2.446115222081316626e-02
2.434515085743027552e-02
2.422472812103023884e-02
2.409993210335937761e-02
2.397081547363334383e-02
2.383743506355977954e-02
2.369985146798442993e-02
2.355812866162376729e-02
2.341233363222532116e-02
2.326253603038510448e-02
2.310880783614735826e-02
2.295122304241692390e-02
2.278985735512758376e-02
2.262478791003069353e-02
2.245609300589838583e-02
2.228385185387151551e-02
2.210814434262756145e-02
2.192905081899433617e-02
2.174665188359386353e-02
2.156102820106449436e-02
2.137226032438023157e-02
2.118042853276173518e-02
2.098561268265481880e-02
2.078789207123813917e-02
2.058734531191209333e-02
2.038405022121562993e-02
2.017808371661557187e-02
1.996952172461458064e-02
1.975843909862837894e-02
1.954490954608975942e-02
1.932900556424630573e-02
1.911079838412997611e-02
1.889035792218990775e-02
1.866775273909397972e-02
1.844305000522053484e-02
1.821631547237815424e-02
1.798761345130876071e-02
1.775700679454713521e-02
1.752455688422825675e-02
1.729032362445236462e-02
1.705436543783621015e-02
1.681673926589738813e-02
1.657750057293717189e-02
1.633670335310516419e-02
1.609440014034721131e-02
1.585064202095501362e-02
1.560547864845306804e-02
1.535895826057499629e-02
1.511112769809701099e-02
1.486203242531178997e-02
1.461171655194066187e-02
1.436022285629602949e-02
1.410759280951961320e-02
1.385386660073474087e-02
1.359908316296334907e-02
1.334328019966983005e-02
1.308649421180484683e-02
1.282876052523279804e-02
1.257011331843616887e-02
1.231058565039946234e-02
1.205020948858398500e-02
1.178901573691286397e-02
1.152703426369339722e-02
1.126429392941089881e-02
1.100082261433482991e-02
1.073664724588433740e-02
1.047179382570585272e-02
1.020628745642102909e-02
9.940152368008029274e-03
9.673411943783896336e-03
9.406088745959929193e-03
9.138204540745889504e-03
8.869780322982526860e-03
8.600836340285069812e-03
8.331392116683567287e-03
8.061466475748516741e-03
7.791077563192939752e-03
7.520242868944216827e-03
7.248979248681179828e-03
6.977302944833835632e-03
6.705229607044790353e-03
6.432774312093015971e-03
6.159951583281973383e-03
5.886775409295359231e-03
5.613259262524847998e-03
5.339416116875161065e-03
5.065258465052732868e-03
4.790798335344909585e-03
4.516047307897379064e-03
4.241016530498007732e-03
3.965716733875861329e-03
3.690158246524501140e-03
3.414351009059082408e-03
3.138304588117003628e-03
2.862028189812140366e-03
2.585530672752831688e-03
2.308820560633959885e-03
2.031906054413501472e-03
1.754795044084034566e-03
1.477495120049671920e-03
1.200013584118874571e-03
9.223574601235715736e-04
6.445335041749359348e-04
3.665482145660814970e-04
8.840784133183455878e-05
-1.898816045243891318e-04
-4.683143421267091811e-04
-7.468848121361715319e-04
-1.025587668463833228e-03
-1.304417770278140090e-03
-1.583370174297375754e-03
-1.862440127358155851e-03
-2.141623059251125758e-03
-2.420914575815227669e-03
-2.700310452282091156e-03
-2.979806626862320940e-03
-3.259399194565639271e-03
-3.539084401247068624e-03
-3.818858637871523892e-03
-4.098718434989410270e-03
-4.378660457416004743e-03
-4.658681499107626342e-03
-4.938778478227768588e-03
-5.218948432396592653e-03
-5.499188514117381819e-03
-5.779495986373692738e-03
-6.059868218391242095e-03
-6.340302681558588130e-03
-6.620796945501032475e-03
-6.901348674302212015e-03
-7.181955622868056895e-03
-7.462615633428043224e-03
-7.743326632168681146e-03
-8.024086625994497277e-03
-8.304893699411839900e-03
-8.585746011531019198e-03
-8.866641793182444831e-03
-9.147579344142542021e-03
-9.428557030465436334e-03
-9.709573281916473661e-03
-9.990626589503785043e-03
-1.027171550310427943e-02
-1.055283862918055503e-02
-1.083399462858527368e-02
-1.111518221444979249e-02
-1.139640015015388856e-02
-1.167764724737348561e-02
-1.195892236420348538e-02
-1.224022440335284685e-02
-1.252155231040925215e-02
-1.280290507217062002e-02
-1.308428171504101567e-02
-1.336568130348851982e-02
-1.364710293856262469e-02
-1.392854575646898518e-02
-1.421000892719929791e-02
-1.449149165321419151e-02
-1.477299316817711101e-02
-1.505451273573731909e-02
-1.533604964836001762e-02
-1.561760322620184965e-02
-1.589917281603007992e-02
-1.618075779018366897e-02
-1.646235754557475936e-02
-1.674397150272892779e-02
-1.702559910486272851e-02
-1.730723981699712130e-02
-1.758889312510541342e-02
-1.787055853529430707e-02
-1.815223557301687274e-02
-1.843392378231611950e-02
-1.871562272509805572e-02
-1.899733198043311588e-02
-1.927905114388470814e-02
-1.956077982686403247e-02
-1.984251765601002804e-02
-2.012426427259349226e-02
-2.040601933194446591e-02
-2.068778250290195103e-02
-2.096955346728509792e-02
-2.125133191938510108e-02
-2.153311756547683642e-02
-2.181491012334963245e-02
-2.209670932185638093e-02
-2.237851490048025152e-02
-2.266032660891829226e-02
-2.294214420668137105e-02
-2.322396746270976448e-02
-2.350579615500367203e-02
-2.378763007026829870e-02
-2.406946900357275279e-02
-2.435131275802229420e-02
-2.463316114444342661e-02
-2.491501398108127846e-02
-2.519687109330884592e-02
-2.547873231334761221e-02
-2.576059747999907140e-02
-2.604246643838685482e-02
-2.632433903970882519e-02
-2.660621514099891644e-02
-2.688809460489839306e-02
-2.716997729943594272e-02
-2.745186309781640424e-02
-2.773375187821786048e-02
-2.801564352359655480e-02
-2.829753792149954095e-02
-2.857943496388461527e-02
-2.886133454694729539e-02
-2.914323657095470310e-02
-2.942514094008575470e-02
-2.970704756227775245e-02
-2.998895634907897123e-02
-3.027086721550698717e-02
-3.055278007991255040e-02
-3.083469486384890143e-02
-3.111661149194597242e-02
-3.139852989178978926e-02
-3.168044999380643933e-02
-3.196237173115062252e-02
-3.224429503959858057e-02
-3.252621985744524186e-02
-3.280814612540531444e-02
-3.309007378651837583e-02
-3.337200278605757797e-02
-3.365393307144203677e-02
-3.393586459215251067e-02
-3.421779729965054168e-02
-3.449973114730063573e-02
-3.478166609029560014e-02
-3.506360208558471914e-02
-3.534553909180480208e-02
-3.562747706921392393e-02
-3.590941597962772625e-02
-3.619135578635830630e-02
-3.647329645415536142e-02
-3.675523794914977577e-02
-3.703718023879930960e-02
-3.731912329183652982e-02
-3.760106707821866956e-02
-3.788301156907954159e-02
-3.816495673668324901e-02
-3.844690255437981791e-02
-3.872884899656245383e-02
-3.901079603862653983e-02
-3.929274365693029986e-02
-3.957469182875682917e-02
-3.985664053227774145e-02
-4.013858974651825229e-02
-4.042053945132358106e-02
-4.070248962732662956e-02
-4.098444025591702067e-02
-4.126639131921132353e-02
-4.154834280002434738e-02
-4.183029468184169125e-02
-4.211224694879333458e-02
-4.239419958562816448e-02
-4.267615257768962028e-02
-4.295810591089221225e-02
-4.324005957169900494e-02
-4.352201354710001635e-02
-4.380396782459129029e-02
-4.408592239215500252e-02
-4.436787723824018453e-02
-4.464983235174433546e-02
-4.493178772199561688e-02
-4.521374333873581092e-02
-4.549569919210394442e-02
-4.577765527262048911e-02
-4.605961157117231808e-02
-4.634156807899809244e-02
-4.662352478767432806e-02
-4.690548168910187860e-02
-4.718743877549307769e-02
-4.746939603935938778e-02
-4.775135347349935416e-02
-4.803331107098714192e-02
-4.831526882516163496e-02
-4.859722672961569456e-02
-4.887918477818606333e-02
-4.916114296494356051e-02
-4.944310128418358263e-02
-4.972505973041712463e-02
-5.000701829836206452e-02
-5.028897698293472579e-02
-5.057093577924201555e-02
-5.085289468257341017e-02
-5.113485368839369716e-02
-5.141681279233577262e-02
-5.169877199019370234e-02
-5.198073127791613679e-02
-5.226269065159997590e-02
-5.254465010748414489e-02
-5.282660964194372394e-02
-5.310856925148429997e-02
-5.339052893273645017e-02
-5.367248868245049626e-02
-5.395444849749143901e-02
-5.423640837483408028e-02
-5.451836831155826985e-02
-5.480032830484447143e-02
-5.508228835196934958e-02
-5.536424845030151615e-02
-5.564620859729757507e-02
-5.592816879049814643e-02
-5.621012902752414719e-02
-5.649208930607312051e-02
-5.677404962391578019e-02
-5.705600997889257592e-02
-5.733797036891048055e-02
-5.761993079193988149e-02
-5.790189124601140269e-02
-5.818385172921299725e-02
-5.846581223968719265e-02
-5.874777277562828054e-02
-5.902973333527969380e-02
-5.931169391693142529e-02
-5.959365451891752291e-02
-5.987561513961368875e-02
-6.015757577743495454e-02
-6.043953643083339877e-02
-6.072149709829596093e-02
-6.100345777834226962e-02
-6.128541846952266503e-02
-6.156737917041605473e-02
-6.184933987962806107e-02
-6.213130059578907127e-02
-6.241326131755237094e-02
-6.269522204359234685e-02
-6.297718277260275221e-02
-6.325914350329488178e-02
-6.354110423439597588e-02
-6.382306496464758283e-02
-6.410502569280382423e-02
-6.438698641762999331e-02
-6.466894713790082017e-02
-6.495090785239911180e-02
-6.523286855991408673e-02
-6.551482925924007050e-02
-6.579678994917488588e-02
-6.607875062851853443e-02
-6.636071129607169772e-02
-6.664267195063441895e-02
-6.692463259100463191e-02
-6.720659321597691194e-02
-6.748855382434096328e-02
-6.777051441488032846e-02
-6.805247498637111148e-02
-6.833443553758054845e-02
-6.861639606726567531e-02
-6.889835657417209269e-02
-6.918031705703256429e-02
-6.946227751456562904e-02
-6.974423794547435218e-02
-7.002619834844500679e-02
-7.030815872214564444e-02
-7.059011906522487390e-02
-7.087207937631036236e-02
-7.115403965400755870e-02
-7.143599989689829177e-02
-7.171796010353932715e-02
-7.199992027246103488e-02
-7.228188040216597388e-02
-7.256384049112740708e-02
-7.284580053778794140e-02
-7.312776054055790398e-02
-7.340972049781398223e-02
-7.369168040789761398e-02
-7.397364026911353030e-02
-7.425560007972813181e-02
-7.453755983796792051e-02
-7.481951954201779276e-02
-7.510147919001951278e-02
-7.538343878006995014e-02
-7.566539831021935891e-02
-7.594735777846962910e-02
-7.622931718277252411e-02
-7.651127652102779342e-02
-7.679323579108132680e-02
-7.707519499072325309e-02
-7.735715411768598337e-02
-7.763911316964215714e-02
-7.792107214420261607e-02
-7.820303103891436403e-02
-7.848498985125830496e-02
-7.876694857864713351e-02
-7.904890721842298962e-02
-7.933086576785522426e-02
-7.961282422413794302e-02
-7.989478258438761915e-02
-8.017674084564055392e-02
-8.045869900485037862e-02
-8.074065705888530675e-02
-8.102261500452549725e-02
-8.130457283846032057e-02
-8.158653055728533332e-02
-8.186848815749953046e-02
-8.215044563550226442e-02
-8.243240298759012263e-02
-8.271436020995376337e-02
-8.299631729867461283e-02
-8.327827424972158998e-02
-8.356023105894758163e-02
-8.384218772208587578e-02
-8.412414423474655345e-02
-8.440610059241274166e-02
-8.468805679043668599e-02
-8.497001282403583711e-02
-8.525196868828874286e-02
-8.553392437813085725e-02
-8.581587988835018277e-02
-8.609783521358282954e-02
-8.637979034830849112e-02
-8.666174528684565670e-02
-8.694370002334687875e-02
-8.722565455179366600e-02
-8.750760886599132093e-02
-8.778956295956390210e-02
-8.807151682594856201e-02
-8.835347045839009317e-02
-8.863542384993509937e-02
-8.891737699342613932e-02
-8.919932988149557873e-02
-8.948128250655940086e-02
-8.976323486081062841e-02
-9.004518693621274550e-02
-9.032713872449302239e-02
-9.060909021713516032e-02
-9.089104140537231091e-02
-9.117299228017954060e-02
-9.145494283226611454e-02
-9.173689305206771116e-02
-9.201884292973816493e-02
-9.230079245514116737e-02
-9.258274161784167677e-02
-9.286469040709696698e-02
-9.314663881184763461e-02
-9.342858682070812049e-02
-9.371053442195699523e-02
-9.399248160352710602e-02
-9.427442835299526536e-02
-9.455637465757169013e-02
-9.483832050408916303e-02
-9.512026587899186092e-02
-9.540221076832383629e-02
-9.568415515771713786e-02
-9.596609903237963979e-02
-9.624804237708249610e-02
-9.652998517614720664e-02
-9.681192741343225272e-02
-9.709386907231951080e-02
-9.737581013569994448e-02
-9.765775058595929647e-02
-9.793969040496298961e-02
-9.822162957404086125e-02
-9.850356807397118997e-02
-9.878550588496440299e-02
-9.906744298664636739e-02
-9.934937935804095954e-02
-9.963131497755238486e-02
-9.991324982294676194e-02
-1.001951838713333459e-01
-1.004771170991449886e-01
-1.007590494821181265e-01
-1.010409809952723670e-01
-1.013229116128890328e-01
-1.016048413084895130e-01
-1.018867700548128641e-01
-1.021686978237924676e-01
-1.024506245865323684e-01
-1.027325503132825862e-01
-1.030144749734140386e-01
-1.032963985353924363e-01
-1.035783209667516525e-01
-1.038602422340660220e-01
-1.041421623029220450e-01
-1.044240811378891742e-01
-1.047059987024897554e-01
-1.049879149591681077e-01
-1.052698298692585077e-01
-1.055517433929525628e-01
-1.058336554892654741e-01
-1.061155661160009117e-01
-1.063974752297156823e-01
-1.066793827856825500e-01
-1.069612887378524058e-01
-1.072431930388152432e-01
-1.075250956397596491e-01
-1.078069964904317668e-01
-1.080888955390924833e-01
-1.083707927324734366e-01
-1.086526880157320796e-01
-1.089345813324048284e-01
-1.092164726243594758e-01
-1.094983618317457025e-01
-1.097802488929442155e-01
-1.100621337445148173e-01
-1.103440163211421993e-01
-1.106258965555807355e-01
-1.109077743785974457e-01
-1.111896497189131805e-01
-1.114715225031422674e-01
-1.117533926557302132e-01
-1.120352600988894914e-01
-1.123171247525338451e-01
-1.125989865342101465e-01
-1.128808453590285088e-01
-1.131627011395902327e-01
-1.134445537859137959e-01
-1.137264032053585255e-01
-1.140082493025459387e-01
-1.142900919792790154e-01
-1.145719311344587377e-01
-1.148537666639984772e-01
-1.151355984607356914e-01
-1.154174264143410789e-01
-1.156992504112250436e-01
-1.159810703344413690e-01
-1.162628860635879779e-01
-1.165446974747049863e-01
-1.168265044401695096e-01
-1.171083068285874856e-01
-1.173901045046824299e-01
-1.176718973291804443e-01
-1.179536851586925339e-01
-1.182354678455927316e-01
-1.185172452378930735e-01
-1.187990171791149657e-01
-1.190807835081563321e-01
-1.193625440591551123e-01
-1.196442986613486803e-01
-1.199260471389291122e-01
-1.202077893108943890e-01
-1.204895249908950611e-01
-1.207712539870759022e-01
-1.210529761019139700e-01
-1.213346911320506982e-01
-1.216163988681199792e-01
-1.218980990945706666e-01
-1.221797915894839714e-01
-1.224614761243855710e-01
-1.227431524640519717e-01
-1.230248203663114326e-01
-1.233064795818387405e-01
-1.235881298539441564e-01
-1.238697709183560480e-01
-1.241514025029971796e-01
-1.244330243277542714e-01
-1.247146361042409529e-01
-1.249962375355534450e-01
-1.252778283160196071e-01
-1.255594081309398535e-01
-1.258409766563210186e-01
-1.261225335586022012e-01
-1.264040784943724904e-01
-1.266856111100803928e-01
-1.269671310417346821e-01
-1.272486379145965629e-01
-1.275301313428627570e-01
-1.278116109293391534e-01
-1.280930762651049382e-01
-1.283745269291668156e-01
-1.286559624881031816e-01
-1.289373824956975556e-01
-1.292187864925615215e-01
-1.295001740057465378e-01
-1.297815445483441188e-01
-1.300628976190745800e-01
-1.303442327018635993e-01
-1.306255492654058159e-01
-1.309068467627169108e-01
-1.311881246306710880e-01
-1.314693822895257880e-01
-1.317506191424325235e-01
-1.320318345749327826e-01
-1.323130279544395271e-01
-1.325941986297036745e-01
-1.328753459302644546e-01
-1.331564691658841115e-01
-1.334375676259656196e-01
-1.337186405789537458e-01
-1.339996872717182930e-01
-1.342807069289193578e-01
-1.345616987523541586e-01
-1.348426619202844068e-01
-1.351235955867443883e-01
-1.354044988808285055e-01
-1.356853709059581969e-01
-1.359662107391273744e-01
-1.362470174301257386e-01
-1.365277900007394463e-01
-1.368085274439285737e-01
-1.370892287229803497e-01
-1.373698927706378803e-01
-1.376505184882034216e-01
-1.379311047446154237e-01
-1.382116503754987069e-01
-1.384921541821872992e-01
-1.387726149307181300e-01
-1.390530313507962190e-01
-1.393334021347292784e-01
-1.396137259363312844e-01
-1.398940013697949070e-01
-1.401742270085305497e-01
-1.404544013839715833e-01
-1.407345229843453838e-01
-1.410145902534088169e-01
-1.412946015891463347e-01
-1.415745553424313241e-01
-1.418544498156480982e-01
-1.421342832612743634e-01
-1.424140538804226919e-01
-1.426937598213395275e-01
-1.429733991778615321e-01
-1.432529699878268836e-01
-1.435324702314411671e-01
-1.438118978295959971e-01
-1.440912506421395956e-01
-1.443705264660972154e-01
-1.446497230338408546e-01
-1.449288380112064845e-01
-1.452078689955570989e-01
-1.454868135137906415e-01
-1.457656690202905891e-01
-1.460444328948184989e-01
-1.463231024403459368e-01
-1.466016748808247894e-01
-1.468801473588944584e-01
-1.471585169335233867e-01
-1.474367805775836371e-01
-1.477149351753572482e-01
-1.479929775199716191e-01
-1.482709043107620084e-01
-1.485487121505602581e-01
-1.488263975429066632e-01
-1.491039568891833755e-01
-1.493813864856674001e-01
-1.496586825205007132e-01
-1.499358410705758649e-01
-1.502128580983340678e-01
-1.504897294484742465e-01
-1.507664508445703544e-01
-1.510430178855946548e-01
-1.513194260423444404e-01
-1.515956706537702203e-01
-1.518717469232021278e-01
-1.521476499144725492e-01
-1.524233745479322000e-01
-1.526989155963569267e-01
-1.529742676807425428e-01
-1.532494252659852008e-01
-1.535243826564442471e-01
-1.537991339913844513e-01
-1.540736732402956111e-01
-1.543479941980857029e-01
-1.546220904801450247e-01
-1.548959555172782221e-01
-1.551695825505015336e-01
-1.554429646257015907e-01
-1.557160945881526926e-01
-1.559889650768902236e-01
-1.562615685189358283e-01
-1.565338971233722620e-01
-1.568059428752639761e-01
-1.570776975294207456e-01
-1.573491526040003696e-01
-1.576202993739480029e-01
-1.578911288642686206e-01
-1.581616318431288692e-01
-1.584317988147858347e-01
-1.587016200123390897e-01
-1.589710853903029408e-01
-1.592401846169957669e-01
-1.595089070667432829e-01
-1.597772418118928728e-01
-1.600451776146358807e-01
-1.603127029186348917e-01
-1.605798058404537265e-01
-1.608464741607867621e-01
-1.611126953154855268e-01
-1.613784563863804034e-01
-1.616437440918941648e-01
-1.619085447774468445e-01
-1.621728444056489971e-01
-1.624366285462819082e-01
-1.626998823660638915e-01
-1.629625906182011474e-01
-1.632247376317228771e-01
-1.634863073005997369e-01
-1.637472830726465767e-01
-1.640076479382087948e-01
-1.642673844186341436e-01
-1.645264745545309826e-01
-1.647848998938152842e-01
-1.650426414795484464e-01
-1.652996798375701015e-01
-1.655559949639292538e-01
-1.658115663121188799e-01
-1.660663727801195977e-01
-1.663203926972596225e-01
-1.665736038108974471e-01
-1.668259832729378500e-01
-1.670775076261897807e-01
-1.673281527905783883e-01
-1.675778940492236302e-01
-1.678267060343999195e-01
-1.680745627133932163e-01
-1.683214373742726866e-01
-1.685673026115976081e-01
-1.688121303120813099e-01
-1.690558916402362111e-01
-1.692985570240267135e-01
-1.695400961405596207e-01
-1.697804779018451671e-01
-1.700196704406621850e-01
-1.702576410965691012e-01
-1.704943564021004221e-01
-1.707297820691980328e-01
-1.709638829759251855e-01
-1.711966231535208272e-01
-1.714279657738533302e-01
-1.716578731373387401e-01
-1.718863066613955937e-01
-1.721132268695128031e-01
-1.723385933810151760e-01
-1.725623649016163330e-01
-1.727844992148587500e-01
-1.730049531745464220e-01
-1.732236826982861966e-01
-1.734406427622619540e-01
-1.736557873973768040e-01
-1.738690696869084618e-01
-1.740804417658346481e-01
-1.742898548219986299e-01
-1.744972590992960870e-01
-1.747026039030808997e-01
-1.749058376080014909e-01
-1.751069076684943771e-01
-1.753057606321807294e-01
-1.755023421564282371e-01
-1.756965970283607681e-01
-1.758884691886184182e-01
-1.760779017591928841e-01
-1.762648370756851879e-01
-1.764492167243590093e-01
-1.766309815843856434e-01
-1.768100718757074086e-01
-1.769864272129709759e-01
-1.771599866660155398e-01
-1.773306888274292503e-01
-1.774984718877208045e-01
-1.776632737186869537e-01
-1.778250319655911293e-01
-1.779836841488044719e-01
-1.781391677755959080e-01
-1.782914204627970844e-01
-1.784403800711027999e-01
-1.785859848518060733e-01
-1.787281736068033200e-01
-1.788668858627392444e-01
-1.790020620601958934e-01
-1.791336437588584574e-01
-1.792615738596201880e-01
-1.793857968446075646e-01
-1.795062590361244104e-01
-1.796229088755205983e-01
-1.797356972229884053e-01
-1.798445776792764461e-01
-1.799495069302804728e-01
-1.800504451154278651e-01
-1.801473562207005219e-01
-1.802402084970542440e-01
-1.803289749048690715e-01
-1.804136335849120532e-01
-1.804941683560990773e-01
-1.805705692401027851e-01
-1.806428330125609549e-01
-1.807109637802858659e-01
-1.807749735834523197e-01
-1.808348830212400116e-01
-1.808907218988135557e-01
-1.809425298928304393e-01
-1.809903572318609100e-01
-1.810342653871679641e-01
-1.810743277682195229e-01
-1.810743277682195229e-01
-1.810743277682195229e-01
-1.810743277682195229e-01
-1.810743277682195229e-01
-1.810743277682195229e-01
-1.810743277682195229e-01
-1.810743277682195229e-01
-1.810743277682195229e-01
-1.810743277682195229e-01
-1.810743277682195229e-01
-1.810743277682195229e-01
-1.810743277682195229e-01
-1.810743277682195229e-01
-1.810743277682195229e-01
-1.810743277682195229e-01
-1.810743277682195229e-01
-1.810743277682195229e-01
-1.810743277682195229e-01
-1.810743277682195229e-01
-1.810743277682195229e-01
-1.810743277682195229e-01
-1.810743277682195229e-01
-1.810743277682195229e-01
-1.810743277682195229e-01
-1.810743277682195229e-01
-1.810743277682195229e-01
-1.810743277682195229e-01
-1.810743277682195229e-01
-1.810743277682195229e-01
-1.810743277682195229e-01
-1.810743277682195229e-01
-1.810743277682195229e-01
-1.810743277682195229e-01
-1.810743277682195229e-01
-1.810743277682195229e-01
-1.810743277682195229e-01
-1.810743277682195229e-01
-1.810743277682195229e-01
-1.810743277682195229e-01
-1.810743277682195229e-01
-1.810743277682195229e-01
-1.810743277682195229e-01
-1.810743277682195229e-01
-1.810743277682195229e-01
-1.810743277682195229e-01
-1.810743277682195229e-01
-1.810743277682195229e-01
-1.810743277682195229e-01
-1.810743277682195229e-01
-1.810743277682195229e-01
-1.810743277682195229e-01
-1.810743277682195229e-01
-1.810743277682195229e-01
-1.810743277682195229e-01
-1.810743277682195229e-01
-1.810743277682195229e-01
-1.810743277682195229e-01
-1.810743277682195229e-01
-1.810743277682195229e-01
-1.810743277682195229e-01
-1.810743277682195229e-01
-1.810743277682195229e-01
-1.810743277682195229e-01
-1.810743277682195229e-01
-1.810743277682195229e-01
-1.810743277682195229e-01
-1.810743277682195229e-01
-1.810743277682195229e-01
-1.810743277682195229e-01
-1.810743277682195229e-01
-1.810743277682195229e-01
-1.810743277682195229e-01
-1.810743277682195229e-01
-1.810743277682195229e-01
-1.810743277682195229e-01
-1.810743277682195229e-01
-1.810743277682195229e-01
-1.810743277682195229e-01
-1.810743277682195229e-01
-1.810743277682195229e-01
-1.810743277682195229e-01
-1.810743277682195229e-01
-1.810743277682195229e-01
-1.810743277682195229e-01
-1.810743277682195229e-01
-1.810743277682195229e-01
-1.810743277682195229e-01
-1.810743277682195229e-01
-1.810743277682195229e-01
-1.810743277682195229e-01
-1.810743277682195229e-01
-1.810743277682195229e-01
-1.810743277682195229e-01
-1.810743277682195229e-01
-1.810743277682195229e-01
-1.810743277682195229e-01
-1.810743277682195229e-01
-1.810743277682195229e-01
-1.810743277682195229e-01
-1.810743277682195229e-01
