3.694528049465324525e+24
3.694528049465324525e+24
3.694528049465324525e+24
3.694528049465324525e+24
3.694528049465324525e+24
3.694528049465324525e+24
3.694528049465324525e+24
3.694528049465324525e+24
3.694528049465324525e+24
3.694528049465324525e+24
3.694528049465324525e+24
3.694528049465324525e+24
3.694528049465324525e+24
3.694528049465324525e+24
3.694528049465324525e+24
3.694528049465324525e+24
3.694528049465324525e+24
3.694528049465324525e+24
3.694528049465324525e+24
3.694528049465324525e+24
3.694528049465324525e+24
3.694528049465324525e+24
3.694528049465324525e+24
3.694528049465324525e+24
3.694528049465324525e+24
3.694528049465324525e+24
3.694528049465324525e+24
3.694528049465324525e+24
3.694528049465324525e+24
3.694528049465324525e+24
3.694528049465324525e+24
3.694528049465324525e+24
3.694528049465324525e+24
3.694528049465324525e+24
3.694528049465324525e+24
3.694528049465324525e+24
3.694528049465324525e+24
3.694528049465324525e+24
3.694528049465324525e+24
3.694528049465324525e+24
3.694528049465324525e+24
3.694528049465324525e+24
3.694528049465324525e+24
3.694528049465324525e+24
3.694528049465324525e+24
3.694528049465324525e+24
3.694528049465324525e+24
3.694528049465324525e+24
3.694528049465324525e+24
3.694528049465324525e+24
3.694528049465324525e+24
3.694528049465324525e+24
3.694528049465324525e+24
3.694528049465324525e+24
3.694528049465324525e+24
3.694528049465324525e+24
3.694528049465324525e+24
3.694528049465324525e+24
3.694528049465324525e+24
3.694528049465324525e+24
3.694528049465324525e+24
3.694528049465324525e+24
3.694528049465324525e+24
3.694528049465324525e+24
3.694528049465324525e+24
3.694528049465324525e+24
3.694528049465324525e+24
3.694528049465324525e+24
3.694528049465324525e+24
3.694528049465324525e+24
3.694528049465324525e+24
3.694528049465324525e+24
3.694528049465324525e+24
3.694528049465324525e+24
3.694528049465324525e+24
3.694528049465324525e+24
3.694528049465324525e+24
3.694528049465324525e+24
3.694528049465324525e+24
3.694528049465324525e+24
3.694528049465324525e+24
3.694528049465324525e+24
3.694528049465324525e+24
3.694528049465324525e+24
3.694528049465324525e+24
3.694528049465324525e+24
3.694528049465324525e+24
3.694528049465324525e+24
3.694528049465324525e+24
3.694528049465324525e+24
3.694528049465324525e+24
3.694528049465324525e+24
3.694528049465324525e+24
3.694528049465324525e+24
3.694528049465324525e+24
3.694528049465324525e+24
3.694528049465324525e+24
3.694528049465324525e+24
3.694528049465324525e+24
3.694528049465324525e+24
3.694528049465324525e+24
3.341868211796972306e+24
3.043461789326119304e+24
2.788649486252392883e+24
2.569276624868495818e+24
2.379017743606956413e+24
2.212904630896709310e+24
2.066990646799606798e+24
1.938108129438964491e+24
1.823690503256534053e+24
1.721640085337963166e+24
1.630228643601519257e+24
1.548021746183132756e+24
1.473820608658055925e+24
1.406616959052900056e+24
1.345557691351939838e+24
1.289916952595780556e+24
1.239073927645032169e+24
1.192495028983142692e+24
1.149719519895396320e+24
1.110347834129666187e+24
1.074032028517810024e+24
1.040467934228493709e+24
1.009388669411406949e+24
9.805592495433429423e+23
9.537720879283896173e+23
9.288432219663540578e+23
9.056091342128307891e+23
8.839240632819857479e+23
8.636577200451440775e+23
8.446933406640561539e+23
8.269260207514604389e+23
8.102612851172583754e+23
7.946138557027045375e+23
7.799065868613338278e+23
7.660695424479996339e+23
7.530391934852462354e+23
7.407577186909633674e+23
7.291723930305673906e+23
7.182350518251219866e+23
7.079016199019191945e+23
6.981316968940197883e+23
6.888881911423131881e+23
6.801369957775130032e+23
6.718467015002772975e+23
6.639883413675303722e+23
6.565351635584236221e+23
6.494624286553331236e+23
6.427472284514048404e+23
6.363683237005426583e+23
6.303059985701741936e+23
6.245419298512434480e+23
6.190590692316255323e+23
6.138415371552061422e+23
6.088745269746733154e+23
6.041442182662489354e+23
5.996376983129784708e+23
5.953428908829934082e+23
5.912484915331440721e+23
5.873439087587378510e+23
5.836192103888586885e+23
5.800650746954476096e+23
5.766727457443389018e+23
5.734339925691396480e+23
5.703410717949419491e+23
5.673866933794679019e+23
5.645639891749586422e+23
5.618664840456281187e+23
5.592880693033366727e+23
5.568229782487438207e+23
5.544657636270155225e+23
5.522112768265077622e+23
5.500546486660452529e+23
5.479912716317034189e+23
5.460167834376364538e+23
5.441270517976522304e+23
5.423181603051006350e+23
5.405863953283429570e+23
5.389282338377922354e+23
5.373403320883019126e+23
5.358195150876732241e+23
5.343627667883836750e+23
5.329672209452361706e+23
5.316301525868401750e+23
5.303489700532847179e+23
5.291212075566515282e+23
5.279445182246927278e+23
5.268166675914286621e+23
5.257355275014608047e+23
5.246990703976079426e+23
5.237053639639904320e+23
5.227525660989804931e+23
5.218389201945264118e+23
5.209627507002442147e+23
5.201224589524224568e+23
5.193165192496291324e+23
5.185434751580629641e+23
5.178019360311139715e+23
5.170905737287577266e+23
5.164081195235542628e+23
5.157533611809717197e+23
5.151251402027141977e+23
5.145223492225306817e+23
5.139439295448589418e+23
5.133888688171934412e+23
5.128561988278434723e+23
5.123449934213521238e+23
5.118543665243150321e+23
5.113834702749145414e+23
5.109314932499094889e+23
5.104976587832875790e+23
5.100812233711440573e+23
5.096814751577502992e+23
5.092977324981050283e+23
5.089293425925552205e+23
5.085756801893986227e+23
5.082361463516126165e+23
5.079101672841305108e+23
5.075971932182932441e+23
5.072966973503440568e+23
5.070081748309982430e+23
5.067311418033389353e+23
5.064651344864346951e+23
5.062097083022582921e+23
5.059644370435962495e+23
5.057289120808210646e+23
5.055027416054988139e+23
5.052855499089288018e+23
5.050769766938258597e+23
5.048766764174576452e+23
5.046843176646643087e+23
5.044995825492376295e+23
5.043221661422676460e+23
5.041517759261162833e+23
5.039881312727563963e+23
5.038309629453000801e+23
5.036800126215727790e+23
5.035350324386891815e+23
5.033957845576151414e+23
5.032620407467704645e+23
5.031335819837676643e+23
5.030101980744325918e+23
5.028916872883059294e+23
5.027778560098565473e+23
5.026685184046743631e+23
5.025634960999523570e+23
5.024626178786167850e+23
5.023657193864722834e+23
5.022726428517716428e+23
5.021832368166590868e+23
5.020973558799432040e+23
5.020148604506929963e+23
5.019356165121903690e+23
5.018594953957605082e+23
5.017863735640550791e+23
5.017161324033682094e+23
5.016486580245910625e+23
5.015838410724387848e+23
5.015215765425607997e+23
5.014617636062244026e+23
5.014043054422306125e+23
5.013491090757487449e+23
5.012960852237791265e+23
5.012451481469544437e+23
5.011962155074212206e+23
5.011492082325227915e+23
5.011040503840583493e+23
5.010606690328680207e+23
5.010189941385339874e+23
5.009789584339627682e+23
5.009404973146588829e+23
5.009035487324930635e+23
5.008680530937691242e+23
5.008339531614170875e+23
5.008011939611392229e+23
5.007697226913401537e+23
5.007394886366988274e+23
5.007104430852122964e+23
5.006825392485839353e+23
5.006557321858077184e+23
5.006299787298272916e+23
5.006052374171350152e+23
5.005814684202005860e+23
5.005586334825903219e+23
5.005366958567017457e+23
5.005156202439677753e+23
5.004953727374903225e+23
5.004759207669312310e+23
5.004572330456090180e+23
5.004392795197078650e+23
5.004220313195145729e+23
5.004054607125995932e+23
5.003895410588605984e+23
5.003742467673495385e+23
5.003595532548270782e+23
5.003454369059575117e+23
5.003318750350881839e+23
5.003188458495456397e+23
5.003063284143949475e+23
5.002943026185849547e+23
5.002827491424473983e+23
5.002716494264812836e+23
5.002609856413757572e+23
5.002507406592123517e+23
5.002408980258228441e+23
5.002314419342283731e+23
5.002223571991353864e+23
5.002136292324389589e+23
5.002052440196998612e+23
5.001971880975425623e+23
5.001894485319543035e+23
5.001820128974405485e+23
5.001748692570002350e+23
5.001680061428962668e+23
5.001614125381835303e+23
5.001550778589641703e+23
5.001489919373453610e+23
5.001431450050750778e+23
5.001375276778119139e+23
5.001321309400239083e+23
5.001269461304797435e+23
5.001219649283139253e+23
5.001171793396367528e+23
5.001125816846810245e+23
5.001081645854458873e+23
5.001039209538331303e+23
5.000998439802478715e+23
5.000959271226533038e+23
5.000921640960478235e+23
5.000885488623662871e+23
5.000850756207743253e+23
5.000817387983420218e+23
5.000785330410844785e+23
5.000754532053676521e+23
5.000724943496404082e+23
5.000696517264924559e+23
5.000669207750242038e+23
5.000642971135261897e+23
5.000617765324346632e+23
5.000593549875764747e+23
5.000570285936652195e+23
5.000547936180667574e+23
5.000526464748034384e+23
5.000505837187915317e+23
5.000486020403146764e+23
5.000466982597028196e+23
5.000448693222320101e+23
5.000431122932151836e+23
5.000414243532938045e+23
5.000398027939086892e+23
5.000382450129466535e+23
5.000367485105741266e+23
5.000353108852138396e+23
5.000339298296943209e+23
5.000326031275431381e+23
5.000313286494295907e+23
5.000301043497438366e+23
5.000289282633175495e+23
5.000277985022651054e+23
5.000267132529561001e+23
5.000256707730973886e+23
5.000246693889448461e+23
5.000237074926088130e+23
5.000227835394763092e+23
5.000218960457302876e+23
5.000210435859693500e+23
5.000202247909108791e+23
5.000194383452041621e+23
5.000186829853111595e+23
5.000179574974784083e+23
5.000172607157861005e+23
5.000165915202821879e+23
5.000159488351776235e+23
5.000153316271177712e+23
5.000147389035274347e+23
5.000141697110128607e+23
5.000136231338317909e+23
5.000130982924183426e+23
5.000125943419752656e+23
5.000121104711111630e+23
5.000116459005405246e+23
5.000111998818274498e+23
5.000107716961827878e+23
5.000103606533116102e+23
5.000099660902979957e+23
5.000095873705409522e+23
5.000092238827336237e+23
5.000088750398728978e+23
5.000085402783198143e+23
5.000082190568864822e+23
5.000079108559725899e+23
5.000076151767202362e+23
5.000073315402103684e+23
5.000070594866808304e+23
5.000067985748157467e+23
5.000065483810147737e+23
5.000063084987075160e+23
5.000060785376958590e+23
5.000058581235311994e+23
5.000056468969037538e+23
5.000054445130627385e+23
5.000052506412592314e+23
5.000050649642068188e+23
5.000048871775700234e+23
5.000047169894705854e+23
5.000045541200141432e+23
5.000043983008340944e+23
5.000042492746533752e+23
5.000041067948670431e+23
5.000039706251356642e+23
5.000038405390125907e+23
5.000037163195684199e+23
5.000035977590311559e+23
5.000034846584495250e+23
5.000033768273658868e+23
5.000032740835065940e+23
5.000031762524737613e+23
5.000030831674591805e+23
5.000029946689745427e+23
5.000029106045847475e+23
5.000028308286487291e+23
5.000027552020861855e+23
5.000026835921339731e+23
5.000026158721347816e+23
5.000025519213171505e+23
5.000024916245938742e+23
5.000024348723642997e+23
5.000023815603294411e+23
5.000023315893130006e+23
5.000022848650929253e+23
5.000022412982347754e+23
5.000022008039381800e+23
5.000021633018891296e+23
5.000021287161138805e+23
5.000020969748478244e+23
5.000020680104083833e+23
5.000020417590646853e+23
5.000020181609266996e+23
5.000019971598305481e+23
5.000019787032389159e+23
5.000019627421338782e+23
5.000019492309259675e+23
5.000019381273613629e+23
5.000019293924394124e+23
5.000019229903319015e+23
5.000019188883040659e+23
5.000019170566444627e+23
5.000019174685987339e+23
5.000019201003081349e+23
5.000019249307452441e+23
5.000019319416641678e+23
5.000019411175464512e+23
5.000019524455551080e+23
5.000019659154846248e+23
5.000019815197335135e+23
5.000019992532546507e+23
5.000020191135238707e+23
5.000020411005074848e+23
5.000020652166440949e+23
5.000020914668202329e+23
5.000021198583425778e+23
5.000021504009291642e+23
5.000021831066797201e+23
5.000022179900788887e+23
5.000022550679809939e+23
5.000022943595984983e+23
5.000023358865083780e+23
5.000023796726463516e+23
5.000024257443084905e+23
5.000024741301563865e+23
5.000025248612295670e+23
5.000025779709480450e+23
5.000026334951331227e+23
5.000026914720171227e+23
5.000027519422609700e+23
5.000028149489829151e+23
5.000028805377720897e+23
5.000029487567212558e+23
5.000030196564513008e+23
5.000030932901459992e+23
5.000031697135846283e+23
5.000032489851772668e+23
5.000033311660066713e+23
5.000034163198678029e+23
5.000035045133135286e+23
5.000035958157021345e+23
5.000036902992467177e+23
5.000037880390636389e+23
5.000038891132381550e+23
5.000039936028762272e+23
5.000041015921666635e+23
5.000042131684458119e+23
5.000043284222650719e+23
5.000044474474601508e+23
5.000045703412257558e+23
5.000046972041913602e+23
5.000048281404987136e+23
5.000049632578866680e+23
5.000051026677782848e+23
5.000052464853678754e+23
5.000053948297138793e+23
5.000055478238369106e+23
5.000057055948189446e+23
5.000058682739041826e+23
5.000060359966116607e+23
5.000062089028391341e+23
5.000063871369850137e+23
5.000065708480611096e+23
5.000067601898190636e+23
5.000069553208754407e+23
5.000071564048463487e+23
5.000073636104781672e+23
5.000075771117912268e+23
5.000077970882244295e+23
5.000080237247836927e+23
5.000082572121952265e+23
5.000084977470669974e+23
5.000087455320526752e+23
5.000090007760195394e+23
5.000092636942254452e+23
5.000095345084979374e+23
5.000098134474218862e+23
5.000101007465301441e+23
5.000103966485027918e+23
5.000107014033698068e+23
5.000110152687246713e+23
5.000113385099346240e+23
5.000116714003715819e+23
5.000120142216390351e+23
5.000123672638102165e+23
5.000127308256717067e+23
5.000131052149785819e+23
5.000134907487093606e+23
5.000138877533400093e+23
5.000142965651179475e+23
5.000147175303450460e+23
5.000151510056714298e+23
5.000155973583936422e+23
5.000160569667713992e+23
5.000165302203442759e+23
5.000170175202614795e+23
5.000175192796219572e+23
5.000180359238299387e+23
5.000185678909443051e+23
5.000191156320583580e+23
5.000196796116782463e+23
5.000202603081170965e+23
5.000208582139053836e+23
5.000214738362015028e+23
5.000221076972260316e+23
5.000227603347014932e+23
5.000234323023107782e+23
5.000241241701716035e+23
5.000248365253084892e+23
5.000255699721608401e+23
5.000263251330925697e+23
5.000271026489209861e+23
5.000279031794592320e+23
5.000287274040792617e+23
5.000295760222854201e+23
5.000304497543119131e+23
5.000313493417295390e+23
5.000322755480828196e+23
5.000332291595336417e+23
5.000342109855335538e+23
5.000352218594992162e+23
5.000362626395269769e+23
5.000373342091289884e+23
5.000384374779734854e+23
5.000395733826615703e+23
5.000407428875274190e+23
5.000419469854529825e+23
5.000431866987100022e+23
5.000444630798371893e+23
5.000457772125244516e+23
5.000471302125403379e+23
5.000485232286814941e+23
5.000499574437436614e+23
5.000514340755332085e+23
5.000529543778976546e+23
5.000545196417940434e+23
5.000561311963868436e+23
5.000577904101771224e+23
5.000594986921754750e+23
5.000612574930827372e+23
5.000630683065407609e+23
5.000649326703915104e+23
5.000668521679920604e+23
5.000688284295561698e+23
5.000708631335527629e+23
5.000729580081183027e+23
5.000751148325400310e+23
5.000773354387634347e+23
5.000796217129544733e+23
5.000819755971115336e+23
5.000843990907020808e+23
5.000868942523784977e+23
5.000894632017268750e+23
5.000921081210743869e+23
5.000948312573440457e+23
5.000976349239734121e+23
5.001005215028812196e+23
5.001034934464980892e+23
5.001065532798540175e+23
5.001097036027359941e+23
5.001129470919002450e+23
5.001162865033467532e+23
5.001197246746816256e+23
5.001232645275255623e+23
5.001269090700141317e+23
5.001306613993561622e+23
5.001345247044722607e+23
5.001385022687317139e+23
5.001425974727299228e+23
5.001468137971959611e+23
5.001511548259474457e+23
5.001556242489576134e+23
5.001602258655035984e+23
5.001649635874104756e+23
5.001698414423863019e+23
5.001748635774754719e+23
5.001800342625864290e+23
5.001853578941552059e+23
5.001908389988895618e+23
5.001964822376473386e+23
5.002022924094205791e+23
5.002082744554402412e+23
5.002144334634047274e+23
5.002207746718227675e+23
5.002273034744986400e+23
5.002340254251567106e+23
5.002409462421936795e+23
5.002480718135745755e+23
5.002554082018796786e+23
5.002629616494989468e+23
5.002707385839801902e+23
5.002787456235446815e+23
5.002869895827537611e+23
5.002954774783686492e+23
5.003042165353562191e+23
5.003132141931081771e+23
5.003224781118192904e+23
5.003320161790668067e+23
5.003418365165916043e+23
5.003519474872847612e+23
5.003623577023700156e+23
5.003730760288160742e+23
5.003841115969691719e+23
5.003954738084138682e+23
5.004071723440728189e+23
5.004192171725399523e+23
5.004316185586936232e+23
5.004443870725282065e+23
5.004575335982860033e+23
5.004710693438528841e+23
5.004850058504398837e+23
5.004993550025548397e+23
5.005141290382805183e+23
5.005293405598626475e+23
5.005450025446126922e+23
5.005611283561523467e+23
5.005777317559945113e+23
5.005948269154745776e+23
5.006124284280490668e+23
5.006305513219608176e+23
5.006492110733007200e+23
5.006684236194735110e+23
5.006882053730373007e+23
5.007085732360102420e+23
5.007295446145922698e+23
5.007511374343499573e+23
5.007733701558485868e+23
5.007962617907794160e+23
5.008198319185756988e+23
5.008441007035441018e+23
5.008690889125158118e+23
5.008948179330535061e+23
5.009213097922023748e+23
5.009485871758370018e+23
5.009766734485946441e+23
5.010055926744375215e+23
5.010353696378417693e+23
5.010660298656444611e+23
5.010975996495887640e+23
5.011301060695405856e+23
5.011635770174406677e+23
5.011980412220256121e+23
5.012335282742919367e+23
5.012700686537754369e+23
5.013076937556505500e+23
5.013464359186696545e+23
5.013863284540036413e+23
5.014274056749795288e+23
5.014697029277520998e+23
5.015132566229561324e+23
5.015581042683543258e+23
5.016042845025319896e+23
5.016518371296520532e+23
5.017008031553230094e+23
5.017512248236254912e+23
5.018031456552942630e+23
5.018566104871587713e+23
5.019116655128270875e+23
5.019683583247020972e+23
5.020267379573335576e+23
5.020868549321918566e+23
5.021487613038909205e+23
5.022125107079002676e+23
5.022781584098403612e+23
5.023457613563728715e+23
5.024153782277577208e+23
5.024870694921502615e+23
5.025608974616868380e+23
5.026369263504212110e+23
5.027152223341759336e+23
5.027958536124076644e+23
5.028788904721155422e+23
5.029644053538989912e+23
5.030524729202323331e+23
5.031431701260485484e+23
5.032365762916855369e+23
5.033327731783390305e+23
5.034318450660583261e+23
5.035338788344306692e+23
5.036389640459974376e+23
5.037471930325831181e+23
5.038586609845862673e+23
5.039734660433704324e+23
5.040917093968598553e+23
5.042134953784974655e+23
5.043389315696389133e+23
5.044681289056170562e+23
5.046012017855168931e+23
5.047382681858776435e+23
5.048794497784256523e+23
5.050248720520678358e+23
5.051746644392574043e+23
5.053289604469415760e+23
5.054878977922856984e+23
5.056516185433355070e+23
5.058202692648693158e+23
5.059940011696351577e+23
5.061729702751774882e+23
5.063573375665574574e+23
5.065472691651371388e+23
5.067429365037513814e+23
5.069445165085115600e+23
5.071521917875484508e+23
5.073661508269962858e+23
5.075865881945132688e+23
5.078137047507276462e+23
5.080477078689032060e+23
5.082888116632547733e+23
5.085372372262595812e+23
5.087932128754197185e+23
5.090569744098614607e+23
5.093287653772890965e+23
5.096088373517325445e+23
5.098974502226239517e+23
5.101948724957347777e+23
5.105013816065394276e+23
5.108172642466086739e+23
5.111428167036786579e+23
5.114783452160487735e+23
5.118241663420297212e+23
5.121806073451855657e+23
5.125480065961698693e+23
5.129267139919991244e+23
5.133170913936228808e+23
5.137195130827818328e+23
5.141343662391186235e+23
5.145620514386043029e+23
5.150029831744202851e+23
5.154575904014552426e+23
5.159263171057367028e+23
5.164096229000646954e+23
5.169079836473563283e+23
5.174218921131490977e+23
5.179518586489329355e+23
5.184984119079900608e+23
5.190620995955891320e+23
5.196434892554656998e+23
5.202431690946950369e+23
5.208617488491283166e+23
5.214998606917818867e+23
5.221581601866707873e+23
5.228373272908122062e+23
5.235380674072105305e+23
5.242611124919483173e+23
5.250072222186352767e+23
5.257771852037144581e+23
5.265718202964054806e+23
5.273919779372953659e+23
5.282385415898728812e+23
5.291124292496597210e+23
5.300145950358510303e+23
5.309460308708346498e+23
5.319077682532541446e+23
5.329008801308009069e+23
5.339264828793222678e+23
5.349857383953157398e+23
5.360798563095334177e+23
5.372100963298550303e+23
5.383777707223783414e+23
5.395842469402789072e+23
5.408309504107706665e+23
5.421193674913734711e+23
5.434510486075350733e+23
5.448276115846972886e+23
5.462507451889253676e+23
5.477222128914259604e+23
5.492438568735466743e+23
5.508176022902895133e+23
5.524454618118736535e+23
5.541295404645992565e+23
5.558720407941379009e+23
5.576752683763335808e+23
5.595416377029823352e+23
5.614736784723663064e+23
5.634740423171529077e+23
5.655455100052254575e+23
5.676909991522632592e+23
5.699135724886807617e+23
5.722164467273865395e+23
5.746030020834922710e+23
5.770767925018780280e+23
5.796415566541418335e+23
5.823012297724988259e+23
5.850599563950057775e+23
5.879221041040689421e+23
5.908922783485300069e+23
5.939753384491514971e+23
5.971764148976529147e+23
6.005009280713977600e+23
6.039546084988031242e+23
6.075435188254047323e+23
6.112740776470652670e+23
6.151530853954155761e+23
6.191877524816998758e+23
6.233857299287762419e+23
6.277551427478859452e+23
6.323046263469923012e+23
6.370433662918649436e+23
6.419811417799688433e+23
6.471283732315555517e+23
6.524961744527096828e+23
6.580964098826803735e+23
6.639417575035725351e+23
6.700457780657218818e+23
6.764229913684653491e+23
6.830889604352966866e+23
6.900603845367020588e+23
6.973552021459893286e+23
7.049927050659395231e+23
7.129936651410698194e+23
7.213804751757829892e+23
7.301773059179508631e+23
7.394102812467352023e+23
7.491076740302311417e+23
7.593001255018564178e+23
7.700208914552594209e+23
7.813061190890214528e+23
7.931951589615020928e+23
8.057309172616127106e+23
8.189602544887574938e+23
8.329344376937454366e+23
8.477096547000406382e+23
8.633476002472330286e+23
8.799161458337938523e+23
8.974901072562793061e+23
9.161521265378245025e+23
9.359936882249045744e+23
9.571162940530280586e+23
9.796328249254173485e+23
1.003669125251037045e+24
1.029365852256449287e+24
1.056880642316656437e+24
1.086390658160943643e+24
1.118095595678808739e+24
1.152221247873606333e+24
1.189023747475443513e+24
1.228794640420158600e+24
1.271866981968090573e+24
1.318622698581467874e+24
1.369501525778883336e+24
1.425011920528517682e+24
1.485744463969938575e+24
1.552388427113257941e+24
1.625752383910185974e+24
1.706790044623150514e+24
1.796632879525005814e+24
1.896631655351865995e+24
2.008409784126144705e+24
2.133932490882997107e+24
2.275597404165897720e+24
2.436354510990813954e+24
2.619866892257355735e+24
2.830728903964741304e+24
3.074766545224813536e+24
3.359457424549107548e+24
3.694528049465333652e+24
3.694528049465333652e+24
3.694528049465333652e+24
3.694528049465333652e+24
3.694528049465333652e+24
3.694528049465333652e+24
3.694528049465333652e+24
3.694528049465333652e+24
3.694528049465333652e+24
3.694528049465333652e+24
3.694528049465333652e+24
3.694528049465333652e+24
3.694528049465333652e+24
3.694528049465333652e+24
3.694528049465333652e+24
3.694528049465333652e+24
3.694528049465333652e+24
3.694528049465333652e+24
3.694528049465333652e+24
3.694528049465333652e+24
3.694528049465333652e+24
3.694528049465333652e+24
3.694528049465333652e+24
3.694528049465333652e+24
3.694528049465333652e+24
3.694528049465333652e+24
3.694528049465333652e+24
3.694528049465333652e+24
3.694528049465333652e+24
3.694528049465333652e+24
3.694528049465333652e+24
3.694528049465333652e+24
3.694528049465333652e+24
3.694528049465333652e+24
3.694528049465333652e+24
3.694528049465333652e+24
3.694528049465333652e+24
3.694528049465333652e+24
3.694528049465333652e+24
3.694528049465333652e+24
3.694528049465333652e+24
3.694528049465333652e+24
3.694528049465333652e+24
3.694528049465333652e+24
3.694528049465333652e+24
3.694528049465333652e+24
3.694528049465333652e+24
3.694528049465333652e+24
3.694528049465333652e+24
3.694528049465333652e+24
3.694528049465333652e+24
3.694528049465333652e+24
3.694528049465333652e+24
3.694528049465333652e+24
3.694528049465333652e+24
3.694528049465333652e+24
3.694528049465333652e+24
3.694528049465333652e+24
3.694528049465333652e+24
3.694528049465333652e+24
3.694528049465333652e+24
3.694528049465333652e+24
3.694528049465333652e+24
3.694528049465333652e+24
3.694528049465333652e+24
3.694528049465333652e+24
3.694528049465333652e+24
3.694528049465333652e+24
3.694528049465333652e+24
3.694528049465333652e+24
3.694528049465333652e+24
3.694528049465333652e+24
3.694528049465333652e+24
3.694528049465333652e+24
3.694528049465333652e+24
3.694528049465333652e+24
3.694528049465333652e+24
3.694528049465333652e+24
3.694528049465333652e+24
3.694528049465333652e+24
3.694528049465333652e+24
3.694528049465333652e+24
3.694528049465333652e+24
3.694528049465333652e+24
3.694528049465333652e+24
3.694528049465333652e+24
3.694528049465333652e+24
3.694528049465333652e+24
3.694528049465333652e+24
3.694528049465333652e+24
3.694528049465333652e+24
3.694528049465333652e+24
3.694528049465333652e+24
3.694528049465333652e+24
3.694528049465333652e+24
3.694528049465333652e+24
3.694528049465333652e+24
3.694528049465333652e+24
3.694528049465333652e+24
3.694528049465333652e+24
3.694528049465333652e+24
