0.000000000000000000e+00
0.000000000000000000e+00
0.000000000000000000e+00
0.000000000000000000e+00
0.000000000000000000e+00
0.000000000000000000e+00
0.000000000000000000e+00
0.000000000000000000e+00
0.000000000000000000e+00
0.000000000000000000e+00
0.000000000000000000e+00
0.000000000000000000e+00
0.000000000000000000e+00
0.000000000000000000e+00
0.000000000000000000e+00
0.000000000000000000e+00
0.000000000000000000e+00
0.000000000000000000e+00
0.000000000000000000e+00
0.000000000000000000e+00
0.000000000000000000e+00
0.000000000000000000e+00
0.000000000000000000e+00
0.000000000000000000e+00
0.000000000000000000e+00
0.000000000000000000e+00
0.000000000000000000e+00
0.000000000000000000e+00
0.000000000000000000e+00
0.000000000000000000e+00
0.000000000000000000e+00
0.000000000000000000e+00
0.000000000000000000e+00
0.000000000000000000e+00
0.000000000000000000e+00
0.000000000000000000e+00
0.000000000000000000e+00
0.000000000000000000e+00
0.000000000000000000e+00
0.000000000000000000e+00
0.000000000000000000e+00
0.000000000000000000e+00
0.000000000000000000e+00
0.000000000000000000e+00
0.000000000000000000e+00
0.000000000000000000e+00
0.000000000000000000e+00
0.000000000000000000e+00
0.000000000000000000e+00
0.000000000000000000e+00
0.000000000000000000e+00
0.000000000000000000e+00
0.000000000000000000e+00
0.000000000000000000e+00
0.000000000000000000e+00
0.000000000000000000e+00
0.000000000000000000e+00
0.000000000000000000e+00
0.000000000000000000e+00
0.000000000000000000e+00
0.000000000000000000e+00
0.000000000000000000e+00
0.000000000000000000e+00
0.000000000000000000e+00
0.000000000000000000e+00
0.000000000000000000e+00
0.000000000000000000e+00
0.000000000000000000e+00
0.000000000000000000e+00
0.000000000000000000e+00
0.000000000000000000e+00
0.000000000000000000e+00
0.000000000000000000e+00
0.000000000000000000e+00
0.000000000000000000e+00
0.000000000000000000e+00
0.000000000000000000e+00
0.000000000000000000e+00
0.000000000000000000e+00
0.000000000000000000e+00
0.000000000000000000e+00
0.000000000000000000e+00
0.000000000000000000e+00
0.000000000000000000e+00
0.000000000000000000e+00
0.000000000000000000e+00
0.000000000000000000e+00
0.000000000000000000e+00
0.000000000000000000e+00
0.000000000000000000e+00
0.000000000000000000e+00
0.000000000000000000e+00
0.000000000000000000e+00
0.000000000000000000e+00
0.000000000000000000e+00
0.000000000000000000e+00
0.000000000000000000e+00
0.000000000000000000e+00
0.000000000000000000e+00
0.000000000000000000e+00
0.000000000000000000e+00
2.417773567900676802e-03
4.663072973819752144e-03
6.753069944265941045e-03
8.702484120568679954e-03
1.052403408649322386e-02
1.222878877557640256e-02
1.382644458932905454e-02
1.532554634363074084e-02
1.673366520337374319e-02
1.805754330044914702e-02
1.930321227040986479e-02
2.047609117196611678e-02
2.158106796130956559e-02
2.262256773911195881e-02
2.360461027555669361e-02
2.453085878116978771e-02
2.540466148164414323e-02
2.622908723997762273e-02
2.700695622511968194e-02
2.774086643554007914e-02
2.843321673592307322e-02
2.908622694609287740e-02
2.970195542621725804e-02
3.028231452598945800e-02
3.082908420380600298e-02
3.134392407184240226e-02
3.182838408199412106e-02
3.228391403404470145e-02
3.271187205970089301e-02
3.311353221316147566e-02
3.349009127976564082e-02
3.384267489828253483e-02
3.417234307899304213e-02
3.448009518841680526e-02
3.476687446198345466e-02
3.503357209784422471e-02
3.528103097811931960e-02
3.551004905798416794e-02
3.572138245794891087e-02
3.591574829034763217e-02
3.609382724731475395e-02
3.625626597429663228e-02
3.640367925034540542e-02
3.653665199401178593e-02
3.665574111153533515e-02
3.676147720218152920e-02
3.685436613395844802e-02
3.693489050152584663e-02
3.700351097686416929e-02
3.706066756217174518e-02
3.710678075349040789e-02
3.714225262270193229e-02
3.716746782477959449e-02
3.718279453650458893e-02
3.718858533225755797e-02
3.718517800196460832e-02
3.717289631579567127e-02
3.715205073979320483e-02
3.712293910622464083e-02
3.708584724211189121e-02
3.704104955908407021e-02
3.698880960742414320e-02
3.692938059693165465e-02
3.686300588699977648e-02
3.678991944810279524e-02
3.671034629670711508e-02
3.662450290545362502e-02
3.653259759030862835e-02
3.643483087624514033e-02
3.633139584289154372e-02
3.622247845147316681e-02
3.610825785426850787e-02
3.598890668770939744e-02
3.586459135016827754e-02
3.573547226539808969e-02
3.560170413251878552e-02
3.546343616337904736e-02
3.532081230806210365e-02
3.517397146924939461e-02
3.502304770610530082e-02
3.486817042829989943e-02
3.470946458074401775e-02
3.454705081957124696e-02
3.438104567986586396e-02
3.421156173560156721e-02
3.403870775222550549e-02
3.386258883229348315e-02
3.368330655453546929e-02
3.350095910670689014e-02
3.331564141255756450e-02
3.312744525323040728e-02
3.293645938338047446e-02
3.274276964229092673e-02
3.254645906023992397e-02
3.234760796036227626e-02
3.214629405623176117e-02
3.194259254537844261e-02
3.173657619894150461e-02
3.152831544764670563e-02
3.131787846428741445e-02
3.110533124287632664e-02
3.089073767462770931e-02
3.067415962091868745e-02
3.045565698337147562e-02
3.023528777118991012e-02
3.001310816587656263e-02
2.978917258344972174e-02
2.956353373427326320e-02
2.933624268060630591e-02
2.910734889197420794e-02
2.887690029845633305e-02
2.864494334198221595e-02
2.841152302572217542e-02
2.817668296165435834e-02
2.794046541638604136e-02
2.770291135530308230e-02
2.746406048511784367e-02
2.722395129488212537e-02
2.698262109552895111e-02
2.674010605800338641e-02
2.649644125004004327e-02
2.625166067164198119e-02
2.600579728931336904e-02
2.575888306909541320e-02
2.551094900845323268e-02
2.526202516705874923e-02
2.501214069651281832e-02
2.476132386904797422e-02
2.450960210525095564e-02
2.425700200084258268e-02
2.400354935255113314e-02
2.374926918311328836e-02
2.349418576543581966e-02
2.323832264594904301e-02
2.298170266718240623e-02
2.272434798959101221e-02
2.246628011266027167e-02
2.220751989531543832e-02
2.194808757566125978e-02
2.168800279007580128e-02
2.142728459168187147e-02
2.116595146821824772e-02
2.090402135933208672e-02
2.064151167331288936e-02
2.037843930328826422e-02
2.011482064289946831e-02
1.985067160147570287e-02
1.958600761872421325e-02
1.932084367895296750e-02
1.905519432484213682e-02
1.878907367077975454e-02
1.852249541577643405e-02
1.825547285597354727e-02
1.798801889675855428e-02
1.772014606450073027e-02
1.745186651792013724e-02
1.718319205910199057e-02
1.691413414416834474e-02
1.664470389361841912e-02
1.637491210234855166e-02
1.610476924936234816e-02
1.583428550718116862e-02
1.556347075096495280e-02
1.529233456735247347e-02
1.502088626303050255e-02
1.474913487304053798e-02
1.447708916883150287e-02
1.420475766606676613e-02
1.393214863219327873e-02
1.365927009378043941e-02
1.338612984363608989e-02
1.311273544770675918e-02
1.283909425176895519e-02
1.256521338791814074e-02
1.229109978086184718e-02
1.201676015402301269e-02
1.174220103545958391e-02
1.146742876360616441e-02
1.119244949284315359e-02
1.091726919889894620e-02
1.064189368409017809e-02
1.036632858240533160e-02
1.009057936443630288e-02
9.814651342162784842e-03
9.538549673593948314e-03
9.262279367271877839e-03
8.985845286640984503e-03
8.709252154287489694e-03
8.432504556053046010e-03
8.155606945026205867e-03
7.878563645415750244e-03
7.601378856309069440e-03
7.324056655319483369e-03
7.046601002125616950e-03
6.769015741906268813e-03
6.491304608673918383e-03
6.213471228509815161e-03
5.935519122703769232e-03
5.657451710801464535e-03
5.379272313562085198e-03
5.100984155828946348e-03
4.822590369315764465e-03
4.544093995311073060e-03
4.265497987303275632e-03
3.986805213528687303e-03
3.708018459444854548e-03
3.429140430131450649e-03
3.150173752620839384e-03
2.871120978160422027e-03
2.591984584408830658e-03
2.312766977567903316e-03
2.033470494452360895e-03
1.754097404499043887e-03
1.474649911717492053e-03
1.195130156583607385e-03
9.155402178780910633e-04
6.358821144712911103e-04
3.561578070560324216e-04
7.636919982997651365e-05
-2.034818578709963934e-04
-4.833935699869483581e-04
-7.633641921941770143e-04
-1.043392030410291446e-03
-1.323475439342739228e-03
-1.603612821079523519e-03
-1.883802623720854871e-03
-2.164043340050542889e-03
-2.444333506245966077e-03
-2.724671700625471392e-03
-3.005056542432119060e-03
-3.285486690652720566e-03
-3.565960842871094064e-03
-3.846477734154582669e-03
-4.127036135972842953e-03
-4.407634855147944328e-03
-4.688272732834891134e-03
-4.968948643531666265e-03
-5.249661494117932418e-03
-5.530410222921553105e-03
-5.811193798812148460e-03
-6.092011220320849713e-03
-6.372861514785520265e-03
-6.653743737520715663e-03
-6.934656971011613977e-03
-7.215600324131264329e-03
-7.496572931380471837e-03
-7.777573952149614660e-03
-8.058602570001809420e-03
-8.339657991976796164e-03
-8.620739447914886264e-03
-8.901846189800456319e-03
-9.182977491124386105e-03
-9.464132646264984336e-03
-9.745310969886622487e-03
-1.002651179635586330e-02
-1.030773447917434846e-02
-1.058897839042811928e-02
-1.087024292025275292e-02
-1.115152747631404165e-02
-1.143283148330339824e-02
-1.171415438244811751e-02
-1.199549563103559542e-02
-1.227685470195126992e-02
-1.255823108322990170e-02
-1.283962427761978220e-02
-1.312103380215949751e-02
-1.340245918776692899e-02
-1.368389997884003270e-02
-1.396535573286913218e-02
-1.424682602006042964e-02
-1.452831042297030549e-02
-1.480980853615017703e-02
-1.509131996580159729e-02
-1.537284432944131807e-02
-1.565438125557577775e-02
-1.593593038338531748e-02
-1.621749136241725647e-02
-1.649906385228773822e-02
-1.678064752239242022e-02
-1.706224205162527527e-02
-1.734384712810557727e-02
-1.762546244891268626e-02
-1.790708771982852873e-02
-1.818872265508743660e-02
-1.847036697713325473e-02
-1.875202041638330402e-02
-1.903368271099932854e-02
-1.931535360666484374e-02
-1.959703285636899689e-02
-1.987872022019662732e-02
-2.016041546512437402e-02
-2.044211836482260139e-02
-2.072382869946305661e-02
-2.100554625553204685e-02
-2.128727082564904269e-02
-2.156900220839041635e-02
-2.185074020811828693e-02
-2.213248463481428882e-02
-2.241423530391813482e-02
-2.269599203617079369e-02
-2.297775465746216064e-02
-2.325952299868317905e-02
-2.354129689558214292e-02
-2.382307618862518003e-02
-2.410486072286069717e-02
-2.438665034778775623e-02
-2.466844491722822857e-02
-2.495024428920262702e-02
-2.523204832580944537e-02
-2.551385689310815830e-02
-2.579566986100545814e-02
-2.607748710314449631e-02
-2.635930849679780918e-02
-2.664113392276300230e-02
-2.692296326526152569e-02
-2.720479641184032904e-02
-2.748663325327637894e-02
-2.776847368348387551e-02
-2.805031759942418212e-02
-2.833216490101832588e-02
-2.861401549106197192e-02
-2.889586927514291304e-02
-2.917772616156090112e-02
-2.945958606124976509e-02
-2.974144888770178380e-02
-3.002331455689424139e-02
-3.030518298721810583e-02
-3.058705409940865386e-02
-3.086892781647825740e-02
-3.115080406365097407e-02
-3.143268276829910141e-02
-3.171456385988151438e-02
-3.199644726988370297e-02
-3.227833293175963458e-02
-3.256022078087529581e-02
-3.284211075445378492e-02
-3.312400279152226401e-02
-3.340589683285972999e-02
-3.368779282094708227e-02
-3.396969069991822437e-02
-3.425159041551261579e-02
-3.453349191502927407e-02
-3.481539514728197726e-02
-3.509730006255584733e-02
-3.537920661256518245e-02
-3.566111475041247592e-02
-3.594302443054858687e-02
-3.622493560873406293e-02
-3.650684824200171874e-02
-3.678876228862013736e-02
-3.707067770805812235e-02
-3.735259446095045427e-02
-3.763451250906443835e-02
-3.791643181526750672e-02
-3.819835234349569508e-02
-3.848027405872305601e-02
-3.876219692693195357e-02
-3.904412091508423915e-02
-3.932604599109315591e-02
-3.960797212379620763e-02
-3.988989928292871467e-02
-4.017182743909811921e-02
-4.045375656375917173e-02
-4.073568662918959637e-02
-4.101761760846665827e-02
-4.129954947544436233e-02
-4.158148220473130430e-02
-4.186341577166912548e-02
-4.214535015231164056e-02
-4.242728532340452052e-02
-4.270922126236573885e-02
-4.299115794726626055e-02
-4.327309535681158476e-02
-4.355503347032371741e-02
-4.383697226772364369e-02
-4.411891172951436929e-02
-4.440085183676446834e-02
-4.468279257109199210e-02
-4.496473391464896052e-02
-4.524667585010631182e-02
-4.552861836063924750e-02
-4.581056142991300761e-02
-4.609250504206913179e-02
-4.637444918171204633e-02
-4.665639383389604683e-02
-4.693833898411274574e-02
-4.722028461827890156e-02
-4.750223072272441449e-02
-4.778417728418093285e-02
-4.806612428977068141e-02
-4.834807172699560202e-02
-4.863001958372687589e-02
-4.891196784819476506e-02
-4.919391650897872448e-02
-4.947586555499780547e-02
-4.975781497550141319e-02
-5.003976476006037621e-02
-5.032171489855810642e-02
-5.060366538118227925e-02
-5.088561619841659722e-02
-5.116756734103291432e-02
-5.144951880008349215e-02
-5.173147056689367251e-02
-5.201342263305464009e-02
-5.229537499041650439e-02
-5.257732763108155516e-02
-5.285928054739783000e-02
-5.314123373195268896e-02
-5.342318717756686791e-02
-5.370514087728859437e-02
-5.398709482438789758e-02
-5.426904901235118234e-02
-5.455100343487594150e-02
-5.483295808586566983e-02
-5.511491295942495816e-02
-5.539686804985483048e-02
-5.567882335164821284e-02
-5.596077885948549935e-02
-5.624273456823046524e-02
-5.652469047292621451e-02
-5.680664656879133578e-02
-5.708860285121615530e-02
-5.737055931575928136e-02
-5.765251595814427366e-02
-5.793447277425636116e-02
-5.821642976013940984e-02
-5.849838691199307078e-02
-5.878034422616990051e-02
-5.906230169917293937e-02
-5.934425932765311634e-02
-5.962621710840702860e-02
-5.990817503837470026e-02
-6.019013311463767418e-02
-6.047209133441706908e-02
-6.075404969507185865e-02
-6.103600819409719241e-02
-6.131796682912311197e-02
-6.159992559791318406e-02
-6.188188449836337646e-02
-6.216384352850096162e-02
-6.244580268648372567e-02
-6.272776197059916348e-02
-6.300972137926386107e-02
-6.329168091102324589e-02
-6.357364056455115653e-02
-6.385560033864971785e-02
-6.413756023224932712e-02
-6.441952024440873725e-02
-6.470148037431555643e-02
-6.498344062128651177e-02
-6.526540098476819873e-02
-6.554736146433777499e-02
-6.582932205970390416e-02
-6.611128277070778270e-02
-6.639324359732452774e-02
-6.667520453966464811e-02
-6.695716559797555700e-02
-6.723912677264350102e-02
-6.752108806419529485e-02
-6.780304947330070831e-02
-6.808501100077467283e-02
-6.836697264757995995e-02
-6.864893441482983194e-02
-6.893089630379103938e-02
-6.921285831588694371e-02
-6.949482045270095887e-02
-6.977678271598020121e-02
-7.005874510763919483e-02
-7.034070762976404878e-02
-7.062267028461681473e-02
-7.090463307463998333e-02
-7.118659600246145247e-02
-7.146855907089946780e-02
-7.175052228296835422e-02
-7.203248564188365066e-02
-7.231444915106828575e-02
-7.259641281415922520e-02
-7.287837663501382790e-02
-7.316034061771685415e-02
-7.344230476658762663e-02
-7.372426908618771868e-02
-7.400623358132903118e-02
-7.428819825708209146e-02
-7.457016311878487957e-02
-7.485212817205202929e-02
-7.513409342278443148e-02
-7.541605887717937884e-02
-7.569802454174093254e-02
-7.597999042329096897e-02
-7.626195652898078159e-02
-7.654392286630293252e-02
-7.682588944310386747e-02
-7.710785626759691924e-02
-7.738982334837615773e-02
-7.767179069443037875e-02
-7.795375831515817533e-02
-7.823572622038338364e-02
-7.851769442037127844e-02
-7.879966292584544840e-02
-7.908163174800546258e-02
-7.936360089854521682e-02
-7.964557038967180758e-02
-7.992754023412583508e-02
-8.020951044520205353e-02
-8.049148103677108979e-02
-8.077345202330196705e-02
-8.105542341988569710e-02
-8.133739524225978845e-02
-8.161936750683368436e-02
-8.190134023071557468e-02
-8.218331343174001269e-02
-8.246528712849678089e-02
-8.274726134036111680e-02
-8.302923608752485474e-02
-8.331121139102919126e-02
-8.359318727279869965e-02
-8.387516375567664884e-02
-8.415714086346200162e-02
-8.443911862094771736e-02
-8.472109705396069224e-02
-8.500307618940358689e-02
-8.528505605529791700e-02
-8.556703668082940584e-02
-8.584901809639491899e-02
-8.613100033365138353e-02
-8.641298342556681666e-02
-8.669496740647325561e-02
-8.697695231212208833e-02
-8.725893817974157696e-02
-8.754092504809665720e-02
-8.782291295755126348e-02
-8.810490195013327697e-02
-8.838689206960206879e-02
-8.866888336151881878e-02
-8.895087587331958201e-02
-8.923286965439182483e-02
-8.951486475615343108e-02
-8.979686123213556637e-02
-9.007885913806840117e-02
-9.036085853197099726e-02
-9.064285947424373380e-02
-9.092486202776618731e-02
-9.120686625799739877e-02
-9.148887223308095618e-02
-9.177088002395522581e-02
-9.205288970446623420e-02
-9.233490135148693378e-02
-9.261691504504025729e-02
-9.289893086842747338e-02
-9.318094890836203792e-02
-9.346296925510860776e-02
-9.374499200262806364e-02
-9.402701724872823685e-02
-9.430904509522082535e-02
-9.459107564808474922e-02
-9.487310901763622295e-02
-9.515514531870578052e-02
-9.543718467082254464e-02
-9.571922719840601779e-02
-9.600127303096575582e-02
-9.628332230330895192e-02
-9.656537515575697173e-02
-9.684743173437047881e-02
-9.712949219118353905e-02
-9.741155668444789750e-02
-9.769362537888656717e-02
-9.797569844595842292e-02
-9.825777606413314824e-02
-9.853985841917739519e-02
-9.882194570445324011e-02
-9.910403812122811629e-02
-9.938613587899788882e-02
-9.966823919582300240e-02
-9.995034829867832649e-02
-1.002324634238174333e-01
-1.005145848171516282e-01
-1.007967127346443004e-01
-1.010788474427221639e-01
-1.013609892187024020e-01
-1.016431383512378661e-01
-1.019252951407802477e-01
-1.022074599000623307e-01
-1.024896329545995910e-01
-1.027718146432129442e-01
-1.030540053185723531e-01
-1.033362053477630133e-01
-1.036184151128744235e-01
-1.039006350116136596e-01
-1.041828654579439184e-01
-1.044651068827489315e-01
-1.047473597345246060e-01
-1.050296244800988793e-01
-1.053119016053817580e-01
-1.055941916161448890e-01
-1.058764950388339510e-01
-1.061588124214137285e-01
-1.064411443342483249e-01
-1.067234913710167765e-01
-1.070058541496667071e-01
-1.072882333134066307e-01
-1.075706295317392647e-01
-1.078530435015366690e-01
-1.081354759481600175e-01
-1.084179276266246383e-01
-1.087003993228133070e-01
-1.089828918547385284e-01
-1.092654060738575128e-01
-1.095479428664403315e-01
-1.098305031549942357e-01
-1.101130878997464979e-01
-1.103956981001879833e-01
-1.106783347966801279e-01
-1.109609990721274198e-01
-1.112436920537189372e-01
-1.115264149147410233e-01
-1.118091688764645819e-01
-1.120919552101092564e-01
-1.123747752388889742e-01
-1.126576303401408963e-01
-1.129405219475418110e-01
-1.132234515534159269e-01
-1.135064207111368267e-01
-1.137894310376287160e-01
-1.140724842159699104e-01
-1.143555819981037502e-01
-1.146387262076605518e-01
-1.149219187428959649e-01
-1.152051615797497347e-01
-1.154884567750306679e-01
-1.157718064697327714e-01
-1.160552128924872001e-01
-1.163386783631570609e-01
-1.166222052965790457e-01
-1.169057962064618261e-01
-1.171894537094425870e-01
-1.174731805293117159e-01
-1.177569795014113685e-01
-1.180408535772162204e-01
-1.183248058291027083e-01
-1.186088394553155706e-01
-1.188929577851392805e-01
-1.191771642842833351e-01
-1.194614625604902142e-01
-1.197458563693754446e-01
-1.200303496205092912e-01
-1.203149463837501210e-01
-1.205996508958406543e-01
-1.208844675672772900e-01
-1.211694009894645763e-01
-1.214544559421666670e-01
-1.217396374012681415e-01
-1.220249505468574691e-01
-1.223104007716468850e-01
-1.225959936897425689e-01
-1.228817351457799217e-01
-1.231676312244400634e-01
-1.234536882603633062e-01
-1.237399128484760608e-01
-1.240263118547503957e-01
-1.243128924274124886e-01
-1.245996620086212148e-01
-1.248866283466358584e-01
-1.251737995084943322e-01
-1.254611838932241097e-01
-1.257487902456085327e-01
-1.260366276705325028e-01
-1.263247056479328556e-01
-1.266130340483795635e-01
-1.269016231493154956e-01
-1.271904836519828219e-01
-1.274796266990660398e-01
-1.277690638930862599e-01
-1.280588073155740914e-01
-1.283488695470598462e-01
-1.286392636879155060e-01
-1.289300033800868939e-01
-1.292211028297554076e-01
-1.295125768309700054e-01
-1.298044407902959330e-01
-1.300967107525214939e-01
-1.303894034274738212e-01
-1.306825362179930006e-01
-1.309761272491162809e-01
-1.312701953985299375e-01
-1.315647603283438827e-01
-1.318598425182521128e-01
-1.321554633001431611e-01
-1.324516448942254787e-01
-1.327484104467409887e-01
-1.330457840693401450e-01
-1.333437908801967109e-01
-1.336424570469450512e-01
-1.339418098315255379e-01
-1.342418776370313815e-01
-1.345426900566512041e-01
-1.348442779248092971e-01
-1.351466733706113976e-01
-1.354499098737074192e-01
-1.357540223226911258e-01
-1.360590470761627035e-01
-1.363650220265857638e-01
-1.366719866670806638e-01
-1.369799821613015833e-01
-1.372890514165552578e-01
-1.375992391603269027e-01
-1.379105920203892444e-01
-1.382231586086830610e-01
-1.385369896091638575e-01
-1.388521378698292230e-01
-1.391686584991450870e-01
-1.394866089671095155e-01
-1.398060492112065401e-01
-1.401270417475164731e-01
-1.404496517872673989e-01
-1.407739473591318180e-01
-1.410999994375903843e-01
-1.414278820777087609e-01
-1.417576725566938034e-01
-1.420894515226231447e-01
-1.424233031507660951e-01
-1.427593153079465549e-01
-1.430975797254260273e-01
-1.434381921808231819e-01
-1.437812526896201926e-01
-1.441268657068474346e-01
-1.444751403395826417e-01
-1.448261905709463671e-01
-1.451801354963281054e-01
-1.455370995726339711e-01
-1.458972128814069458e-01
-1.462606114067389051e-01
-1.466274373289653266e-01
-1.469978393352140700e-01
-1.473719729479691931e-01
-1.477500008729005498e-01
-1.481320933673223594e-01
-1.485184286307545398e-01
-1.489091932191896339e-01
-1.493045824848066028e-01
-1.497048010430290788e-01
-1.501100632689930658e-01
-1.505205938256795883e-01
-1.509366282261740411e-01
-1.513584134327461139e-01
-1.517862084956984881e-01
-1.522202852352178282e-01
-1.526609289697783145e-01
-1.531084392949991213e-01
-1.535631309172520165e-01
-1.540253345467554880e-01
-1.544953978553832430e-01
-1.549736865049690104e-01
-1.554605852525092202e-01
-1.559564991393648514e-01
-1.564618547723505004e-01
-1.569771017054916173e-01
-1.575027139322338898e-01
-1.580391914990351698e-01
-1.585870622525676343e-01
-1.591468837342353559e-01
-1.597192452374012195e-01
-1.603047700446485202e-01
-1.609041178646132275e-01
-1.615179874904706936e-01
-1.621471197050889934e-01
-1.627923004612494562e-01
-1.634543643692590031e-01
-1.641341985288329308e-01
-1.648327467474401120e-01
-1.655510141935042367e-01
-1.662900725401284252e-01
-1.670510656635641744e-01
-1.678352159707391933e-01
-1.686438314421126183e-01
-1.694783134903369293e-01
-1.703401657521609880e-01
-1.712310039513268434e-01
-1.721525669946596671e-01
-1.731067294930935807e-01
-1.740955159352554071e-01
-1.751211167850019179e-01
-1.761859068280006713e-01
-1.772924661586498807e-01
-1.784436042807539813e-01
-1.796423878978232469e-01
-1.808921730975222297e-01
-1.821966427974346381e-01
-1.835598505264048053e-01
-1.849862718814130336e-01
-1.864808653436112740e-01
-1.880491445855151933e-01
-1.896972649917667564e-01
-1.914321279010700316e-01
-1.932615071323286748e-01
-1.951942037930260998e-01
-1.972402373433829459e-01
-1.994110836462094916e-01
-2.017199746349908063e-01
-2.041822798473448275e-01
-2.068159982914841988e-01
-2.068159982914841988e-01
-2.068159982914841988e-01
-2.068159982914841988e-01
-2.068159982914841988e-01
-2.068159982914841988e-01
-2.068159982914841988e-01
-2.068159982914841988e-01
-2.068159982914841988e-01
-2.068159982914841988e-01
-2.068159982914841988e-01
-2.068159982914841988e-01
-2.068159982914841988e-01
-2.068159982914841988e-01
-2.068159982914841988e-01
-2.068159982914841988e-01
-2.068159982914841988e-01
-2.068159982914841988e-01
-2.068159982914841988e-01
-2.068159982914841988e-01
-2.068159982914841988e-01
-2.068159982914841988e-01
-2.068159982914841988e-01
-2.068159982914841988e-01
-2.068159982914841988e-01
-2.068159982914841988e-01
-2.068159982914841988e-01
-2.068159982914841988e-01
-2.068159982914841988e-01
-2.068159982914841988e-01
-2.068159982914841988e-01
-2.068159982914841988e-01
-2.068159982914841988e-01
-2.068159982914841988e-01
-2.068159982914841988e-01
-2.068159982914841988e-01
-2.068159982914841988e-01
-2.068159982914841988e-01
-2.068159982914841988e-01
-2.068159982914841988e-01
-2.068159982914841988e-01
-2.068159982914841988e-01
-2.068159982914841988e-01
-2.068159982914841988e-01
-2.068159982914841988e-01
-2.068159982914841988e-01
-2.068159982914841988e-01
-2.068159982914841988e-01
-2.068159982914841988e-01
-2.068159982914841988e-01
-2.068159982914841988e-01
-2.068159982914841988e-01
-2.068159982914841988e-01
-2.068159982914841988e-01
-2.068159982914841988e-01
-2.068159982914841988e-01
-2.068159982914841988e-01
-2.068159982914841988e-01
-2.068159982914841988e-01
-2.068159982914841988e-01
-2.068159982914841988e-01
-2.068159982914841988e-01
-2.068159982914841988e-01
-2.068159982914841988e-01
-2.068159982914841988e-01
-2.068159982914841988e-01
-2.068159982914841988e-01
-2.068159982914841988e-01
-2.068159982914841988e-01
-2.068159982914841988e-01
-2.068159982914841988e-01
-2.068159982914841988e-01
-2.068159982914841988e-01
-2.068159982914841988e-01
-2.068159982914841988e-01
-2.068159982914841988e-01
-2.068159982914841988e-01
-2.068159982914841988e-01
-2.068159982914841988e-01
-2.068159982914841988e-01
-2.068159982914841988e-01
-2.068159982914841988e-01
-2.068159982914841988e-01
-2.068159982914841988e-01
-2.068159982914841988e-01
-2.068159982914841988e-01
-2.068159982914841988e-01
-2.068159982914841988e-01
-2.068159982914841988e-01
-2.068159982914841988e-01
-2.068159982914841988e-01
-2.068159982914841988e-01
-2.068159982914841988e-01
-2.068159982914841988e-01
-2.068159982914841988e-01
-2.068159982914841988e-01
-2.068159982914841988e-01
-2.068159982914841988e-01
-2.068159982914841988e-01
-2.068159982914841988e-01
-2.068159982914841988e-01
