3.694528049465324525e+24
3.694528049465324525e+24
3.694528049465324525e+24
3.694528049465324525e+24
3.694528049465324525e+24
3.694528049465324525e+24
3.694528049465324525e+24
3.694528049465324525e+24
3.694528049465324525e+24
3.694528049465324525e+24
3.694528049465324525e+24
3.694528049465324525e+24
3.694528049465324525e+24
3.694528049465324525e+24
3.694528049465324525e+24
3.694528049465324525e+24
3.694528049465324525e+24
3.694528049465324525e+24
3.694528049465324525e+24
3.694528049465324525e+24
3.694528049465324525e+24
3.694528049465324525e+24
3.694528049465324525e+24
3.694528049465324525e+24
3.694528049465324525e+24
3.694528049465324525e+24
3.694528049465324525e+24
3.694528049465324525e+24
3.694528049465324525e+24
3.694528049465324525e+24
3.694528049465324525e+24
3.694528049465324525e+24
3.694528049465324525e+24
3.694528049465324525e+24
3.694528049465324525e+24
3.694528049465324525e+24
3.694528049465324525e+24
3.694528049465324525e+24
3.694528049465324525e+24
3.694528049465324525e+24
3.694528049465324525e+24
3.694528049465324525e+24
3.694528049465324525e+24
3.694528049465324525e+24
3.694528049465324525e+24
3.694528049465324525e+24
3.694528049465324525e+24
3.694528049465324525e+24
3.694528049465324525e+24
3.694528049465324525e+24
3.694528049465324525e+24
3.694528049465324525e+24
3.694528049465324525e+24
3.694528049465324525e+24
3.694528049465324525e+24
3.694528049465324525e+24
3.694528049465324525e+24
3.694528049465324525e+24
3.694528049465324525e+24
3.694528049465324525e+24
3.694528049465324525e+24
3.694528049465324525e+24
3.694528049465324525e+24
3.694528049465324525e+24
3.694528049465324525e+24
3.694528049465324525e+24
3.694528049465324525e+24
3.694528049465324525e+24
3.694528049465324525e+24
3.694528049465324525e+24
3.694528049465324525e+24
3.694528049465324525e+24
3.694528049465324525e+24
3.694528049465324525e+24
3.694528049465324525e+24
3.694528049465324525e+24
3.694528049465324525e+24
3.694528049465324525e+24
3.694528049465324525e+24
3.694528049465324525e+24
3.694528049465324525e+24
3.694528049465324525e+24
3.694528049465324525e+24
3.694528049465324525e+24
3.694528049465324525e+24
3.694528049465324525e+24
3.694528049465324525e+24
3.694528049465324525e+24
3.694528049465324525e+24
3.694528049465324525e+24
3.694528049465324525e+24
3.694528049465324525e+24
3.694528049465324525e+24
3.694528049465324525e+24
3.694528049465324525e+24
3.694528049465324525e+24
3.694528049465324525e+24
3.694528049465324525e+24
3.694528049465324525e+24
3.694528049465324525e+24
3.694528049465324525e+24
3.359457424400674015e+24
3.074766544959949345e+24
2.830728903607826300e+24
2.619866891827168590e+24
2.436354510501995673e+24
2.275597403629998276e+24
2.133932490309228667e+24
2.008409783521907768e+24
1.896631654723114190e+24
1.796632878876612587e+24
1.706790043959112063e+24
1.625752383233794123e+24
1.552388426427238384e+24
1.485744463276579456e+24
1.425011919829723551e+24
1.369501525076250309e+24
1.318622697876345108e+24
1.271866981261626703e+24
1.228794639713311404e+24
1.189023746769042054e+24
1.152221247168350825e+24
1.118095594975294304e+24
1.086390657459674805e+24
1.056880641618068598e+24
1.029365851560905506e+24
1.003669124558852062e+24
9.796328242368557078e+23
9.571162933683108163e+23
9.359936875442095690e+23
9.161521258613019236e+23
8.974901065840490101e+23
8.799161451659547577e+23
8.633475995838612368e+23
8.477096540411965473e+23
8.329344370394741437e+23
8.189602538390896006e+23
8.057309166165660680e+23
7.931951583210843511e+23
7.813061184532287198e+23
7.700208908240747852e+23
7.593001248752652496e+23
7.491076734082013630e+23
7.394102806292429223e+23
7.301773053049548770e+23
7.213804745672352470e+23
7.129936645369237476e+23
7.049927044661418373e+23
6.973552015504790939e+23
6.900603839454145822e+23
6.830889598481719729e+23
6.764229907854389737e+23
6.700457774867216356e+23
6.639417569285280880e+23
6.580964093115184427e+23
6.524961738853646357e+23
6.471283726679535685e+23
6.419811412200301988e+23
6.370433657355117915e+23
6.323046257941482717e+23
6.277551421984722523e+23
6.233857293827153079e+23
6.191877519389107673e+23
6.151530848558180309e+23
6.112740771105759360e+23
6.075435182919434874e+23
6.039546079682872203e+23
6.005009275437478744e+23
5.971764143727863021e+23
5.939753379269850096e+23
5.908922778289790203e+23
5.879221035870433963e+23
5.850599558804281617e+23
5.823012292602878042e+23
5.796415561442198951e+23
5.770767919941621593e+23
5.746030015779012702e+23
5.722164462238401445e+23
5.699135719870985761e+23
5.676909986525653563e+23
5.655455095073258707e+23
5.634740418209720461e+23
5.614736779778205522e+23
5.595416372099970635e+23
5.576752678848292004e+23
5.558720403040340825e+23
5.541295399758186907e+23
5.524454613243329910e+23
5.508176018039139279e+23
5.492438563882581182e+23
5.477222124071490033e+23
5.462507447055814251e+23
5.448276111022144199e+23
5.434510481258399956e+23
5.421193670103931027e+23
5.408309499304290403e+23
5.395842464604991835e+23
5.383777702430893849e+23
5.372100958509881214e+23
5.360798558310250714e+23
5.349857379170995856e+23
5.339264824013311967e+23
5.329008796529710984e+23
5.319077677755168792e+23
5.309460303931265767e+23
5.300145945581065171e+23
5.291124287718106522e+23
5.282385411118563758e+23
5.273919774590469994e+23
5.265718198178674723e+23
5.257771847248250006e+23
5.250072217393356499e+23
5.242611120121783916e+23
5.235380669269097736e+23
5.228373268099235085e+23
5.221581597051366366e+23
5.214998602095443009e+23
5.208617483661360245e+23
5.202431686108922040e+23
5.196434887708001153e+23
5.190620991100073101e+23
5.184984114214424753e+23
5.179518581613650940e+23
5.174218916245107355e+23
5.169079831576000667e+23
5.164096224091438936e+23
5.159263166136021030e+23
5.154575899080626201e+23
5.150029826797216570e+23
5.145620509425590012e+23
5.141343657416798063e+23
5.137195125839062819e+23
5.133170908932661030e+23
5.129267134901192439e+23
5.125480060927237350e+23
5.121806068401308319e+23
5.118241658353294110e+23
5.114783447076663124e+23
5.111428161935765993e+23
5.108172637347497053e+23
5.105013810928876457e+23
5.101948719802553530e+23
5.098974497052801756e+23
5.096088368324893192e+23
5.093287648561156860e+23
5.090569738867259212e+23
5.087932123502882943e+23
5.085372366991010667e+23
5.082888111340354798e+23
5.080477073375969610e+23
5.078137042173055929e+23
5.075865876589478255e+23
5.073661502892583944e+23
5.071521912476126769e+23
5.069445159663499194e+23
5.067429359593413254e+23
5.065472686184547096e+23
5.063573370175774890e+23
5.061729697238771638e+23
5.059940006159896470e+23
5.058202687088590900e+23
5.056516179849348634e+23
5.054878972314751756e+23
5.053289598836991622e+23
5.051746638735611548e+23
5.050248714839002354e+23
5.048794492077679103e+23
5.047382676127100971e+23
5.046012012098218927e+23
5.044681283273710465e+23
5.043389309888248488e+23
5.042134947950958844e+23
5.040917088108494843e+23
5.039734654547221461e+23
5.038586603932830872e+23
5.037471924386152464e+23
5.036389634493646729e+23
5.035338782351353604e+23
5.034318444641006073e+23
5.033327725737109157e+23
5.032365756843827984e+23
5.031431695160643410e+23
5.030524723075609526e+23
5.029644047385305725e+23
5.028788898540449851e+23
5.027958529916277883e+23
5.027152217106788867e+23
5.026369257241993428e+23
5.025608968327351155e+23
5.024870688604589539e+23
5.024153775933222646e+23
5.023457607191901126e+23
5.022781577699054007e+23
5.022125100652071328e+23
5.021487606584367928e+23
5.020868542839759978e+23
5.020267373063508003e+23
5.019683576709525757e+23
5.019116648563097280e+23
5.018566098278700171e+23
5.018031449932345167e+23
5.017512241587921355e+23
5.017008024877157759e+23
5.016518364592675865e+23
5.016042838293731082e+23
5.015581035924217680e+23
5.015132559442505693e+23
5.014697022462768196e+23
5.014274049907354711e+23
5.013863277669927522e+23
5.013464352288932092e+23
5.013076930631127762e+23
5.012700679584813008e+23
5.012335275762417066e+23
5.011980405212235159e+23
5.011635763138918057e+23
5.011301053632488501e+23
5.010975989405607988e+23
5.010660291538802662e+23
5.010353689233432238e+23
5.010055919572132152e+23
5.009766727286494090e+23
5.009485864531762065e+23
5.009213090668329315e+23
5.008948172049803809e+23
5.008690881817447089e+23
5.008440999700807926e+23
5.008198311824289746e+23
5.007962610519573969e+23
5.007733694143601312e+23
5.007511366902012392e+23
5.007295438677895975e+23
5.007085724865585144e+23
5.006882046209463157e+23
5.006684228647497111e+23
5.006492103159502791e+23
5.006305505619869570e+23
5.006124276654646713e+23
5.005948261502913914e+23
5.005777309882213927e+23
5.005611275857989594e+23
5.005450017716887670e+23
5.005293397843779151e+23
5.005141282602450451e+23
5.004993542219764775e+23
5.004850050673297053e+23
5.004710685582224324e+23
5.004575328101457472e+23
5.004443862818900243e+23
5.004316177655696615e+23
5.004192163769409486e+23
5.004071715460066249e+23
5.003954730078961874e+23
5.003841107940108088e+23
5.003730752234289071e+23
5.003623568945671978e+23
5.003519466770785066e+23
5.003418357039926503e+23
5.003320153640852867e+23
5.003224772944687603e+23
5.003132133734009180e+23
5.003042157133024314e+23
5.002954766539790033e+23
5.002869887560448999e+23
5.002787447945280136e+23
5.002707377526711507e+23
5.002629608159099507e+23
5.002554073660230740e+23
5.002480709754626433e+23
5.002409454018395059e+23
5.002340245825748583e+23
5.002273026297011215e+23
5.002207738248217294e+23
5.002144326142112427e+23
5.002082736040645776e+23
5.002022915558715949e+23
5.001964813819400663e+23
5.001908381410429260e+23
5.001853570341881984e+23
5.001800334005174377e+23
5.001748627133204015e+23
5.001698405761652852e+23
5.001649627191380080e+23
5.001602249951981349e+23
5.001556233766346561e+23
5.001511539516226310e+23
5.001468129208850595e+23
5.001425965944497787e+23
5.001385013884972255e+23
5.001345238223016144e+23
5.001306605152602297e+23
5.001269081840116365e+23
5.001232636396301944e+23
5.001197237849077464e+23
5.001162856117107373e+23
5.001129461984165878e+23
5.001097027074207347e+23
5.001065523827196381e+23
5.001034925475596893e+23
5.001005206021557778e+23
5.000976340214760950e+23
5.000948303530908923e+23
5.000921072150813019e+23
5.000894622940109713e+23
5.000868933429562840e+23
5.000843981795911396e+23
5.000819746843281725e+23
5.000796207985140601e+23
5.000773345226779819e+23
5.000751139148257118e+23
5.000729570887910891e+23
5.000708622126308414e+23
5.000688275070559820e+23
5.000668512439286387e+23
5.000649317447835782e+23
5.000630673794049612e+23
5.000612565644359143e+23
5.000594977620331982e+23
5.000577894785579137e+23
5.000561302633059367e+23
5.000545187072698262e+23
5.000529534419483136e+23
5.000514331381734404e+23
5.000499565049882975e+23
5.000485222885448284e+23
5.000471292710382752e+23
5.000457762696708835e+23
5.000444621356498325e+23
5.000431857532048287e+23
5.000419460386450917e+23
5.000407419394339237e+23
5.000395724332984424e+23
5.000384365273570324e+23
5.000373332572772625e+23
5.000362616864548764e+23
5.000352209052199614e+23
5.000342100300626469e+23
5.000332282028863835e+23
5.000322745902720279e+23
5.000313483827731990e+23
5.000304487942318352e+23
5.000295750611042870e+23
5.000287264418183470e+23
5.000279022161398092e+23
5.000271016845636576e+23
5.000263241677168643e+23
5.000255690057866218e+23
5.000248355579550184e+23
5.000241232018557916e+23
5.000234313330511472e+23
5.000227593645138138e+23
5.000221067261296310e+23
5.000214728642138965e+23
5.000208572410427448e+23
5.000202593343958669e+23
5.000196786371150018e+23
5.000191146566710838e+23
5.000185669147517916e+23
5.000180349468501711e+23
5.000175183018728536e+23
5.000170165417592803e+23
5.000165292411083083e+23
5.000160559868213933e+23
5.000155963777477174e+23
5.000151500243482423e+23
5.000147165483635877e+23
5.000142955824940560e+23
5.000138867700924080e+23
5.000134897648566387e+23
5.000131042305402680e+23
5.000127298406665243e+23
5.000123662782559494e+23
5.000120132355536013e+23
5.000116704137721613e+23
5.000113375228391347e+23
5.000110142811497562e+23
5.000107004153336525e+23
5.000103956600211689e+23
5.000100997576217088e+23
5.000098124581038184e+23
5.000095335187886920e+23
5.000092627041426719e+23
5.000089997855808878e+23
5.000087445412757950e+23
5.000084967559691355e+23
5.000082562207934285e+23
5.000080227330959438e+23
5.000077960962677754e+23
5.000075761195831158e+23
5.000073626180356449e+23
5.000071554121884070e+23
5.000069543280200647e+23
5.000067591967837688e+23
5.000065698548636126e+23
5.000063861436431655e+23
5.000062079093704501e+23
5.000060350030330525e+23
5.000058672802355814e+23
5.000057046010773960e+23
5.000055468300411381e+23
5.000053938358809956e+23
5.000052454915174092e+23
5.000051016739280199e+23
5.000049622640549251e+23
5.000048271467032095e+23
5.000046962104512209e+23
5.000045693475593021e+23
5.000044464538847638e+23
5.000043274287989381e+23
5.000042121751071178e+23
5.000041005989745352e+23
5.000039926098489183e+23
5.000038881203937178e+23
5.000037870464214678e+23
5.000036893068250663e+23
5.000035948235215381e+23
5.000035035213886170e+23
5.000034153282156888e+23
5.000033301746444004e+23
5.000032479941225559e+23
5.000031687228549927e+23
5.000030922997607663e+23
5.000030186664271806e+23
5.000029477670768377e+23
5.000028795485252244e+23
5.000028139601505812e+23
5.000027509538612199e+23
5.000026904840652571e+23
5.000026325076478651e+23
5.000025769839460383e+23
5.000025238747274543e+23
5.000024731441720187e+23
5.000024247588590474e+23
5.000023786877506908e+23
5.000023349021842164e+23
5.000022933758640222e+23
5.000022540848538531e+23
5.000022170075788801e+23
5.000021821248215408e+23
5.000021494197324098e+23
5.000021188778287232e+23
5.000020904870074647e+23
5.000020642375543575e+23
5.000020401221609110e+23
5.000020181359424050e+23
5.000019982764593654e+23
5.000019805437395080e+23
5.000019649403039787e+23
5.000019514712004378e+23
5.000019401440362790e+23
5.000019309690135259e+23
5.000019239589710439e+23
5.000019191294292342e+23
5.000019164986344598e+23
5.000019160876114583e+23
5.000019179202187729e+23
5.000019220232109629e+23
5.000019284262981290e+23
5.000019371622152368e+23
5.000019482667918431e+23
5.000019617790296735e+23
5.000019777411783883e+23
5.000019961988310117e+23
5.000020172010025155e+23
5.000020408002331007e+23
5.000020670526838937e+23
5.000020960182474753e+23
5.000021277606545164e+23
5.000021623475912856e+23
5.000021998508185664e+23
5.000022403463096996e+23
5.000022839143808421e+23
5.000023306398310230e+23
5.000023806120949501e+23
5.000024339253993742e+23
5.000024906789162980e+23
5.000025509769404796e+23
5.000026149290733774e+23
5.000026826504017942e+23
5.000027542616992708e+23
5.000028298896253995e+23
5.000029096669395655e+23
5.000029937327246882e+23
5.000030822326196188e+23
5.000031753190606656e+23
5.000032731515377481e+23
5.000033758968550481e+23
5.000034837294110548e+23
5.000035968314835762e+23
5.000037153935300514e+23
5.000038396145016871e+23
5.000039697021690697e+23
5.000041058734636154e+23
5.000042483548331128e+23
5.000043973826087412e+23
5.000045532033943024e+23
5.000047160744655853e+23
5.000048862641927487e+23
5.000050640524704230e+23
5.000052497311783442e+23
5.000054436046527948e+23
5.000056459901834772e+23
5.000058572185193803e+23
5.000060776344125629e+23
5.000063075971728084e+23
5.000065474812520086e+23
5.000067976768460633e+23
5.000070585905255023e+23
5.000073306458939573e+23
5.000076142842701226e+23
5.000079099654015245e+23
5.000082181682038602e+23
5.000085393915351652e+23
5.000088741550007842e+23
5.000092229997840449e+23
5.000095864895251824e+23
5.000099652112269737e+23
5.000103597761985564e+23
5.000107708210409227e+23
5.000111990086674437e+23
5.000116450293762019e+23
5.000121096019564823e+23
5.000125934748431118e+23
5.000130974273234125e+23
5.000136222707877077e+23
5.000141688500331133e+23
5.000147380446251094e+23
5.000153307703059541e+23
5.000159479804691323e+23
5.000165906676909815e+23
5.000172598653245939e+23
5.000179566491589495e+23
5.000186821391479084e+23
5.000194375012093327e+23
5.000202239490986313e+23
5.000210427463517633e+23
5.000218952083227971e+23
5.000227827042893840e+23
5.000237066596567472e+23
5.000246685582413969e+23
5.000256699446608097e+23
5.000267124268001489e+23
5.000277976784085052e+23
5.000289274417740576e+23
5.000301035305223785e+23
5.000313278325427158e+23
5.000326023130015838e+23
5.000339290175076838e+23
5.000353100753937294e+23
5.000367477031311466e+23
5.000382442078932189e+23
5.000398019912545977e+23
5.000414235530522767e+23
5.000431114953952120e+23
5.000448685268443322e+23
5.000466974667579043e+23
5.000486012498209795e+23
5.000505829307603275e+23
5.000526456892415048e+23
5.000547928349857714e+23
5.000570278130789384e+23
5.000593542094967097e+23
5.000617757568765138e+23
5.000642963405026078e+23
5.000669200045494837e+23
5.000696509585784088e+23
5.000724935842980398e+23
5.000754524426067604e+23
5.000785322809192905e+23
5.000817380407858252e+23
5.000850748658379244e+23
5.000885481100569299e+23
5.000921633463732273e+23
5.000959263756244075e+23
5.000998432358739361e+23
5.001039202121266380e+23
5.001081638464180453e+23
5.001125809483410938e+23
5.001171786059939945e+23
5.001219641973764595e+23
5.001269454022555562e+23
5.001321302145215224e+23
5.001375269550393823e+23
5.001431442850401181e+23
5.001489912200543485e+23
5.001550771444258292e+23
5.001614118264083296e+23
5.001680054338939372e+23
5.001748685507777559e+23
5.001820121940069125e+23
5.001894478313202479e+23
5.001971873997172811e+23
5.002052433246879849e+23
5.002136285402497485e+23
5.002223565097746133e+23
5.002314412477036206e+23
5.002408973421382730e+23
5.002507399783741359e+23
5.002609849633894669e+23
5.002716487513549046e+23
5.002827484701838163e+23
5.002943019491910148e+23
5.003063277478754816e+23
5.003188451859050099e+23
5.003318743743310206e+23
5.003454362480914654e+23
5.003595525998551016e+23
5.003742461152748529e+23
5.003895404096848145e+23
5.004054600663253951e+23
5.004220306761443768e+23
5.004392788792469052e+23
5.004572324080624620e+23
5.004759201323013605e+23
5.004953721057796875e+23
5.005156196151785234e+23
5.005366952308445471e+23
5.005586328596714850e+23
5.005814678002135340e+23
5.006052368000760571e+23
5.006299781156907233e+23
5.006557315745917279e+23
5.006825386402879856e+23
5.007104424798380653e+23
5.007394880342425569e+23
5.007697220918012396e+23
5.008011933645122967e+23
5.008339525677006056e+23
5.008680525029596641e+23
5.009035481445848538e+23
5.009404967296498433e+23
5.009789578518498116e+23
5.010189935593165769e+23
5.010606684565338084e+23
5.011040498105961949e+23
5.011492076619261186e+23
5.011962149396825799e+23
5.012451475820644401e+23
5.012960846617284989e+23
5.013491085165275612e+23
5.014043048858267261e+23
5.014617630526282169e+23
5.015215759917609732e+23
5.015838405244228353e+23
5.016486574793463064e+23
5.017161318608817619e+23
5.017863730243155316e+23
5.018594948587511507e+23
5.019356159778948938e+23
5.020148599190930829e+23
5.020973553510231489e+23
5.021832362903999653e+23
5.022726423281509062e+23
5.023657188654702018e+23
5.024626173602146351e+23
5.025634955841277914e+23
5.026685178914079873e+23
5.027778554991268195e+23
5.028916867800871469e+23
5.030101975687024072e+23
5.031335814805022541e+23
5.032620402459413746e+23
5.033957840591942530e+23
5.035350319426458259e+23
5.036800121278754151e+23
5.038309624539175023e+23
5.039881307836553185e+23
5.041517754392656342e+23
5.043221656576368239e+23
5.044995820667985828e+23
5.046843171843879794e+23
5.048766759393005467e+23
5.050769762177460491e+23
5.052855494348837319e+23
5.055027411334454680e+23
5.057289116107163587e+23
5.059644365754022672e+23
5.062097078359388617e+23
5.064651340219407600e+23
5.067311413406230496e+23
5.070081743700111487e+23
5.072966968910350196e+23
5.075971927606142142e+23
5.079101668280302169e+23
5.082361458970426060e+23
5.085756797363059467e+23
5.089293421408802864e+23
5.092977320477915318e+23
5.096814747087384462e+23
5.100812229233729801e+23
5.104976583366964098e+23
5.109314928044348770e+23
5.113834698304927333e+23
5.118543660808795230e+23
5.123449929788307045e+23
5.128561983861697051e+23
5.133888683762953853e+23
5.139439291046656632e+23
5.145223487829679580e+23
5.151251397637112290e+23
5.157533607424570352e+23
5.164081190854404195e+23
5.170905732909619793e+23
5.178019355935519644e+23
5.185434747206551732e+23
5.193165188122923426e+23
5.201224585150712387e+23
5.209627502627922662e+23
5.218389197568774316e+23
5.227525656610388511e+23
5.237053635256619075e+23
5.246990699587990528e+23
5.257355270620725641e+23
5.268166671513614140e+23
5.279445177838454062e+23
5.291212071149239397e+23
5.303489696105732464e+23
5.316301521430387884e+23
5.329672205002344749e+23
5.343627663420763763e+23
5.358195146399532838e+23
5.373403316390547759e+23
5.389282333869027434e+23
5.405863948756958168e+23
5.423181598505846471e+23
5.441270513411480082e+23
5.460167829790283688e+23
5.479912711708783925e+23
5.500546482028847038e+23
5.522112763608958606e+23
5.544657631588338882e+23
5.568229777778744765e+23
5.592880688296649965e+23
5.618664835690286841e+23
5.645639886953101163e+23
5.673866928966484152e+23
5.703410713088288935e+23
5.734339920796100801e+23
5.766727452512688045e+23
5.800650741987157842e+23
5.836192098883441378e+23
5.873439082543223962e+23
5.912484910247126216e+23
5.953428903704279174e+23
5.996376977961604256e+23
6.041442177450622373e+23
6.088745264489985779e+23
6.138415366249288103e+23
6.190590686966355476e+23
6.245419293114316913e+23
6.303059980254350357e+23
6.363683231507712752e+23
6.427472278965019109e+23
6.494624280952010713e+23
6.565351629929746688e+23
6.639883407966743235e+23
6.718467009239293278e+23
6.801369951956021113e+23
6.888881905547652859e+23
6.981316963007724645e+23
7.079016193029202384e+23
7.182350512203236167e+23
7.291723924199321601e+23
7.407577180744657750e+23
7.530391928628703092e+23
7.660695418197500714e+23
7.799065862272200244e+23
7.946138550627591080e+23
8.102612844715307119e+23
8.269260201000210058e+23
8.446933400070001116e+23
8.636577193825914166e+23
8.839240626140853159e+23
9.056091335397700880e+23
9.288432212883541443e+23
9.537720872457153030e+23
9.805592488563178262e+23
1.009388668720411270e+24
1.040467933533970117e+24
1.074032027820284384e+24
1.110347833429762746e+24
1.149719519193834619e+24
1.192495028280775416e+24
1.239073926942864341e+24
1.289916951894987922e+24
1.345557690653912089e+24
1.406616958359287533e+24
1.473820607970809618e+24
1.548021745504584294e+24
1.630228642934455538e+24
1.721640084685759766e+24
1.823690502623263405e+24
1.938108128829595068e+24
2.066990646220239332e+24
2.212904630354858920e+24
2.379017743112028272e+24
2.569276624432296792e+24
2.788649485889898717e+24
3.043461789056643392e+24
3.341868211645651482e+24
3.694528049465306808e+24
3.694528049465306808e+24
3.694528049465306808e+24
3.694528049465306808e+24
3.694528049465306808e+24
3.694528049465306808e+24
3.694528049465306808e+24
3.694528049465306808e+24
3.694528049465306808e+24
3.694528049465306808e+24
3.694528049465306808e+24
3.694528049465306808e+24
3.694528049465306808e+24
3.694528049465306808e+24
3.694528049465306808e+24
3.694528049465306808e+24
3.694528049465306808e+24
3.694528049465306808e+24
3.694528049465306808e+24
3.694528049465306808e+24
3.694528049465306808e+24
3.694528049465306808e+24
3.694528049465306808e+24
3.694528049465306808e+24
3.694528049465306808e+24
3.694528049465306808e+24
3.694528049465306808e+24
3.694528049465306808e+24
3.694528049465306808e+24
3.694528049465306808e+24
3.694528049465306808e+24
3.694528049465306808e+24
3.694528049465306808e+24
3.694528049465306808e+24
3.694528049465306808e+24
3.694528049465306808e+24
3.694528049465306808e+24
3.694528049465306808e+24
3.694528049465306808e+24
3.694528049465306808e+24
3.694528049465306808e+24
3.694528049465306808e+24
3.694528049465306808e+24
3.694528049465306808e+24
3.694528049465306808e+24
3.694528049465306808e+24
3.694528049465306808e+24
3.694528049465306808e+24
3.694528049465306808e+24
3.694528049465306808e+24
3.694528049465306808e+24
3.694528049465306808e+24
3.694528049465306808e+24
3.694528049465306808e+24
3.694528049465306808e+24
3.694528049465306808e+24
3.694528049465306808e+24
3.694528049465306808e+24
3.694528049465306808e+24
3.694528049465306808e+24
3.694528049465306808e+24
3.694528049465306808e+24
3.694528049465306808e+24
3.694528049465306808e+24
3.694528049465306808e+24
3.694528049465306808e+24
3.694528049465306808e+24
3.694528049465306808e+24
3.694528049465306808e+24
3.694528049465306808e+24
3.694528049465306808e+24
3.694528049465306808e+24
3.694528049465306808e+24
3.694528049465306808e+24
3.694528049465306808e+24
3.694528049465306808e+24
3.694528049465306808e+24
3.694528049465306808e+24
3.694528049465306808e+24
3.694528049465306808e+24
3.694528049465306808e+24
3.694528049465306808e+24
3.694528049465306808e+24
3.694528049465306808e+24
3.694528049465306808e+24
3.694528049465306808e+24
3.694528049465306808e+24
3.694528049465306808e+24
3.694528049465306808e+24
3.694528049465306808e+24
3.694528049465306808e+24
3.694528049465306808e+24
3.694528049465306808e+24
3.694528049465306808e+24
3.694528049465306808e+24
3.694528049465306808e+24
3.694528049465306808e+24
3.694528049465306808e+24
3.694528049465306808e+24
3.694528049465306808e+24
3.694528049465306808e+24
