2.202646579480675224e+26
2.202646579480675224e+26
2.202646579480675224e+26
2.202646579480675224e+26
2.202646579480675224e+26
2.202646579480675224e+26
2.202646579480675224e+26
2.202646579480675224e+26
2.202646579480675224e+26
2.202646579480675224e+26
2.202646579480675224e+26
2.202646579480675224e+26
2.202646579480675224e+26
2.202646579480675224e+26
2.202646579480675224e+26
2.202646579480675224e+26
2.202646579480675224e+26
2.202646579480675224e+26
2.202646579480675224e+26
2.202646579480675224e+26
2.202646579480675224e+26
2.106827831637606084e+25
6.881301335286602715e+24
3.354380146981612932e+24
1.986278388719052273e+24
1.318959112941332509e+24
9.445394444193488322e+23
7.136173325430573247e+23
5.611338787750464381e+23
4.551084902640943765e+23
3.783417643082189185e+23
3.209181020770216538e+23
2.767955522423891291e+23
2.421222419770074538e+23
2.143483437195832894e+23
1.917313608057152780e+23
1.730475795891874987e+23
1.574170515845275074e+23
1.441937882678506123e+23
1.328948088672246259e+23
1.231530883059272510e+23
1.146856278274227485e+23
1.072713374935951061e+23
1.007354294031899500e+23
9.493821941359385877e+22
8.976696910548618864e+22
8.512985963181499639e+22
8.095148343484671538e+22
7.716943187108665544e+22
7.373168433630766590e+22
7.059459058596148622e+22
6.772129694899699817e+22
6.508050813150969620e+22
6.264550516498467966e+22
6.039336061274627139e+22
5.830430695987250568e+22
5.636122489558628355e+22
5.454922612608874001e+22
5.285531123993244022e+22
5.126808755292706806e+22
4.977753518431676033e+22
4.837481214501016358e+22
4.705209115661388952e+22
4.580242241544235306e+22
4.461961767726788641e+22
4.349815194654953020e+22
4.243307976786791576e+22
4.141996368195779297e+22
4.045481285772480872e+22
3.953403027052280624e+22
3.865436708525835079e+22
3.781288313557331896e+22
3.700691257901221046e+22
3.623403396172117914e+22
3.549204405185569568e+22
3.477893490403302179e+22
3.409287370218714169e+22
3.343218499852708086e+22
3.279533502469724806e+22
3.218091779989778622e+22
3.158764280138996226e+22
3.101432399691718957e+22
3.045987006725550716e+22
2.992327567131004633e+22
2.940361362663919531e+22
2.890002789566456529e+22
2.841172728258624907e+22
2.793797975862577358e+22
2.747810734398235266e+22
2.703148148411018825e+22
2.659751886585188267e+22
2.617567762577256088e+22
2.576545390892400666e+22
2.536637874134184467e+22
2.497801518398487868e+22
2.459995573963250572e+22
2.423181998757873556e+22
2.387325242384422063e+22
2.352392048714778149e+22
2.318351275307934994e+22
2.285173728084165971e+22
2.252832009861919565e+22
2.221300381511805252e+22
2.190554634612944300e+22
2.160571974612589688e+22
2.131330913592440311e+22
2.102811171836312473e+22
2.074993587475268711e+22
2.047860033559789044e+22
2.021393341975082146e+22
1.995577233676572610e+22
1.970396254779555709e+22
1.945835718090576993e+22
1.921881649720295896e+22
1.898520740469506310e+22
1.875740301733394593e+22
1.853528225726282387e+22
1.831872949892070297e+22
1.810763425438256595e+22
1.790189090017084912e+22
1.770139844682094477e+22
1.750606035378657192e+22
1.731578439392612372e+22
1.713048257394109317e+22
1.695007111990959355e+22
1.677447054069475154e+22
1.660360578680789087e+22
1.643740652867867273e+22
1.627580758676996096e+22
1.611874955731776464e+22
1.596617969267980527e+22
1.581805311569517399e+22
1.567433447494924422e+22
1.553500018491216468e+22
1.540004144500999560e+22
1.526946829946542726e+22
1.514331509159422329e+22
1.502164779088592503e+22
1.490457384055407955e+22
1.479225540363032723e+22
1.468492719944182530e+22
1.458292055005084411e+22
1.448669583987979164e+22
1.439688638874914705e+22
1.431435782763179095e+22
1.424028855537700019e+22
1.417627889102590522e+22
1.412449932189452835e+22
1.408789205801552891e+22
1.407044531519570838e+22
1.407756687590325381e+22
1.411659322310480468e+22
1.419748387641134940e+22
1.433376883552854999e+22
1.454384218414034138e+22
1.485272977219391586e+22
1.529450781440147141e+22
1.591561901321599163e+22
1.677943413411895522e+22
1.797255630646795043e+22
1.961358711726062698e+22
2.186540331164949597e+22
2.495248496279557662e+22
2.918558442614359799e+22
3.499720948481163002e+22
4.299335931092957712e+22
5.403035190199918264e+22
6.933166644067805063e+22
9.067099591802119992e+22
1.206694587250843908e+23
1.632989613285628602e+23
2.247779176064315724e+23
3.152603809614568316e+23
4.522486042614955319e+23
6.680897145364657608e+23
1.028273057683360228e+24
1.682715478609088536e+24
3.040030765275468215e+24
6.560017430802938112e+24
2.075440051410979369e+25
2.202646579480670070e+26
2.202646579480670070e+26
2.202646579480670070e+26
2.202646579480670070e+26
2.202646579480670070e+26
2.202646579480670070e+26
2.202646579480670070e+26
2.202646579480670070e+26
2.202646579480670070e+26
2.202646579480670070e+26
2.202646579480670070e+26
2.202646579480670070e+26
2.202646579480670070e+26
2.202646579480670070e+26
2.202646579480670070e+26
2.202646579480670070e+26
2.202646579480670070e+26
2.202646579480670070e+26
2.202646579480670070e+26
2.202646579480670070e+26
2.202646579480670070e+26
