-7.994070986736023787e-02
-7.994070986736023787e-02
-7.994070986736023787e-02
-7.994070986736023787e-02
-7.994070986736023787e-02
-7.994070986736023787e-02
-7.994070986736023787e-02
-7.994070986736023787e-02
-7.994070986736023787e-02
-7.994070986736023787e-02
-7.994070986736023787e-02
-7.994070986736023787e-02
-7.994070986736023787e-02
-7.994070986736023787e-02
-7.994070986736023787e-02
-7.994070986736023787e-02
-7.994070986736023787e-02
-7.994070986736023787e-02
-7.994070986736023787e-02
-7.994070986736023787e-02
-7.994070986736023787e-02
-7.993867272073658381e-02
-7.993112024135508309e-02
-7.991374635500403389e-02
-7.988233617647609586e-02
-7.983288907662580702e-02
-7.976166328792871907e-02
-7.966519932918550428e-02
-7.954033081867507848e-02
-7.938418593624735342e-02
-7.919418176124799758e-02
-7.896801330393198037e-02
-7.870363875611852134e-02
-7.839926222732636341e-02
-7.805331499450089694e-02
-7.766443607897255408e-02
-7.723145277642866346e-02
-7.675336160560480847e-02
-7.622931000844351823e-02
-7.565857902664663293e-02
-7.504056709411503767e-02
-7.437477501864739327e-02
-7.366079217637144794e-02
-7.289828390580090078e-02
-7.208698006254270207e-02
-7.122666467826135883e-02
-7.031716665662683663e-02
-6.935835143305348061e-02
-6.835011352279921071e-02
-6.729236988241669992e-02
-6.618505401183333303e-02
-6.502811072786446323e-02
-6.382149154426944304e-02
-6.256515059818766600e-02
-6.125904106769022861e-02
-5.990311203006447316e-02
-5.849730571519110717e-02
-5.704155511288894198e-02
-5.553578189734133252e-02
-5.397989463565120577e-02
-5.237378725118836675e-02
-5.071733771569324895e-02
-4.901040694709525580e-02
-4.725283789270624119e-02
-4.544445477987732462e-02
-4.358506251838151907e-02
-4.167444624072377812e-02
-3.971237096830581431e-02
-3.769858139290461346e-02
-3.563280176427840312e-02
-3.351473587591049380e-02
-3.134406714195522858e-02
-2.912045875937582101e-02
-2.684355395007446965e-02
-2.451297627852335598e-02
-2.212833004102062601e-02
-1.968920072322909859e-02
-1.719515552311529430e-02
-1.464574393680005866e-02
-1.204049840516687245e-02
-9.378935019355504749e-03
-6.660554283502977992e-03
-3.884841933284920688e-03
-1.051269808963510187e-03
1.840703218233825066e-03
4.791630267493695444e-03
7.802075418584144238e-03
1.087261263180709647e-02
1.400382461872256776e-02
1.719630166464218568e-02
2.045064040391887314e-02
2.376744254910601734e-02
2.714731357512089813e-02
3.059086135962246072e-02
3.409869478090039180e-02
3.767142227467036586e-02
4.130965035127694140e-02
4.501398207492027931e-02
4.878501550664351982e-02
5.262334211294359548e-02
5.652954514199699104e-02
6.050419796962356461e-02
6.454786241724204399e-02
6.866108704420087472e-02
7.284440541699332972e-02
7.709833435798642276e-02
8.142337217640237268e-02
8.581999688439165275e-02
9.028866440111754654e-02
9.482980674783351993e-02
9.944383023696777568e-02
1.041311136582260960e-01
1.088920064646759361e-01
1.137268269616644595e-01
1.186358605012383244e-01
1.236193576844449860e-01
1.286775325734772768e-01
1.338105609150327113e-01
1.390185783754425974e-01
1.443016787870119166e-01
1.496599124035008499e-01
1.550932841606469381e-01
1.606017519348953704e-01
1.661852247898422397e-01
1.718435611949876152e-01
1.775765671948114910e-01
1.833839944973595093e-01
1.892655384396671192e-01
1.952208357714158293e-01
2.012494621767682568e-01
2.073509294254241853e-01
2.135246820049526151e-01
2.197700930337903868e-01
2.260864591831065473e-01
2.324729942394058446e-01
2.389288208093390820e-01
2.454529594916080304e-01
2.520443146017558034e-01
2.587016552121161883e-01
2.654235898320055909e-01
2.722085324637513737e-01
2.790546569780470443e-01
2.859598356932279706e-01
2.929215566381659364e-01
2.999368121349748617e-01
3.070019489575695482e-01
3.141124673230382136e-01
3.212627523346092695e-01
3.284457173522249418e-01
3.356523345807005398e-01
3.428710250246145286e-01
3.500868800648949120e-01
3.572806942836490585e-01
3.644278104729200551e-01
3.714968228666545302e-01
3.784482656267643130e-01
3.852335400144003552e-01
3.917945003611923438e-01
3.980642850354991213e-01
4.039700446528526889e-01
4.094380306696046579e-01
4.144009255655084489e-01
4.188063605971319991e-01
4.226246429991404874e-01
4.258534075974829136e-01
4.285176428356576306e-01
4.306650984562067075e-01
4.323586303633044636e-01
4.336677563338261487e-01
4.346613819036075355e-01
4.354027389751242705e-01
4.359466578586831953e-01
4.363387207277602542e-01
4.366156571536891073e-01
4.368064054783006300e-01
4.369334259402428144e-01
4.370140154834232793e-01
4.370614995818998261e-01
4.370862571125947449e-01
4.370965745674548764e-01
4.370992858613505505e-01
4.370992858613505505e-01
4.370992858613505505e-01
4.370992858613505505e-01
4.370992858613505505e-01
4.370992858613505505e-01
4.370992858613505505e-01
4.370992858613505505e-01
4.370992858613505505e-01
4.370992858613505505e-01
4.370992858613505505e-01
4.370992858613505505e-01
4.370992858613505505e-01
4.370992858613505505e-01
4.370992858613505505e-01
4.370992858613505505e-01
4.370992858613505505e-01
4.370992858613505505e-01
4.370992858613505505e-01
4.370992858613505505e-01
4.370992858613505505e-01
