0.000000000000000000e+00
0.000000000000000000e+00
0.000000000000000000e+00
0.000000000000000000e+00
0.000000000000000000e+00
0.000000000000000000e+00
0.000000000000000000e+00
0.000000000000000000e+00
0.000000000000000000e+00
0.000000000000000000e+00
0.000000000000000000e+00
0.000000000000000000e+00
0.000000000000000000e+00
0.000000000000000000e+00
0.000000000000000000e+00
0.000000000000000000e+00
0.000000000000000000e+00
0.000000000000000000e+00
0.000000000000000000e+00
0.000000000000000000e+00
0.000000000000000000e+00
0.000000000000000000e+00
0.000000000000000000e+00
0.000000000000000000e+00
0.000000000000000000e+00
0.000000000000000000e+00
0.000000000000000000e+00
0.000000000000000000e+00
0.000000000000000000e+00
0.000000000000000000e+00
0.000000000000000000e+00
0.000000000000000000e+00
0.000000000000000000e+00
0.000000000000000000e+00
0.000000000000000000e+00
0.000000000000000000e+00
0.000000000000000000e+00
0.000000000000000000e+00
0.000000000000000000e+00
0.000000000000000000e+00
0.000000000000000000e+00
0.000000000000000000e+00
0.000000000000000000e+00
0.000000000000000000e+00
0.000000000000000000e+00
0.000000000000000000e+00
0.000000000000000000e+00
0.000000000000000000e+00
0.000000000000000000e+00
0.000000000000000000e+00
0.000000000000000000e+00
0.000000000000000000e+00
0.000000000000000000e+00
0.000000000000000000e+00
0.000000000000000000e+00
0.000000000000000000e+00
0.000000000000000000e+00
0.000000000000000000e+00
0.000000000000000000e+00
0.000000000000000000e+00
0.000000000000000000e+00
0.000000000000000000e+00
0.000000000000000000e+00
0.000000000000000000e+00
0.000000000000000000e+00
0.000000000000000000e+00
0.000000000000000000e+00
0.000000000000000000e+00
0.000000000000000000e+00
0.000000000000000000e+00
0.000000000000000000e+00
0.000000000000000000e+00
0.000000000000000000e+00
0.000000000000000000e+00
0.000000000000000000e+00
0.000000000000000000e+00
0.000000000000000000e+00
0.000000000000000000e+00
0.000000000000000000e+00
0.000000000000000000e+00
0.000000000000000000e+00
0.000000000000000000e+00
0.000000000000000000e+00
0.000000000000000000e+00
0.000000000000000000e+00
0.000000000000000000e+00
0.000000000000000000e+00
0.000000000000000000e+00
0.000000000000000000e+00
0.000000000000000000e+00
0.000000000000000000e+00
0.000000000000000000e+00
0.000000000000000000e+00
0.000000000000000000e+00
0.000000000000000000e+00
0.000000000000000000e+00
0.000000000000000000e+00
0.000000000000000000e+00
0.000000000000000000e+00
0.000000000000000000e+00
0.000000000000000000e+00
4.553174845848471741e+05
4.075075048330138088e+05
3.666820730289687635e+05
3.315346657646687236e+05
3.010518323678468005e+05
2.744375775893101818e+05
2.510595799998876755e+05
2.304103242152556195e+05
2.120785994965319696e+05
1.957283199886250368e+05
1.810825923855867586e+05
1.679115953658493818e+05
1.560232624899595103e+05
1.452560507782691275e+05
1.354732775783061807e+05
1.265586484249445202e+05
1.184126977671477071e+05
1.109499354597943893e+05
1.040965433430101984e+05
9.778850384550588205e+04
9.197007032588568109e+04
8.659250956471414247e+04
8.161306237553067331e+04
7.699408008709191927e+04
7.270230364402593113e+04
6.870825898837679415e+04
6.498574773727674619e+04
6.151141634207349125e+04
5.826439018300432508e+04
5.522596163073527714e+04
5.237932314945889811e+04
4.970933814496832929e+04
4.720234356595208374e+04
4.484597931719204644e+04
4.262904039292561356e+04
4.054134832882665069e+04
3.857363913418065931e+04
3.671746532714395289e+04
3.496511007539895218e+04
3.330951175776043237e+04
3.174419752183688615e+04
3.026322462867399372e+04
2.886112855536879943e+04
2.753287697737170311e+04
2.627382887874727749e+04
2.507969814526746268e+04
2.394652108524667710e+04
2.287062739931008400e+04
2.184861418507578492e+04
2.087732261791704877e+04
1.995381699609293355e+04
1.907536587886987763e+04
1.823942508087140959e+04
1.744362231566242917e+04
1.668574330723800449e+04
1.596371921025953270e+04
1.527561519907436741e+04
1.461962010221502715e+04
1.399403697354777250e+04
1.339727450385594420e+04
1.282783918765108319e+04
1.228432816962027391e+04
1.176542270356051813e+04
1.126988216403724437e+04
1.079653855751059746e+04
1.034429148539476773e+04
9.912103516563916855e+03
9.498995931277868294e+03
9.104044802442760556e+03
8.726377383617136729e+03
8.365168776273641924e+03
8.019638851581697963e+03
7.689049404426227738e+03
7.372701519561933310e+03
7.069933131750611210e+03
6.780116763469855869e+03
6.502657425335784865e+03
6.236990665779887422e+03
5.982580757767776049e+03
5.738919011468051394e+03
5.505522202793955330e+03
5.281931108637279976e+03
5.067709140448999278e+03
4.862441068533851649e+03
4.665731830113131764e+03
4.477205414798985657e+03
4.296503821673207312e+03
4.123286082650491153e+03
3.957227347256854500e+03
3.798018024357109880e+03
3.645362976732708830e+03
3.498980764746096156e+03
3.358602935629843159e+03
3.223973355219538917e+03
3.094847579196702100e+03
2.970992261140795108e+03
2.852184594901351375e+03
2.738211788986989632e+03
2.628870570851786397e+03
2.523966719111554539e+03
2.423314621876272213e+03
2.326736859512673618e+03
2.234063810291526352e+03
2.145133277459855890e+03
2.059790136402901226e+03
1.977886000657410250e+03
1.899278905612934977e+03
1.823833008830164772e+03
1.751418305973371844e+03
1.681910361428824217e+03
1.615190052738173108e+03
1.551143328039900553e+03
1.489660975764633804e+03
1.430638405877296918e+03
1.373975442011118048e+03
1.319576123875809571e+03
1.267348519366515575e+03
1.217204545833270913e+03
1.169059800009097216e+03
1.122833396121229725e+03
1.078447811745027821e+03
1.035828740983327179e+03
9.949049545834058108e+02
9.556081666213963217e+02
9.178729074131841799e+02
8.816364023269858308e+02
8.468384561926567358e+02
8.134213430210377282e+02
7.813297007629481641e+02
7.505104308558616140e+02
7.209126023142697477e+02
6.924873601407155093e+02
6.651878378427232974e+02
6.389690738534991397e+02
6.137879316679621979e+02
5.896030235109003570e+02
5.663746373699857486e+02
5.440646672309019323e+02
5.226365463631561852e+02
5.020551835115932136e+02
4.822869018567704416e+02
4.632993806158594907e+02
4.450615991608647164e+02
4.275437835368234119e+02
4.107173552693807892e+02
3.945548823590474399e+02
3.790300323606721236e+02
3.641175274535664812e+02
3.497931014139743979e+02
3.360334584027523874e+02
3.228162334871041139e+02
3.101199548215998334e+02
2.979240074118082475e+02
2.862085983924363290e+02
2.749547237526821277e+02
2.641441364456410952e+02
2.537593158230935728e+02
2.437834383333432982e+02
2.342003494324328301e+02
2.249945366540937641e+02
2.161511037881988386e+02
2.076557461211590976e+02
1.994947266918821356e+02
1.916548535218746565e+02
1.841234577748468837e+02
1.768883728097026733e+02
1.699379140868534250e+02
1.632608598942127003e+02
1.568464328552392715e+02
1.506842821886221202e+02
1.447644666880716215e+02
1.390774383908315315e+02
1.336140269072901390e+02
1.283654243839180253e+02
1.233231710724801644e+02
1.184791414827389531e+02
1.138255310914025671e+02
1.093548435869112012e+02
1.050598786262886222e+02
1.009337200846298828e+02
9.696972477562459858e+01
9.316151162542858799e+01
8.950295127762728953e+01
8.598815611721626340e+01
8.261147069025625456e+01
7.936746251276238695e+01
7.625091324125916969e+01
7.325681019674384231e+01
7.038033822706972842e+01
6.761687189424503686e+01
6.496196797320709493e+01
6.241135824900828766e+01
5.996094259974780982e+01
5.760678235626058097e+01
5.534509392463940003e+01
5.317224266262317656e+01
5.108473699899168707e+01
4.907922278738674748e+01
4.715247788218420055e+01
4.530140693127725626e+01
4.352303637478268428e+01
4.181450964217552979e+01
4.017308253838001519e+01
3.859611881501028563e+01
3.708108591484776184e+01
3.562555088564144512e+01
3.422717645530681807e+01
3.288371726313666699e+01
3.159301623856194752e+01
3.035300112428008390e+01
2.916168113658986627e+01
2.801714375707309301e+01
2.691755165168771669e+01
2.586113971122984978e+01
2.484621220831546040e+01
2.387114006691428258e+01
2.293435824051144678e+01
2.203436319185421510e+01
2.116971047347747614e+01
2.033901240313736736e+01
1.954093583120695499e+01
1.877419999535687722e+01
1.803757446123065833e+01
1.732987714277105340e+01
1.664997240144475299e+01
1.599676921987107114e+01
1.536921944819888530e+01
1.476631611815679079e+01
1.418709182505606314e+01
1.363061717276823437e+01
1.309599927948387688e+01
1.258238034225269431e+01
1.208893626004689814e+01
1.161487530909018062e+01
1.115943687039851007e+01
1.072189020729635267e+01
1.030153329253198891e+01
9.897691679637400597e+00
9.509717420640154018e+00
9.136988024030852529e+00
8.778905455889237430e+00
8.434895179255221365e+00
8.104405230863228837e+00
7.786905335691393759e+00
7.481886054433475763e+00
7.188857966355676865e+00
6.907350882753727994e+00
6.636913092590794427e+00
6.377110636843275948e+00
6.127526611016923752e+00
5.887760497618094391e+00
5.657427521548326510e+00
5.436158033185380489e+00
5.223596914495111321e+00
5.019403009088114764e+00
4.823248574135226008e+00
4.634818754959053599e+00
4.453811078936141143e+00
4.279934970440844921e+00
4.112911283336521784e+00
3.952471854250376282e+00
3.798359070858139397e+00
3.650325458877265561e+00
3.508133284607566793e+00
3.371554173567622215e+00
3.240368742495956855e+00
3.114366248974791418e+00
2.993344251891833174e+00
2.877108286503314627e+00
2.765471551861866217e+00
2.658254611867201689e+00
2.555285106111897520e+00
2.456397472930726522e+00
2.361432684244956892e+00
2.270237989535125678e+00
2.182666670716363111e+00
2.098577805798122586e+00
2.017836043338945284e+00
1.940311384105079195e+00
1.865878972792996526e+00
1.794418896751477810e+00
1.725815993262309833e+00
1.659959664885001018e+00
1.596743700779623021e+00
1.536066106222697902e+00
1.477828939058138724e+00
1.421938151018858898e+00
1.368303437187665672e+00
1.316838089705202108e+00
1.267458859423636675e+00
1.220085820495655504e+00
1.174642241629710426e+00
1.131054460807419115e+00
1.089251771430368887e+00
1.049166305241311381e+00
1.010732922481471840e+00
9.738891065207004871e-01
9.385748640786762964e-01
9.047326273814766395e-01
8.723071612640777017e-01
8.412454739070397425e-01
8.114967304224791622e-01
7.830121708913789780e-01
7.557450312609380605e-01
7.296504675105360826e-01
7.046854825702171254e-01
6.808088561099636671e-01
6.579810776620989010e-01
6.361642814747651142e-01
6.153221867951741419e-01
5.954200377012737189e-01
5.764245454493874821e-01
5.583038345313033890e-01
5.410273902689018977e-01
5.245660092043112899e-01
5.088917497158546022e-01
4.939778861821655931e-01
4.797988657590468997e-01
4.663302656509208943e-01
4.535487515865077035e-01
4.414320404447850676e-01
4.299588612251362130e-01
4.191089211892217725e-01
4.088628706158407011e-01
3.992022705018459794e-01
3.901095608866778086e-01
3.815680312305338440e-01
3.735617917387171749e-01
3.660757463740529905e-01
3.590955661596091919e-01
3.526076645780625851e-01
3.465991739064909205e-01
3.410579218092135712e-01
3.359724103283340813e-01
3.313317955194038933e-01
3.271258665709891877e-01
3.233450280423250112e-01
3.199802814881036461e-01
3.170232095024692054e-01
3.144659585480329977e-01
3.123012243868790172e-01
3.105222372105131412e-01
3.091227484256234836e-01
3.080970177193943504e-01
3.074398004043719657e-01
3.071463361825981231e-01
3.072123385333612733e-01
3.076339848643409036e-01
3.084079062111675373e-01
3.095311792594198086e-01
3.110013176784919287e-01
3.128162647564564081e-01
3.149743853898050450e-01
3.174744616858706792e-01
3.203156850063282324e-01
3.234976509352469054e-01
3.270203540751100424e-01
3.308841851330159844e-01
3.350899270176930789e-01
3.396387503881609371e-01
3.445322122452154079e-01
3.497722511790331557e-01
3.553611878852688810e-01
3.613017227243456309e-01
3.675969338721063462e-01
3.742502783412564593e-01
3.812655910566895012e-01
3.886470851135357396e-01
3.963993526050683114e-01
4.045273666118276990e-01
4.130364816101987357e-01
4.219324368055387131e-01
4.312213576912207746e-01
4.409097588656645250e-01
4.510045486342033061e-01
4.615130311809929053e-01
4.724429118160000662e-01
4.838023008994918328e-01
4.955997194115846494e-01
5.078441041777286280e-01
5.205448135242730645e-01
5.337116339877302496e-01
5.473547866477179724e-01
5.614849344490896454e-01
5.761131898143674324e-01
5.912511225572336659e-01
6.069107676454925659e-01
6.231046357165513916e-01
6.398457213779839003e-01
6.571475131639060718e-01
6.750240038999283376e-01
6.934897015196931358e-01
7.125596401609651798e-01
7.322493921326359567e-01
7.525750800537598373e-01
7.735533892721436766e-01
7.952015814549072692e-01
8.175375085446113799e-01
8.405796267046358183e-01
8.643470111999815852e-01
8.888593721059803165e-01
9.141370701997882930e-01
9.402011331206794331e-01
9.670732734119452667e-01
9.947759051650292283e-01
1.023332163555956908e+00
1.052765922908739160e+00
1.083101816952187768e+00
1.114365258861690355e+00
1.146582462827773430e+00
1.179780465001048828e+00
1.213987146512297999e+00
1.249231256643088983e+00
1.285542436609255157e+00
1.322951244118521164e+00
1.361489179239877112e+00
1.401188710670775217e+00
1.442083302638698550e+00
1.484207443254250691e+00
1.527596673208312605e+00
1.572287615834705221e+00
1.618318007656693203e+00
1.665726730309748937e+00
1.714553843012668777e+00
1.764840616791269579e+00
1.816629568164485065e+00
1.869964496142084265e+00
1.924890518577270004e+00
1.981454110325616691e+00
2.039703142274922332e+00
2.099686922224409891e+00
2.161456235731670006e+00
2.225063390013182207e+00
2.290562257844834360e+00
2.358008322903212495e+00
2.427458726837969483e+00
2.498972317043072877e+00
2.572609697406365026e+00
2.648433279048371336e+00
2.726507333157751400e+00
2.806898045482565163e+00
2.889673573294504028e+00
2.974904101363932352e+00
3.062661902805601244e+00
3.153021399709319716e+00
3.246059226286598154e+00
3.341854294619285515e+00
3.440487860440459400e+00
3.542043592710782285e+00
3.646607644076524490e+00
3.754268724316649042e+00
3.865118176359631175e+00
3.979250051902453400e+00
4.096761192814189378e+00
4.217751312786884199e+00
4.342323082072266693e+00
4.470582214390371512e+00
4.602637557128278267e+00
4.738601183237674874e+00
4.878588486960136805e+00
5.022718281036191890e+00
5.171112898785043654e+00
5.323898297227255050e+00
5.481204164798531231e+00
5.643164029568858986e+00
5.809915373730071053e+00
5.981599751534815823e+00
6.158362907902144912e+00
6.340354902872209486e+00
6.527730239813411828e+00
6.720647995951990694e+00
6.919271957277685736e+00
7.123770759083461357e+00
7.334318027634193271e+00
7.551092528759657085e+00
7.774278319974186502e+00
8.004064906047725358e+00
8.240647401071111489e+00
8.484226693564171029e+00
8.735009617647968128e+00
8.993209128947940556e+00
9.259044485507475386e+00
9.532741435711807654e+00
9.814532407459163110e+00
1.010465670855699472e+01
1.040336072845149751e+01
1.071089814891353242e+01
1.102753015898237265e+01
1.135352567902716281e+01
1.168916158703403774e+01
1.203472295624739630e+01
1.239050329669263739e+01
1.275680480547256934e+01
1.313393862503105147e+01
1.352222510537339417e+01
1.392199407897414432e+01
1.433358514096410730e+01
1.475734793870390327e+01
1.519364246894844150e+01
1.564283938525807827e+01
1.610532031308671463e+01
1.658147817513810196e+01
1.707171752581832180e+01
1.757645489692416518e+01
1.809611915208365573e+01
1.863115185117442607e+01
1.918200762881654242e+01
1.974915458025191484e+01
2.033307466193253532e+01
2.093426410141990957e+01
2.155323382012247890e+01
2.219050987179542744e+01
2.284663388753479296e+01
2.352216354161969747e+01
2.421767302493478624e+01
2.493375353637004466e+01
2.567101378723054950e+01
2.643008052098940297e+01
2.721159904762036064e+01
2.801623379688632198e+01
2.884466888354103986e+01
2.969760869429294203e+01
3.057577848768213613e+01
3.147992501546144695e+01
3.241081716092266873e+01
3.336924659654420822e+01
3.435602846147617129e+01
3.537200205734697533e+01
3.641803156687493015e+01
3.749500679480109255e+01
3.860384392928315123e+01
3.974548632632023271e+01
4.092090531835894041e+01
4.213110104653237897e+01
4.337710331753208948e+01
4.465997248730622715e+01
4.598080036894987899e+01
4.734071117155035324e+01
4.874086246241824938e+01
5.018244616350986576e+01
5.166668957333196488e+01
5.319485642108110568e+01
5.476824795310351846e+01
5.638820405226699251e+01
5.805610438871787693e+01
5.977336960746382033e+01
6.154146255124457809e+01
6.336188951997056051e+01
6.523620156844923201e+01
6.716599584150714009e+01
6.915291695396940952e+01
7.119865840563691961e+01
7.330496404437903379e+01
7.547362957148158102e+01
7.770650409280936799e+01
8.000549171643879731e+01
8.237255319939512788e+01
8.480970764404254680e+01
8.731903424490114674e+01
8.990267409021333833e+01
9.256283201742088806e+01
9.530177852476745670e+01
9.812185174175783686e+01
1.010254594583446419e+02
1.040150812176488131e+02
1.070932704734180163e+02
1.102626568073630153e+02
1.135259482213390498e+02
1.168859334960283434e+02
1.203454846238223865e+02
1.239075593133557476e+02
1.275752035733790279e+02
1.313515543749388712e+02
1.352398423961334402e+02
1.392433948501317218e+02
1.433656384022517045e+02
1.476101021742053661e+02
1.519804208438107196e+02
1.564803378386552311e+02
1.611137086305379285e+02
1.658845041303138430e+02
1.707968141881728172e+02
1.758548512057718654e+02
1.810629538559518608e+02
1.864255909202861687e+02
1.919473652498255092e+02
1.976330178448897357e+02
2.034874320654854216e+02
2.095156379731029972e+02
2.157228168070858203e+02
2.221143056053991245e+02
2.286956019691212703e+02
2.354723689765817767e+02
2.424504402546076562e+02
2.496358252092979626e+02
2.570347144245080813e+02
2.646534852302161198e+02
2.724987074492011629e+02
2.805771493293546541e+02
2.888957836611099879e+02
2.974617940965153480e+02
3.062825816675199917e+02
3.153657715177098453e+02
3.247192198480728393e+02
3.343510210905459985e+02
3.442695153137419197e+02
3.544832958672621430e+02
3.650012172796835443e+02
3.758324034120774968e+02
3.869862558785763440e+02
3.984724627457408701e+02
4.103010075184575385e+02
4.224821784223773307e+02
4.350265779931633574e+02
4.479451329884065558e+02
4.612491046268763171e+02
4.749500991721477590e+02
4.890600788714003215e+02
5.035913732641831757e+02
5.185566908696948758e+02
5.339691312756722255e+02
5.498421976346849078e+02
5.661898095911985820e+02
5.830263166463208790e+02
6.003665119892285702e+02
6.182256468031564509e+02
6.366194450680550290e+02
6.555641188767106087e+02
6.750763842895638618e+02
6.951734777400423582e+02
7.158731730279652083e+02
7.371937989074258439e+02
7.591542573038742603e+02
7.817740421770070043e+02
8.050732590662730672e+02
8.290726453368938564e+02
8.537935911600002328e+02
8.792581612580344199e+02
9.054891174413278350e+02
9.325099419761987747e+02
9.603448618158132604e+02
9.890188737265934833e+02
1.018557770358879111e+03
1.048988167289142439e+03
1.080337531085612909e+03
1.112634208436449626e+03
1.145907456389683375e+03
1.180187473753323729e+03
1.215505433702941900e+03
1.251893517659064173e+03
1.289384950481466376e+03
1.328014037049348644e+03
1.367816200282808495e+03
1.408828020678543908e+03
1.451087277421598401e+03
1.494632991156079697e+03
1.539505468485233450e+03
1.585746348286620560e+03
1.633398649927553834e+03
1.682506823471486541e+03
1.733116801972004396e+03
1.785276055957886001e+03
1.839033650213903911e+03
1.894440302972928293e+03
1.951548447638509742e+03
2.010412297166124972e+03
2.071087911238187189e+03
2.133633266370508863e+03
2.198108329109037186e+03
2.264575132471432880e+03
2.333097855803791390e+03
2.403742908235134109e+03
2.476579015915428045e+03
2.551677313248586415e+03
2.629111438323498533e+03
2.708957632784841735e+03
2.791294846375637917e+03
2.876204846419117075e+03
2.963772332508904583e+03
3.054085056703376722e+03
3.147233949533721443e+03
3.243313252163133257e+03
3.342420655044978957e+03
3.444657443462802803e+03
3.550128650351302440e+03
3.658943216834984923e+03
3.771214160934968731e+03
3.887058754944511747e+03
4.006598711994309269e+03
4.129960382368184582e+03
4.257274960174782791e+03
4.388678701017815911e+03
4.524313151353155263e+03
4.664325390278297164e+03
4.808868284541292269e+03
4.958100757629395957e+03
5.112188073845079089e+03
5.271302138360409117e+03
5.435621814305119187e+03
5.605333258021154506e+03
5.780630273721192680e+03
5.961714688858289264e+03
6.148796751640388720e+03
6.342095552220086574e+03
6.541839469214947712e+03
6.748266643353777908e+03
6.961625480179093756e+03
7.182175183902972094e+03
7.410186324678415076e+03
7.645941441741626477e+03
7.889735685083678618e+03
8.141877498540675333e+03
8.402689347432327850e+03
8.672508494153844367e+03
8.951687825426255586e+03
9.240596735224078657e+03
9.539622067781174337e+03
9.849169125445412647e+03
1.016966274660696217e+04
1.050154845939854567e+04
1.084529371738700138e+04
1.120138922408295548e+04
1.157035035371244885e+04
1.195271867644246413e+04
1.234906359701753900e+04
1.275998411666532775e+04
1.318611072909627546e+04
1.362810746251371347e+04
1.408667408076547690e+04
1.456254845810388906e+04
1.505650914354723318e+04
1.556937813249089959e+04
1.610202386513081728e+04
1.665536447334001787e+04
1.723037130002025879e+04
1.782807271760296862e+04
1.844955827535414937e+04
1.909598320851550670e+04
1.976857334609197642e+04
2.046863045839974075e+04
2.119753809032518257e+04
2.195676793175292187e+04
2.274788678285072456e+04
2.357256417900293673e+04
2.443258074825191943e+04
2.532983738333171641e+04
2.626636532091180925e+04
2.724433723272493080e+04
2.826607944709388539e+04
2.933408543527828078e+04
3.045103071537589494e+04
3.161978934766507518e+04
3.284345221971017600e+04
3.412534734790423681e+04
3.546906245504565595e+04
3.687847012188108056e+04
3.835775585528874944e+04
3.991144946813249408e+04
4.154446022723418719e+04
4.326211629814669141e+04
4.507020910056515277e+04
4.697504328900343535e+04
4.898349319279431074e+04
5.110306669165808853e+04
5.334197767268477764e+04
5.570922841766133934e+04
5.821470351360893255e+04
6.086927717342409596e+04
6.368493620921645197e+04
6.667492133283136354e+04
6.985388998454230023e+04
7.323810453524347395e+04
7.684565049949164677e+04
8.069669037444308924e+04
8.481375993227791332e+04
8.922211530466585828e+04
9.395014109013452253e+04
9.902983209748986701e+04
1.044973643541414203e+05
1.103937748476271954e+05
1.167657743865609955e+05
1.236667243065373914e+05
1.311578159729252802e+05
1.393095027830275358e+05
1.482032485242255789e+05
1.579336747267490427e+05
1.686112147812873882e+05
1.803654165170697379e+05
1.933490811639028834e+05
2.077434902451101225e+05
2.237650604509500554e+05
2.416738910623893025e+05
2.617848458426155848e+05
2.844820672345655621e+05
3.102381952649978339e+05
3.396401201964930515e+05
3.734239390120737953e+05
4.125230796764100087e+05
4.581355871530397562e+05
0.000000000000000000e+00
0.000000000000000000e+00
0.000000000000000000e+00
0.000000000000000000e+00
0.000000000000000000e+00
0.000000000000000000e+00
0.000000000000000000e+00
0.000000000000000000e+00
0.000000000000000000e+00
0.000000000000000000e+00
0.000000000000000000e+00
0.000000000000000000e+00
0.000000000000000000e+00
0.000000000000000000e+00
0.000000000000000000e+00
0.000000000000000000e+00
0.000000000000000000e+00
0.000000000000000000e+00
0.000000000000000000e+00
0.000000000000000000e+00
0.000000000000000000e+00
0.000000000000000000e+00
0.000000000000000000e+00
0.000000000000000000e+00
0.000000000000000000e+00
0.000000000000000000e+00
0.000000000000000000e+00
0.000000000000000000e+00
0.000000000000000000e+00
0.000000000000000000e+00
0.000000000000000000e+00
0.000000000000000000e+00
0.000000000000000000e+00
0.000000000000000000e+00
0.000000000000000000e+00
0.000000000000000000e+00
0.000000000000000000e+00
0.000000000000000000e+00
0.000000000000000000e+00
0.000000000000000000e+00
0.000000000000000000e+00
0.000000000000000000e+00
0.000000000000000000e+00
0.000000000000000000e+00
0.000000000000000000e+00
0.000000000000000000e+00
0.000000000000000000e+00
0.000000000000000000e+00
0.000000000000000000e+00
0.000000000000000000e+00
0.000000000000000000e+00
0.000000000000000000e+00
0.000000000000000000e+00
0.000000000000000000e+00
0.000000000000000000e+00
0.000000000000000000e+00
0.000000000000000000e+00
0.000000000000000000e+00
0.000000000000000000e+00
0.000000000000000000e+00
0.000000000000000000e+00
0.000000000000000000e+00
0.000000000000000000e+00
0.000000000000000000e+00
0.000000000000000000e+00
0.000000000000000000e+00
0.000000000000000000e+00
0.000000000000000000e+00
0.000000000000000000e+00
0.000000000000000000e+00
0.000000000000000000e+00
0.000000000000000000e+00
0.000000000000000000e+00
0.000000000000000000e+00
0.000000000000000000e+00
0.000000000000000000e+00
0.000000000000000000e+00
0.000000000000000000e+00
0.000000000000000000e+00
0.000000000000000000e+00
0.000000000000000000e+00
0.000000000000000000e+00
0.000000000000000000e+00
0.000000000000000000e+00
0.000000000000000000e+00
0.000000000000000000e+00
0.000000000000000000e+00
0.000000000000000000e+00
0.000000000000000000e+00
0.000000000000000000e+00
0.000000000000000000e+00
0.000000000000000000e+00
0.000000000000000000e+00
0.000000000000000000e+00
0.000000000000000000e+00
0.000000000000000000e+00
0.000000000000000000e+00
0.000000000000000000e+00
0.000000000000000000e+00
0.000000000000000000e+00
0.000000000000000000e+00
