-30	-0.00000000384666	0	0	0.681989536	1.04635017	0.364360634	0	-1235818849965.52	0	0
-30.1666666666667	-0.00000000514797	0	0	0.708713229	0.375285911	-0.333427318	0	-1242684510243.1	0	0
-30.3333333333333	-0.0000000108539	0	0	0.852227603	0.127692082	-0.724535521	0	-1249550170520.69	0	0
-30.5	-0.00000000472385	0	0	0.639636342	0.767924917	0.128288575	0	-1256415830798.27	0	0
-30.6666666666667	-0.00000000492138	0	0	0.573890685	0.152800375	-0.42109031	0	-1263281491075.86	0	0
-30.8333333333333	-0.0000000044812	0	0	0.774479765	0.147656299	-0.626823466	0	-1270147151353.45	0	0
-31	-0.00000000450643	0	0	0.151823082	0.857728768	0.705905686	0	-1277012811631.03	0	0
-31.1666666666667	-0.00000000455579	0	0	0.722735292	0.766421267	0.043685975	0	-1283878471908.62	0	0
-31.3333333333333	-0.00000000499792	0	0	0.673056333	0.768886751	0.095830418	0	-1290744132186.21	0	0
-31.5	-0.000000007568	0	0	0.770510177	0.163836045	-0.606674132	0	-1297609792463.79	0	0
-31.6666666666667	-0.00000000795419	0	0	0.571817685	0.638086426	0.066268741	0	-1304475452741.38	0	0
-31.8333333333333	-0.00000000474837	0	0	0.727389873	0.131019213	-0.59637066	0	-1311341113018.96	0	0
-32	-0.00000000746458	0	0	0.575051026	0.607533945	0.032482919	0	-1318206773296.55	0	0
-32.1666666666667	-0.00000000485535	0	0	0.674665577	1.05591673	0.381251153	0	-1325072433574.14	0	0
-32.3333333333333	-0.0000000047556	0	0	0.197048646	1.01389031	0.816841664	0	-1331938093851.72	0	0
-32.5	-0.00000000478495	0	0	0.144067983	0.887251224	0.743183241	0	-1338803754129.31	0	0
-32.6666666666667	-0.00000000492564	0	0	0.168252552	0.911959918	0.743707366	0	-1345669414406.89	0	0
-32.8333333333333	-0.0000000051002	0	0	0.174343443	0.945935829	0.771592386	0	-1352535074684.48	0	0
-33	-0.00000000483992	0	0	1.08515708	0.695896519	-0.389260561	0	-1359400734962.07	0	0
-33.1666666666667	-0.00000000608594	0	0	0.689044389	0.133481405	-0.555562984	0	-1366266395239.65	0	0
-33.3333333333333	-0.00000000523634	0	0	0.441732642	0.694788742	0.2530561	0	-1373132055517.24	0	0
-33.5	-0.0000000050854	0	0	0.178574604	1.11119057	0.932615966	0	-1379997715794.83	0	0
-33.6666666666667	-0.00000000507318	0	0	0.714501013	0.405906561	-0.308594452	0	-1386863376072.41	0	0
-33.8333333333333	-0.00000000511093	0	0	0.426332995	0.719822323	0.293489328	0	-1393729036350	0	0
-34	-0.00000000527431	0	0	0.163055277	1.14995974	0.986904463	0	-1400594696627.58	0	0
-34.1666666666667	-0.00000000537727	0	0	0.193318418	1.196364	1.003045582	0	-1407460356905.17	0	0
-34.3333333333333	-0.0000000054966	0	0	0.209273369	0.291179987	0.081906618	0	-1414326017182.76	0	0
-34.5	-0.00000000547766	0	0	0.10660653	0.296744642	0.190138112	0	-1421191677460.34	0	0
-34.6666666666667	-0.0000000048396	0	0	0.19883793	1.02733518	0.82849725	0	-1428057337737.93	0	0
-34.8333333333333	-0.00000000888757	0	0	0.807022206	0.486677785	-0.320344421	0	-1434922998015.52	0	0
-35	-0.00000000571821	0	0	0.710475386	0.912288809	0.201813423	0	-1441788658293.1	0	0
-35.1666666666667	-0.00000000516572	0	0	0.80548716	1.10695137	0.30146421	0	-1448654318570.69	0	0
-35.3333333333333	-0.000000010993	0	0	1.28274457	0.510095556	-0.772649014	0	-1455519978848.27	0	0
-35.5	-0.00000000521152	0	0	1.06807418	0.314819733	-0.753254447	0	-1462385639125.86	0	0
-35.6666666666667	-0.0000000051291	0	0	0.446834809	1.2622415	0.815406691	0	-1469251299403.45	0	0
-35.8333333333333	-0.00000000567833	0	0	0.75572919	0.71336211	-0.04236708	0	-1476116959681.03	0	0
-36	-0.00000000478866	-0.0000003	-60.4459	0.377008984	1.19983035	0.822821366	-8.04435600910246E-08	-1482982619958.62	0.338567172100272	0
-36.1666666666667	-0.00000000912869	-0.0000003	-52.6799	1.09308938	0.362392597	-0.730696783	9.05857005805375E-08	-1489848280236.2	-0.379496022541003	0
-36.3333333333333	-0.0000000133818	-0.0000003	-44.9024	0.249524064	1.14935457	0.899830506	-7.35590531312794E-08	-1496713940513.79	0.306751681114593	0
-36.5	-0.0000000288867	-0.0000003	-25.2588	0.705702581	0.977147197	0.271444616	-2.43845985878755E-07	-1503579600791.38	1.01222908210359	0
-36.6666666666667	-0.0000000346339	-0.0000003	-15.8231	0.223759452	1.18818825	0.964428798	-6.8632002836564E-08	-1510445261068.96	0.283603317506463	0
-36.8333333333333	-0.0000000309783	-0.0000003	-10.9003	0.718106567	0.709291471	-8.81509599999997E-03	7.50878719868737E-06	-1517310921346.55	-30.8876478761307	0
-37	-0.0000000174026	-0.0000003	-10.4759	0.334427449	1.16937395	0.834946501	-7.9275354673293E-08	-1524176581624.14	0.324632902020037	0
-37.1666666666667	-0.0000000185163	-0.0000003	-10.1609	1.10863802	0.334086718	-0.774551302	8.5456805545464E-08	-1531042241901.72	-0.348376704221215	0
-37.3333333333333	-0.0000000121246	-0.0000003	-10.0356	1.11090466	0.355518241	-0.755386419	8.76249272360826E-08	-1537907902179.31	-0.355620646250335	0
-37.5	-0.0000000105981	-0.0000003	-9.90988	0.33906173	1.24313565	0.90407392	-7.3213792075763E-08	-1544773562456.89	0.295813301316214	0
-37.6666666666667	-0.0000000103115	-0.0000003	-9.78265	0.861070682	0.346886566	-0.514184116	1.28729530804876E-07	-1551639222734.48	-0.517817903478987	0
-37.8333333333333	-0.0000000100205	-0.0000003	-9.68671	0.803078299	0.424103847	-0.378974452	1.74657367140939E-07	-1558504883012.07	-0.699468831161147	0
-38	-0.0000000101218	-0.0000003	-9.61047	1.02833488	0.635984688	-0.392350192	1.68703065143396E-07	-1565370543289.65	-0.672659749375583	0
-38.1666666666667	-0.0000000119784	-0.0000003	-9.50326	0.329228514	0.634240957	0.305012443	-2.17009769663725E-07	-1572236203567.24	0.861491741420106	0
-38.3333333333333	-0.0000000143721	-0.0000003	-9.3926	0.666105427	0.95905157	0.292946143	-2.25948289750994E-07	-1579101863844.83	0.893076244075073	0
-38.5	-0.000000010002	-0.0000003	-9.34839	0.311958543	1.34162159	1.029663047	-6.42838258524004E-08	-1585967524122.41	0.252986327636365	0
-38.6666666666667	-0.00000000919125	-0.0000003	-9.3082	0.742787146	0.448196736	-0.29459041	2.2468715122125E-07	-1592833184400	-0.880435545537813	0
-38.8333333333333	-0.00000000973725	-0.0000003	-9.27516	0.931334018	0.877053897	-0.054280121	1.21942764276447E-06	-1599698844677.58	-4.75781366665808	0
-39	-0.00000000991571	-0.0000003	-9.19741	1.29555771	0.634054565	-0.661503145	1.00061020873907E-07	-1606564504955.17	-0.388737454832583	0
-39.1666666666667	-0.0000000119481	-0.0000003	-9.10398	0.338959676	1.04817792	0.709218244	-9.33290712132329E-08	-1613430165232.76	0.361040894441907	0
-39.3333333333333	-0.00000000968181	-0.0000003	-9.09837	1.15746142	0.628584784	-0.528876636	1.25153344834087E-07	-1620295825510.34	-0.482100711995713	0
-39.5	-0.0000000110456	-0.0000003	-9.01462	0.355206252	0.702266881	0.347060629	-1.90717916321185E-07	-1627161485787.93	0.731560860457175	0
-39.6666666666667	-0.0000000127413	-0.0000003	-8.94777	0.313030345	1.05099675	0.737966405	-8.96933512847377E-08	-1634027146065.51	0.342602564112825	0
-39.8333333333333	-0.00000000913466	-0.0000003	-8.954	1.14698944	0.72807227	-0.41891717	1.58004218351804E-07	-1640892806343.1	-0.601005014651215	0
-40	-0.0000000127	-0.0000003	-8.87713	0.369734293	1.06763494	0.697900647	-9.48425542869571E-08	-1647758466620.69	0.359252099571807	0
-40.1666666666667	-0.00000000992827	-0.0000003	-8.87829	1.14778648	0.647843501	-0.499942979	1.3239645875695E-07	-1654624126898.27	-0.499420817642209	0
-40.3333333333333	-0.0000000116898	-0.0000003	-8.80429	0.345134438	0.740382903	0.395248465	-1.67466001417615E-07	-1661489787175.86	0.629098427564292	0
-40.5	-0.0000000141945	-0.0000003	-8.73946	0.440783988	1.09775943	0.656975442	-1.00750615271857E-07	-1668355447453.45	0.376919623164447	0
-40.6666666666667	-0.00000000991137	-0.0000003	-8.73718	1.36682561	0.745975404	-0.620850206	1.06612962934251E-07	-1675221107731.03	-0.397216702437596	0
-40.8333333333333	-0.00000000987371	-0.0000003	-8.62007	0.375819994	1.59302007	1.217200076	-5.43794576628009E-08	-1682086768008.62	0.201779063683862	0
-41	-0.00000000964164	-0.0000003	-8.57841	0.489932952	1.1696878	0.679754848	-9.7374340462225E-08	-1688952428286.2	0.359846047532243	0
-41.1666666666667	-0.000000012926	-0.0000003	-8.55501	1.08383994	0.571218837	-0.512621103	1.29122034993553E-07	-1695818088563.79	-0.475237522979586	0
-41.3333333333333	-0.0000000188658	-0.0000003	-8.53075	0.875651325	0.407277997	-0.468373328	1.41320344355732E-07	-1702683748841.38	-0.518036452916904	0
-41.5	-0.00000000970572	-0.0000003	-8.45544	0.471630194	1.07915611	0.607525916	-1.08951203984523E-07	-1709549409118.96	0.397777305529473	0
-41.6666666666667	-0.0000000101368	-0.0000003	-8.44679	1.08870275	1.13768446	4.89817100000001E-02	-1.35133461040866E-06	-1716415069396.55	4.91394403784967	0
-41.8333333333333	-0.00000000940865	-0.0000003	-8.42189	0.584282375	1.29394128	0.709658905	-9.32711187496477E-08	-1723280729674.14	0.337816438789018	0
-42	-0.0000000096944	-0.0000003	-8.34127	1.05928602	0.871262048	-0.188023972	3.52033197128715E-07	-1730146389951.72	-1.26996102860287	0
-42.1666666666667	-0.0000000170007	-0.0000003	-8.34211	0.475209164	0.627701319	0.152492155	-4.34059575064697E-07	-1737012050229.31	1.55968226756988	0
-42.3333333333333	-0.00000000922613	-0.0000003	-8.30895	0.483857597	0.461884107	-0.02197349	3.01229709072159E-06	-1743877710506.89	-10.781306695496	0
-42.5	-0.00000000942718	-0.0000003	-8.24799	1.10419214	0.448300037	-0.655892103	1.00917025372388E-07	-1750743370784.48	-0.359775491523665	0
-42.6666666666667	-0.0000000091269	-0.0000003	-8.1979	1.12662082	0.417175354	-0.709445466	9.3299179672254E-08	-1757609031062.07	-0.331318109631584	0
-42.8333333333333	-0.00000000915482	-0.0000003	-8.16637	1.10400063	0.991929551	-0.112071079	5.90613390989124E-07	-1764474691339.65	-2.08918779974929	0
-43	-0.0000000176275	-0.0000003	-8.18119	0.816539314	0.556910287	-0.259629027	2.54943296459683E-07	-1771340351617.24	-0.898320283508396	0
-43.1666666666667	-0.0000000103364	-0.0000003	-8.18988	0.272497368	0.649651951	0.377154583	-1.7550013438389E-07	-1778206011894.82	0.616006087693542	0
-43.3333333333333	-0.000000011624	-0.0000003	-8.14083	0.9626766	0.96568425	3.00765000000003E-03	-2.20074410253851E-05	-1785071672172.41	76.9490944943533	0
-43.5	-0.0000000179266	-0.0000003	-8.1025	0.808135571	1.12129917	0.313163599	-2.11361346629562E-07	-1791937332450	0.736194171471827	0
-43.6666666666667	-0.00000000979714	-0.0000003	-8.12441	0.534208285	0.452230282	-0.081978003	8.07420009975115E-07	-1798802992727.58	-2.80159614842164	0
-43.8333333333333	-0.00000000928118	-0.0000003	-8.05493	0.595873987	1.02514342	0.429269433	-1.5419378812374E-07	-1805668653005.17	0.532989243428068	0
-44	-0.0000000126549	-0.0000003	-8.0661	0.279311266	0.669385154	0.390073888	-1.69687543914757E-07	-1812534313282.76	0.584323498329053	0
-44.1666666666667	-0.0000000134797	-0.0000003	-8.00543	1.08222248	0.861118744	-0.221103736	2.9936481941671E-07	-1819399973560.34	-1.02698051257877	0
-44.3333333333333	-0.0000000132269	-0.0000003	-8.22104	4.9008904	5.08902679	0.18813639	-3.51822845117842E-07	-1826265633837.93	1.20240206807191	0
-44.5	-0.0000000131485	-0.0000003	-8.21211	6.11420499	6.20035775	8.61527600000001E-02	-7.68294364568239E-07	-1833131294115.51	2.61591543945604	0
-44.6666666666667	-0.000000013153	-0.0000003	-8.19424	6.12120524	6.20487209	8.36668500000002E-02	-7.9112193180453E-07	-1839996954393.1	2.68358864248484	0
-44.8333333333333	-0.0000000131949	-0.0000003	-8.16937	6.1083503	6.19158049	8.32301900000001E-02	-7.95272484659712E-07	-1846862614670.69	2.68763935336165	0
-45	-0.0000000131901	-0.0000003	-8.14186	6.09199315	6.17659429	8.46011399999993E-02	-7.82385201901541E-07	-1853728274948.27	2.6342936090961	0
-45.1666666666667	-0.0000000132659	-0.0000003	-8.12166	6.07844025	6.16183138	8.33911299999999E-02	-7.93737655311783E-07	-1860593935225.86	2.66265567028441	0
-45.3333333333333	-0.0000000133509	-0.0000003	-8.1	6.06756749	6.14876882	8.12013299999998E-02	-8.15142806158472E-07	-1867459595503.45	2.72440777459382	0
-45.5	-0.0000000132916	-0.0000003	-8.08426	6.05969833	6.1417854	0.08208707	-8.06347211564501E-07	-1874325255781.03	2.68513889964869	0
-45.6666666666667	-0.0000000134194	-0.0000003	-8.05553	6.03955443	6.12051806	8.09636300000003E-02	-8.17535972633635E-07	-1881190916058.62	2.71246175392712	0
-45.8333333333333	-0.0000000134411	-0.0000003	-8.0327	6.02684622	6.1093684	8.25221799999998E-02	-8.02095630532303E-07	-1888056576336.2	2.65155580341257	0
-46	-0.0000000136722	-0.0000003	-8.01526	6.01694146	6.09775337	8.08119100000004E-02	-8.19070852303821E-07	-1894922236613.79	2.69786183235778	0
-46.1666666666667	-0.0000000135116	-0.0000003	-7.99579	6.0047531	6.08721243	8.24593299999998E-02	-8.02706982945412E-07	-1901787896891.38	2.63441740382479	0
-46.3333333333333	-0.0000000136625	-0.0000003	-7.96712	5.98598337	6.06800716	0.08202379	-8.06969295127669E-07	-1908653557168.96	2.63887931696426	0
-46.5	-0.0000000136991	-0.0000003	-7.95352	5.98167433	6.06379345	8.21191200000007E-02	-8.06032504975692E-07	-1915519217446.55	2.62636854016192	0
-46.6666666666667	-0.0000000138062	-0.0000003	-7.93461	5.9680086	6.04976091	8.17523099999997E-02	-8.09649048448909E-07	-1922384877724.14	2.62873067678217	0
-46.8333333333333	-0.0000000138886	-0.0000003	-7.91118	5.95654647	6.03813359	0.08158712	-8.11288350416095E-07	-1929250538001.72	2.6246792313688	0
-47	-0.0000000138402	-0.0000003	-7.8887	5.9452625	6.02653649	8.12739899999997E-02	-8.14414057929237E-07	-1936116198279.31	2.62544828474931	0
-47.1666666666667	-0.0000000139198	-0.0000003	-7.8692	5.93292451	6.01617011	8.32455999999997E-02	-7.95125267882029E-07	-1942981858556.89	2.55420901985875	0
-47.3333333333333	-0.0000000141144	-0.0000003	-7.85406	5.92447935	6.00754547	8.30661199999998E-02	-7.96843285806538E-07	-1949847518834.48	2.55071474329878	0
-47.5	-0.0000000141551	-0.0000003	-7.83764	5.91852899	6.00210919	8.35801999999992E-02	-7.91942110691296E-07	-1956713179112.07	2.52613113458149	0
-47.6666666666667	-0.0000000142758	-0.0000003	-7.82842	5.91372314	5.99609349	8.23703499999997E-02	-8.0357410160331E-07	-1963578839389.65	2.55427241450512	0
-47.8333333333333	-0.0000000140856	-0.0000003	-7.81219	5.90622865	5.98908368	8.28550300000002E-02	-7.98873405754604E-07	-1970444499667.24	2.5304827550035	0
-48	-0.0000000143149	-0.0000003	-7.79421	5.89656984	5.97907092	8.25010800000001E-02	-8.02300769880829E-07	-1977310159944.82	2.53251505644201	0
-48.1666666666667	-0.0000000144398	-0.0000003	-7.76931	5.8800764	5.96504183	8.49654299999996E-02	-7.79030718728786E-07	-1984175820222.41	2.45055274843909	0
-48.3333333333333	-0.0000000144471	-0.0000003	-7.75637	5.87027302	5.95352055	8.32475300000004E-02	-7.9510683380035E-07	-1991041480500	2.49249791159984	0
-48.5	-0.0000000145158	-0.0000003	-7.73337	5.85820499	5.94030437	8.20993799999998E-02	-8.06226307677356E-07	-1997907140777.58	2.51867012707702	0
-48.6666666666667	-0.0000000146162	-0.0000003	-7.72399	5.85386141	5.93802706	8.41656499999992E-02	-7.86433420284886E-07	-2004772801055.17	2.44842285269267	0
-48.8333333333333	-0.0000000147655	-0.0000003	-7.68345	5.82882567	5.91352512	8.46994500000005E-02	-7.81477093416777E-07	-2011638461332.76	2.42468846855966	0
-49	-0.0000000147877	-0.0000003	-7.68172	5.82900626	5.91406858	8.50623200000005E-02	-7.78143365946281E-07	-2018504121610.34	2.40613285697675	0
-49.1666666666667	-0.0000000148459	-0.0000003	-7.65444	5.80868942	5.89360138	8.49119599999995E-02	-7.79521282985346E-07	-2025369781887.93	2.40222275188088	0
-49.3333333333333	-0.0000000146899	-0.0000003	-7.63969	5.80193651	5.88581129	8.38747800000004E-02	-7.8916069884177E-07	-2032235442165.51	2.42371222003001	0
-49.5	-0.0000000148601	-0.0000003	-7.62143	5.79197987	5.87596934	8.39894700000006E-02	-7.88083077557217E-07	-2039101102443.1	2.41225306873957	0
-49.6666666666667	-0.0000000150137	-0.0000003	-7.5977	5.77640044	5.86260891	8.62084699999999E-02	-7.67797874153202E-07	-2045966762720.69	2.34227539400001	0
-49.8333333333333	-0.0000000148872	-0.0000003	-7.60196	5.78175849	5.86791951	8.61610200000005E-02	-7.6822071047905E-07	-2052832422998.27	2.33572730458817	0
-50	-0.0000000149778	-0.0000003	-7.56467	5.75762311	5.84355809	8.59349800000002E-02	-7.70241408097143E-07	-2059698083275.86	2.33406487302165	0
