-30	-0.000000000959635	0	0	-0.755396146	0.162141945	0.917538091	0	-1235818849965.52	0	0
-30.1	-0.00000000336864	0	0	0.389358657	1.61816367	1.228805013	0	-1239938246132.07	0	0
-30.2	-0.00000000252639	0	0	0.418070895	5.60957673	5.191505835	0	-1244057642298.62	0	0
-30.3	-0.00000000258311	0	0	2.61231806	6.82794592	4.21562786	0	-1248177038465.17	0	0
-30.4	-0.00000000279931	0	0	0.0933338715	1.63756614	1.5442322685	0	-1252296434631.72	0	0
-30.5	-0.00000000296011	0	0	0.330772163	5.53675772	5.205985557	0	-1256415830798.27	0	0
-30.6	-0.00000000263603	0	0	2.49284971	6.70264539	4.20979568	0	-1260535226964.83	0	0
-30.7	-0.00000000251749	0	0	0.153014063	1.75905622	1.606042157	0	-1264654623131.38	0	0
-30.8	-0.00000000289913	0	0	0.39299158	5.62058016	5.22758858	0	-1268774019297.93	0	0
-30.9	-0.00000000303195	0	0	2.5406244	6.73876321	4.19813881	0	-1272893415464.48	0	0
-31	-0.0000000028895	0	0	0.187873246	1.82137791	1.633504664	0	-1277012811631.03	0	0
-31.1	-0.00000000274111	0	0	0.407040446	5.71365107	5.306610624	0	-1281132207797.58	0	0
-31.2	-0.00000000309118	0	0	2.56742169	6.81114904	4.24372735	0	-1285251603964.14	0	0
-31.3	-0.00000000270472	0	0	0.200562415	1.93871916	1.738156745	0	-1289371000130.69	0	0
-31.4	-0.00000000300086	0	0	0.442249942	5.79627703	5.354027088	0	-1293490396297.24	0	0
-31.5	-0.00000000323745	0	0	2.60979267	6.8824612	4.27266853	0	-1297609792463.79	0	0
-31.6	-0.00000000283239	0	0	0.209970756	1.99823692	1.788266164	0	-1301729188630.34	0	0
-31.7	-0.00000000299047	0	0	0.484451645	5.90589711	5.421445465	0	-1305848584796.89	0	0
-31.8	-0.00000000319165	0	0	2.66614272	6.98363886	4.31749614	0	-1309967980963.45	0	0
-31.9	-0.00000000347021	0	0	0.21817328	1.99839494	1.78022166	0	-1314087377130	0	0
-32	-0.00000000275359	0	0	0.45960058	6.01066646	5.55106588	0	-1318206773296.55	0	0
-32.1	-0.00000000324068	0	0	2.67278548	7.07886314	4.40607766	0	-1322326169463.1	0	0
-32.2	-0.00000000315738	-0.0000003	-60.4257	0.136229866	2.06926382	1.933033954	-3.42418610200988E-08	-1326445565629.65	0.161123004988231	0
-32.3	-0.00000000311295	0	0	0.62861135	6.18370001	5.55508866	0	-1330564961796.2	0	0
-32.4	-0.00000000306256	0	0	2.82492194	7.23544778	4.41052584	0	-1334684357962.76	0	0
-32.5	-0.00000000339797	-0.0000003	-46.1856	0.086459064	2.02254794	1.936088876	-3.41878313648242E-08	-1338803754129.31	0.15938382920664	0
-32.6	0.0000000106797	-0.0000003	-44.3859	1.77402629	2.42100199	0.6469757	-1.02307830108611E-07	-1342923150295.86	0.475496514726768	0
-32.7	0.00000000820065	-0.0000003	-60.0063	4.80525905	0.22618459	-4.57907446	1.44550346534439E-08	-1347042546462.41	-6.69772711215083E-02	0
-32.8	-0.0000000393115	-0.0000003	-13.5628	1.9758111	2.32137848	0.34556738	-1.91542037330028E-07	-1351161942628.96	0.884802463645732	0
-32.9	-0.000000000850034	-0.0000003	-22.2306	4.49408547	5.48838237	0.9942969	-6.6570337290602E-08	-1355281338795.52	0.306577955653505	0
-33	0.00000000498718	-0.0000003	-16.1911	0.0482644431	2.02568697	1.9774225269	-3.34732102520178E-08	-1359400734962.07	0.153687834031303	0
-33.1	-0.00000000693831	-0.0000003	-10.0969	1.74254543	2.48325621	0.74071078	-8.93610323856769E-08	-1363520131128.62	0.409049859863027	0
-33.2	-0.00000000807008	-0.0000003	-11.6124	3.91709039	4.89092361	0.97383322	-6.79692155089965E-08	-1367639527295.17	0.310191746572638	0
-33.3	-0.00000000843359	-0.0000003	-11.4361	6.59146132	7.48473264	0.89327132	-7.4099188586957E-08	-1371758923461.72	0.337151645222299	0
-33.4	-0.00000000848277	-0.0000003	-10.9577	8.13964104	8.37022658	0.23058554	-2.87054773686156E-07	-1375878319628.27	1.30219004575465	0
-33.5	-0.00000000849001	-0.0000003	-10.7405	7.9600984	8.07557243	0.11547403	-5.73208365551979E-07	-1379997715794.83	2.59252992108539	0
-33.6	-0.00000000826203	-0.0000003	-10.4173	7.65474856	7.79258099	0.13783243	-4.80225734973981E-07	-1384117111961.38	2.16552008916838	0
-33.7	-0.00000000806777	-0.0000003	-10.2257	7.4116577	7.55010008	0.13844238	-4.78109954480702E-07	-1388236508127.93	2.1495816674791	0
-33.8	-0.00000000807297	-0.0000003	-10.1154	7.24396405	7.4012092	0.157245150000001	-4.20939405762275E-07	-1392355904294.48	1.88694372315884	0
-33.9	-0.00000000799179	-0.0000003	-10.0116	7.14432894	7.30366109	0.15933215	-4.15425763099287E-07	-1396475300461.03	1.85673443773705	0
-34	-0.00000000802422	-0.0000003	-9.9021	7.05557622	7.21201912	0.1564429	-4.23098012118159E-07	-1400594696627.58	1.88546351211301	0
-34.1	-0.0000000079087	-0.0000003	-9.84547	6.98148387	7.14273062	0.16124675	-4.10493110713859E-07	-1404714092794.14	1.823927444743	0
-34.2	-0.00000000812737	-0.0000003	-9.78686	6.93223141	7.09427841	0.162047	-4.08465938894271E-07	-1408833488960.69	1.80961340995158	0
-34.3	-0.00000000805947	-0.0000003	-9.68766	6.88496253	7.04619736	0.16123483	-4.10523458237901E-07	-1412952885127.24	1.81342635496908	0
-34.4	-0.0000000081558	-0.0000003	-9.64928	6.83658759	6.99083686	0.15424927	-4.29115029199165E-07	-1417072281293.79	1.89004153100407	0
-34.5	-0.00000000823674	-0.0000003	-9.56674	6.78732034	6.94203861	0.15471827	-4.2781424585474E-07	-1421191677460.34	1.87885044292815	0
-34.6	-0.00000000811968	-0.0000003	-9.49715	6.73456714	6.88744753	0.15288039	-4.3295729426122E-07	-1425311073626.89	1.89594190865834	0
-34.7	-0.00000000829039	-0.0000003	-9.4489	6.68938988	6.84389285	0.154502969999999	-4.2841040531454E-07	-1429430469793.45	1.87062442282133	0
-34.8	-0.00000000817634	-0.0000003	-9.39081	6.64942159	6.80370585	0.15428426	-4.29017710555828E-07	-1433549865960	1.86789320165373	0
-34.9	-0.00000000828724	-0.0000003	-9.36441	6.61601903	6.76889235	0.152873319999999	-4.32977317428576E-07	-1437669262126.55	1.87973134248752	0
-35	-0.00000000839022	-0.0000003	-9.28716	6.57610518	6.72819914	0.15209396	-4.351959801691E-07	-1441788658293.1	1.88396528211732	0
-35.1	-0.00000000822924	-0.0000003	-9.24619	6.54280441	6.69497797	0.15217356	-4.34968334840821E-07	-1445908054459.65	1.87761518967807	0
-35.2	-0.00000000841166	-0.0000003	-9.22062	6.51384938	6.66840252	0.15455314	-4.28271337612422E-07	-1450027450626.21	1.84345444908928	0
-35.3	-0.00000000836027	-0.0000003	-9.1779	6.49033332	6.64194456	0.151611239999999	-4.36581614925122E-07	-1454146846792.76	1.87390168651868	0
-35.4	-0.00000000836989	-0.0000003	-9.13581	6.46432087	6.61614686	0.15182599	-4.35964092840758E-07	-1458266242959.31	1.86596512943314	0
-35.5	-0.00000000860373	-0.0000003	-9.10103	6.43906649	6.5883045	0.149238009999999	-4.43524273742328E-07	-1462385639125.86	1.89297598694975	0
-35.6	-0.00000000850911	-0.0000003	-9.03717	6.40787423	6.55687759	0.14900336	-4.44222734306126E-07	-1466505035292.41	1.89063131727156	0
-35.7	-0.00000000851859	-0.0000003	-9.00179	6.37652376	6.52516887	0.148645109999999	-4.45293356774402E-07	-1470624431458.96	1.88987928348358	0
-35.8	-0.0000000085874	-0.0000003	-8.97299	6.3514589	6.50231551	0.15085661	-4.38765527078993E-07	-1474743827625.51	1.85697277416198	0
-35.9	-0.00000000863048	-0.0000003	-8.95132	6.33407807	6.48406252	0.14998445	-4.41316949857136E-07	-1478863223792.07	1.86256837113673	0
-36	-0.00000000848721	-0.0000003	-8.9066	6.31451632	6.46439918	0.14988286	-4.41616072711716E-07	-1482982619958.62	1.85865350467894	0
-36.1	-0.00000000856134	-0.0000003	-8.87711	6.29290061	6.44133959	0.14843898	-4.45911714025521E-07	-1487102016125.17	1.87153409731185	0
-36.2	-0.00000000862083	-0.0000003	-8.84708	6.27178957	6.4204376	0.148648029999999	-4.45284609557222E-07	-1491221412291.72	1.86373936697314	0
-36.3	-0.00000000873239	-0.0000003	-8.81728	6.25316266	6.40159272	0.14843006	-4.45938511377008E-07	-1495340808458.27	1.86133446605313	0
-36.4	-0.00000000876864	-0.0000003	-8.78093	6.2336899	6.38169527	0.14800537	-4.47218097559568E-07	-1499460204624.83	1.8615471926389	0
-36.5	-0.00000000869813	-0.0000003	-8.74603	6.21215481	6.35785551	0.1457007	-4.54292120765377E-07	-1503579600791.38	1.88581204136728	0
-36.6	-0.00000000871605	-0.0000003	-8.70462	6.18544498	6.33187297	0.14642799	-4.52035707107636E-07	-1507698996957.93	1.87131854242274	0
-36.7	-0.00000000884045	-0.0000003	-8.66887	6.16260917	6.30830434	0.145695170000001	-4.543093638588E-07	-1511818393124.48	1.87560632424573	0
-36.8	-0.00000000880744	-0.0000003	-8.64597	6.14353096	6.28924707	0.14571611	-4.54244077748163E-07	-1515937789291.03	1.8702407680672	0
-36.9	-0.00000000885859	-0.0000003	-8.62339	6.12321919	6.27085836	0.14763917	-4.48327364614689E-07	-1520057185457.58	1.84087773924074	0
-37	-0.00000000884889	-0.0000003	-8.59903	6.10892885	6.25607149	0.14714264	-4.49840236657436E-07	-1524176581624.14	1.84209761120981	0
-37.1	-0.00000000894897	-0.0000003	-8.55928	6.0931223	6.2403299	0.1472076	-4.49641730454135E-07	-1528295977790.69	1.83632169588391	0
-37.2	-0.0000000089986	-0.0000003	-8.5412	6.07730977	6.22352293	0.146213159999999	-4.52699880092874E-07	-1532415373957.24	1.84384115384846	0
-37.3	-0.00000000898033	-0.0000003	-8.52256	6.06306397	6.21052947	0.1474655	-4.48855359389145E-07	-1536534770123.79	1.82328117389368	0
-37.4	-0.00000000894974	-0.0000003	-8.49473	6.04921817	6.19542663	0.14620846	-4.527144325301E-07	-1540654166290.34	1.83403999566561	0
-37.5	-0.00000000911092	-0.0000003	-8.47159	6.03352685	6.17901075	0.145483899999999	-4.54969106547187E-07	-1544773562456.89	1.83825901635227	0
-37.6	-0.00000000910994	-0.0000003	-8.44179	6.01684731	6.16320959	0.14636228	-4.5223865055942E-07	-1548892958623.45	1.82236722501378	0
-37.7	-0.00000000911244	-0.0000003	-8.41629	6.00037668	6.14608421	0.14570753	-4.54270825948391E-07	-1553012354790	1.82570061067595	0
-37.8	-0.00000000913863	-0.0000003	-8.39082	5.98340996	6.12912015	0.14571019	-4.54262533045904E-07	-1557131750956.55	1.82083747412981	0
-37.9	-0.00000000909594	-0.0000003	-8.36659	5.96718201	6.11259216	0.14541015	-4.55199860532432E-07	-1561251147123.1	1.81978036512526	0
-38	-0.00000000913088	-0.0000003	-8.33965	5.95193741	6.09699928	0.14506187	-4.56292752878478E-07	-1565370543289.65	1.81934909441179	0
-38.1	-0.00000000922794	-0.0000003	-8.31328	5.93583155	6.08164788	0.145816330000001	-4.53931874434089E-07	-1569489939456.2	1.80518521607448	0
-38.2	-0.00000000921923	-0.0000003	-8.2925	5.92188867	6.06678188	0.144893209999999	-4.56823891195456E-07	-1573609335622.76	1.81193039503195	0
-38.3	-0.00000000928725	-0.0000003	-8.2747	5.90836376	6.05340205	0.14503829	-4.56366935931196E-07	-1577728731789.31	1.80539178705276	0
-38.4	-0.00000000928611	-0.0000003	-8.23635	5.89116084	6.03516215	0.144001309999999	-4.59653318431619E-07	-1581848127955.86	1.81365734860961	0
-38.5	-0.00000000940858	-0.0000003	-8.21439	5.87259464	6.01626034	0.1436657	-4.60727090739127E-07	-1585967524122.41	1.81317233663568	0
-38.6	-0.00000000944448	-0.0000003	-8.18438	5.85457024	5.99834777	0.143777529999999	-4.60368737729743E-07	-1590086920288.96	1.80706836916997	0
-38.7	-0.00000000941989	-0.0000003	-8.16422	5.83803352	5.98195818	0.143924660000001	-4.59898116139373E-07	-1594206316455.51	1.80055640176718	0
-38.8	-0.00000000949805	-0.0000003	-8.13984	5.8231125	5.96685314	0.14374064	-4.60486888050589E-07	-1598325712622.07	1.79821496427128	0
-38.9	-0.00000000948659	-0.0000003	-8.12133	5.8106482	5.95459646	0.14394826	-4.59822716856737E-07	-1602445108788.62	1.79100536284465	0
-39	-0.00000000942102	-0.0000003	-8.09639	5.79761772	5.94141384	0.14379612	-4.60309221138929E-07	-1606564504955.17	1.78830311242785	0
-39.1	-0.00000000946596	-0.0000003	-8.07219	5.78443591	5.92745065	0.14301474	-4.62824181619321E-07	-1610683901121.72	1.79347508958894	0
-39.2	-0.00000000959163	-0.0000003	-8.05942	5.77148784	5.91467174	0.1431839	-4.62277392919175E-07	-1614803297288.27	1.78678645995352	0
-39.3	-0.00000000957303	-0.0000003	-8.0468	5.76275268	5.90774138	0.1449887	-4.56523025587512E-07	-1618922693454.83	1.76005484458135	0
-39.4	-0.00000000957855	-0.0000003	-8.03677	5.75870313	5.9030526	0.14434947	-4.58544669405437E-07	-1623042089621.38	1.7633620573967	0
-39.5	-0.00000000970485	-0.0000003	-8.01211	5.75075683	5.89392696	0.14317013	-4.62321854425921E-07	-1627161485787.93	1.77338647650909	0
-39.6	-0.00000000962825	-0.0000003	-7.98647	5.73779923	5.87955779	0.14175856	-4.66925454096036E-07	-1631280881954.48	1.78652224554651	0
-39.7	-0.00000000985997	-0.0000003	-7.96901	5.72195487	5.86457412	0.14261925	-4.64107615206222E-07	-1635400278121.03	1.77126790018404	0
-39.8	-0.00000000967603	-0.0000003	-7.95855	5.71120305	5.854859	0.14365595	-4.60758360513434E-07	-1639519674287.58	1.75406715590617	0
-39.9	-0.0000000098603	-0.0000003	-7.94616	5.70563186	5.85071373	0.145081869999999	-4.5622985146249E-07	-1643639070454.14	1.73247456315976	0
-40	-0.00000000986936	-0.0000003	-7.91855	5.69970511	5.84304382	0.14333871	-4.61778119811459E-07	-1647758466620.69	1.74915954474037	0
-40.1	-0.00000000985397	-0.0000003	-7.9049	5.69157889	5.83395898	0.142380090000001	-4.64887190336793E-07	-1651877862787.24	1.75654496462175	0
-40.2	-0.00000000982157	-0.0000003	-7.89265	5.68050305	5.82276206	0.142259009999999	-4.65282866793466E-07	-1655997258953.79	1.75366676765214	0
-40.3	-0.00000000971254	-0.0000003	-7.87898	5.67022549	5.81270849	0.142483	-4.64551420169423E-07	-1660116655120.34	1.74656523110543	0
-40.4	-0.0000000099077	-0.0000003	-7.85974	5.66171903	5.80468271	0.142963679999999	-4.62989480964678E-07	-1664236051286.89	1.73638419203675	0
-40.5	-0.00000000994892	-0.0000003	-7.85358	5.65648812	5.79974251	0.14325439	-4.62049923915071E-07	-1668355447453.45	1.72858183282855	0
-40.6	-0.0000000100116	-0.0000003	-7.82181	5.64773827	5.789788	0.14204973	-4.6596836192508E-07	-1672474843620	1.73894746202821	0
-40.7	-0.0000000104656	-0.0000003	-7.81977	5.63886245	5.78068093	0.14181848	-4.66728172520254E-07	-1676594239786.55	1.73750343429474	0
-40.8	-0.0000000101124	-0.0000003	-7.80294	5.62992622	5.77245592	0.1425297	-4.6439920942793E-07	-1680713635953.1	1.72459599460758	0
-40.9	-0.0000000101385	-0.0000003	-7.78263	5.6214639	5.76418695	0.14272305	-4.63770077783512E-07	-1684833032119.65	1.71804874336338	0
-41	-0.0000000101453	-0.0000003	-7.76859	5.61426	5.75606712	0.14180712	-4.66765561559955E-07	-1688952428286.2	1.72492816541003	0
-41.1	-0.00000001026	-0.0000003	-7.76064	5.6071101	5.7497078	0.1425977	-4.64177753217617E-07	-1693071824452.76	1.71119130434866	0
-41.2	-0.000000010239	-0.0000003	-7.74057	5.59957606	5.74137155	0.14179549	-4.66803845453759E-07	-1697191220619.31	1.71669551873257	0
-41.3	-0.0000000101993	-0.0000003	-7.72772	5.59257014	5.73473604	0.142165899999999	-4.65587598713899E-07	-1701310616785.86	1.70807689013831	0
-41.4	-0.0000000102877	-0.0000003	-7.71453	5.58621556	5.72782078	0.14160522	-4.67431073515511E-07	-1705430012952.41	1.71069782431383	0
-41.5	-0.0000000103995	-0.0000003	-7.69874	5.57933939	5.72008363	0.14074424	-4.70290507092865E-07	-1709549409118.96	1.71701535995935	0
-41.6	-0.0000000103206	-0.0000003	-7.68445	5.56976774	5.70980536	0.14003762	-4.72663559977668E-07	-1713668805285.51	1.72153103138719	0
-41.7	-0.0000000104812	-0.0000003	-7.66279	5.55842755	5.69890641	0.14047886	-4.71178937528394E-07	-1717788201452.07	1.71200834797033	0
-41.8	-0.0000000104342	-0.0000003	-7.64616	5.54885633	5.68929441	0.14043808	-4.71315757093802E-07	-1721907597618.62	1.70840857290779	0
-41.9	-0.0000000104789	-0.0000003	-7.64313	5.54109389	5.68196866	0.14087477	-4.69854751138192E-07	-1726026993785.17	1.69904806226293	0
-42	-0.000000010415	-0.0000003	-7.62251	5.53295921	5.67339988	0.14044067	-4.71307065111551E-07	-1730146389951.72	1.70024193763186	0
-42.1	-0.0000000105215	-0.0000003	-7.61569	5.52572907	5.66635375	0.14062468	-4.70690351082043E-07	-1734265786118.27	1.69398384467733	0
-42.2	-0.0000000105276	-0.0000003	-7.60226	5.5202587	5.66186631	0.141607609999999	-4.67423184389598E-07	-1738385182284.83	1.67823920863707	0
-42.3	-0.0000000105713	-0.0000003	-7.59415	5.51826165	5.65892667	0.140665019999999	-4.70555366216849E-07	-1742504578451.38	1.6854909600145	0
-42.4	-0.0000000105861	-0.0000003	-7.56915	5.51146794	5.6513283	0.13986036	-4.7326261708464E-07	-1746623974617.93	1.69119002674614	0
-42.5	-0.0000000105953	-0.0000003	-7.55505	5.50115721	5.63984403	0.13868682	-4.77267270242406E-07	-1750743370784.48	1.70148759444708	0
-42.6	-0.000000010658	-0.0000003	-7.53479	5.49039817	5.62958921	0.13919104	-4.75538367986905E-07	-1754862766951.03	1.6913443163569	0
-42.7	-0.0000000105728	-0.0000003	-7.52565	5.4810312	5.619644	0.1386128	-4.77522133598052E-07	-1758982163117.58	1.6944224455257	0
-42.8	-0.0000000107923	-0.0000003	-7.49802	5.47022987	5.60813007	0.1379002	-4.79989731704523E-07	-1763101559284.14	1.69919899357308	0
-42.9	-0.0000000109075	-0.0000003	-7.48626	5.45938529	5.59772222	0.138336929999999	-4.78474403039017E-07	-1767220955450.69	1.68988628607409	0
-43	-0.0000000107385	-0.0000003	-7.47728	5.44911605	5.58788443	0.13876838	-4.76986760240337E-07	-1771340351617.24	1.68071444764037	0
-43.1	-0.0000000108373	-0.0000003	-7.46521	5.4436183	5.58242478	0.13880648	-4.76855835548886E-07	-1775459747783.79	1.67635462120821	0
-43.2	-0.0000000108515	-0.0000003	-7.44737	5.43729791	5.57572992	0.13843201	-4.78145769898162E-07	-1779579143950.34	1.67699835121409	0
-43.3	-0.0000000110301	-0.0000003	-7.43748	5.42918217	5.56800716	0.13882499	-4.76792254766235E-07	-1783698540116.89	1.66838916217452	0
-43.4	-0.0000000108537	-0.0000003	-7.42712	5.42291624	5.56102127	0.13810503	-4.79277836585676E-07	-1787817936283.45	1.67322244304453	0
-43.5	-0.0000000110817	-0.0000003	-7.41247	5.41679085	5.55539196	0.13860111	-4.77562409132222E-07	-1791937332450	1.66340093741631	0
-43.6	-0.0000000109923	-0.0000003	-7.40167	5.41017287	5.54726085	0.13708798	-4.8283357884477E-07	-1796056728616.55	1.67790373521257	0
-43.7	-0.0000000110463	-0.0000003	-7.38245	5.40011059	5.53787218	0.13776159	-4.80472677471274E-07	-1800176124783.1	1.665878501738	0
-43.8	-0.0000000110195	-0.0000003	-7.36697	5.39153947	5.52891153	0.137372060000001	-4.81835098054144E-07	-1804295520949.65	1.66678807961168	0
-43.9	-0.0000000109845	-0.0000003	-7.3639	5.38615119	5.52439841	0.13824722	-4.78784889851672E-07	-1808414917116.2	1.65246389815584	0
-44	-0.0000000110675	-0.0000003	-7.35125	5.38296041	5.51990747	0.13694706	-4.83330419798717E-07	-1812534313282.76	1.6643609497201	0
-44.1	-0.000000011074	-0.0000003	-7.33131	5.37423125	5.51004194	0.13581069	-4.87374594739193E-07	-1816653709449.31	1.67448153212119	0
-44.2	-0.000000011192	-0.0000003	-7.32607	5.36453565	5.50039167	0.13585602	-4.87211976326112E-07	-1820773105615.86	1.67013566545356	0
-44.3	-0.0000000112728	-0.0000003	-7.31098	5.35774101	5.49392299	0.13618198	-4.86045804298043E-07	-1824892501782.41	1.66237705827363	0
-44.4	-0.0000000111966	-0.0000003	-7.29358	5.35160073	5.4870514	0.13545067	-4.88670008055331E-07	-1829011897948.96	1.66758807007689	0
-44.5	-0.0000000113429	-0.0000003	-7.28797	5.34346645	5.47956002	0.13609357	-4.86361552570045E-07	-1833131294115.51	1.65598077143359	0
-44.6	-0.0000000113304	-0.0000003	-7.27956	5.33992576	5.47599555	0.136069790000001	-4.86446550700194E-07	-1837250690282.07	1.65255656577046	0
-44.7	-0.0000000113779	-0.0000003	-7.26654	5.33610104	5.47135249	0.13525145	-4.8938979951786E-07	-1841370086448.62	1.65883600948363	0
-44.8	-0.0000000114967	-0.0000003	-7.24679	5.32791259	5.46133504	0.133422449999999	-4.96098520151596E-07	-1845489482615.17	1.67782237605383	0
-44.9	-0.0000000114659	-0.0000003	-7.2284	5.3149548	5.44794243	0.132987630000001	-4.97720577470248E-07	-1849608878781.72	1.67955921397803	0
-45	-0.0000000114682	-0.0000003	-7.2195	5.30257697	5.43570387	0.133126900000001	-4.97199889729271E-07	-1853728274948.27	1.67407370279216	0
-45.1	-0.0000000113953	-0.0000003	-7.20407	5.29399915	5.42850689	0.13450774	-4.92095696500439E-07	-1857847671114.82	1.6532140579871	0
-45.2	-0.0000000115071	-0.0000003	-7.19845	5.28993947	5.42530282	0.13536335	-4.88985238618874E-07	-1861967067281.38	1.63912992296485	0
-45.3	-0.0000000115925	-0.0000003	-7.18328	5.28605494	5.41950664	0.1334517	-4.95989785068305E-07	-1866086463447.93	1.65893967846781	0
-45.4	-0.0000000115904	-0.0000003	-7.16407	5.27749493	5.41085523	0.133360300000001	-4.96329717314671E-07	-1870205859614.48	1.6564200951631	0
-45.5	-0.0000000116252	-0.0000003	-7.15809	5.27004024	5.40314056	0.13310032	-4.97299180047052E-07	-1874325255781.03	1.65600792556461	0
-45.6	-0.0000000115688	-0.0000003	-7.14537	5.26235135	5.39568536	0.13333401	-4.9642758063003E-07	-1878444651947.58	1.6494802652513	0
-45.7	-0.0000000116606	-0.0000003	-7.12913	5.25496666	5.3869419	0.13197524	-5.01538621941509E-07	-1882564048114.14	1.66281619899711	0
-45.8	-0.0000000116966	-0.0000003	-7.11461	5.24409959	5.37571578	0.13161619	-5.02906823241123E-07	-1886683444280.69	1.66371186727909	0
-45.9	-0.0000000117161	-0.0000003	-7.10404	5.23593062	5.36798169	0.132051069999999	-5.0125061462963E-07	-1890802840447.24	1.65462010506909	0
-46	-0.0000000116964	-0.0000003	-7.09318	5.22948516	5.36157159	0.132086429999999	-5.0111642808425E-07	-1894922236613.79	1.6505811201721	0
-46.1	-0.0000000118312	-0.0000003	-7.08268	5.22334142	5.35475212	0.1314107	-5.03693230459924E-07	-1899041632780.34	1.65546976421457	0
-46.2	-0.0000000118842	-0.0000003	-7.06313	5.21515527	5.34623286	0.131077589999999	-5.04973275752173E-07	-1903161028946.89	1.65608446724444	0
-46.3	-0.00000001189	-0.0000003	-7.05919	5.20788186	5.33943092	0.13154906	-5.0316345856063E-07	-1907280425113.45	1.64658504666742	0
-46.4	-0.0000000117573	-0.0000003	-7.03722	5.20008475	5.33097474	0.13088999	-5.05697036114068E-07	-1911399821280	1.65130954843935	0
-46.5	-0.0000000119534	-0.0000003	-7.03259	5.19459239	5.32507034	0.13047795	-5.07293991053663E-07	-1915519217446.55	1.65296184768219	0
-46.6	-0.0000000119316	-0.0000003	-7.02514	5.18727841	5.31792779	0.130649379999999	-5.06628351393633E-07	-1919638613613.1	1.64725045972699	0
-46.7	-0.0000000120585	-0.0000003	-7.0126	5.18207643	5.31199394	0.129917509999999	-5.09482363077928E-07	-1923758009779.65	1.65298281447644	0
-46.8	-0.0000000119266	-0.0000003	-7.00341	5.17683825	5.30597322	0.12913497	-5.12569755504648E-07	-1927877405946.2	1.65944624289254	0
-46.9	-0.0000000119764	-0.0000003	-6.99077	5.17009299	5.29971806	0.12962507	-5.10631778250919E-07	-1931996802112.76	1.6496471481906	0
-47	-0.0000000120237	-0.0000003	-6.97878	5.16311389	5.29201015	0.12889626	-5.13519011335161E-07	-1936116198279.31	1.65544491081612	0
-47.1	-0.0000000120871	-0.0000003	-6.9663	5.15610501	5.28502766	0.12892265	-5.13413895851506E-07	-1940235594445.86	1.65159202165446	0
-47.2	-0.0000000121206	-0.0000003	-6.95565	5.14901102	5.27794018	0.12892916	-5.13387972123606E-07	-1944354990612.41	1.64800966911789	0
-47.3	-0.0000000122443	-0.0000003	-6.94953	5.14337247	5.2721742	0.12880173	-5.13895892547405E-07	-1948474386778.96	1.64615251632842	0
-47.4	-0.0000000122346	-0.0000003	-6.94439	5.14001234	5.26894196	0.12892962	-5.13386140438481E-07	-1952593782945.51	1.6410501867999	0
-47.5	-0.0000000121845	-0.0000003	-6.93588	5.13608516	5.26477321	0.12868805	-5.1434985610552E-07	-1956713179112.07	1.64066939746577	0
-47.6	-0.0000000122029	-0.0000003	-6.92611	5.1312168	5.25876346	0.12754666	-5.1895267190846E-07	-1960832575278.62	1.65187379650006	0
-47.7	-0.0000000122461	-0.0000003	-6.9196	5.12712162	5.25523199	0.128110370000001	-5.16669181425357E-07	-1964951971445.17	1.64115742781703	0
-47.8	-0.0000000124109	-0.0000003	-6.91267	5.1250645	5.25243683	0.12737233	-5.19662944063283E-07	-1969071367611.72	1.64721359218741	0
-47.9	-0.0000000123794	-0.0000003	-6.90674	5.1221153	5.24917097	0.12705567	-5.20958096557203E-07	-1973190763778.27	1.64787150173089	0
-48	-0.0000000124101	-0.0000003	-6.889	5.11678573	5.24272124	0.12593551	-5.25591868409475E-07	-1977310159944.82	1.65906524119153	0
-48.1	-0.0000000123945	-0.0000003	-6.87794	5.11023968	5.23592548	0.125685799999999	-5.26636103680768E-07	-1981429556111.38	1.65890538549981	0
-48.2	-0.0000000125086	-0.0000003	-6.87342	5.10300101	5.22850789	0.125506880000001	-5.27386865166274E-07	-1985548952277.93	1.6578236676923	0
-48.3	-0.0000000125008	-0.0000003	-6.85634	5.09771214	5.22288212	0.125169980000001	-5.28806347975765E-07	-1989668348444.48	1.65884418086381	0
-48.4	-0.0000000125622	-0.0000003	-6.85543	5.09255986	5.21796982	0.125409960000001	-5.27794443120783E-07	-1993787744611.03	1.65224907062604	0
-48.5	-0.000000012516	-0.0000003	-6.84366	5.08814457	5.21269489	0.12455032	-5.31437253633712E-07	-1997907140777.58	1.66022259804346	0
-48.6	-0.0000000124464	-0.0000003	-6.83098	5.08399176	5.20849611	0.12450435	-5.31633473047329E-07	-2002026536944.14	1.65741823496486	0
-48.7	-0.0000000126216	-0.0000003	-6.8352	5.08144266	5.20688303	0.12544037	-5.2766649205515E-07	-2006145933110.69	1.64167286433685	0
-48.8	-0.0000000124933	-0.0000003	-6.82998	5.08282405	5.2080875	0.12526345	-5.28411759375938E-07	-2010265329277.24	1.64062270049658	0
-48.9	-0.0000000126318	-0.0000003	-6.81858	5.08186178	5.20559171	0.123729930000001	-5.34960942756532E-07	-2014384725443.79	1.65756008786185	0
-49	-0.0000000127259	-0.0000003	-6.81149	5.07652062	5.19929371	0.12277309	-5.39130195387279E-07	-2018504121610.34	1.66706924980606	0
-49.1	-0.0000000127786	-0.0000003	-6.7981	5.07091475	5.19417513	0.12326038	-5.36998831254619E-07	-2022623517776.89	1.65709693036666	0
-49.2	-0.0000000127898	-0.0000003	-6.79505	5.06726887	5.19075303	0.123484159999999	-5.36025673252345E-07	-2026742913943.45	1.65073193290326	0
-49.3	-0.0000000127886	-0.0000003	-6.78648	5.06418461	5.18676521	0.1225806	-5.3997679893882E-07	-2030862310110	1.65952670397326	0
-49.4	-0.0000000127348	-0.0000003	-6.77907	5.06001311	5.18234072	0.12232761	-5.41093543804215E-07	-2034981706276.55	1.65959251565518	0
-49.5	-0.0000000128615	-0.0000003	-6.76821	5.05490624	5.1757446	0.12083836	-5.47762151025554E-07	-2039101102443.1	1.67665182438186	0
-49.6	-0.0000000128617	-0.0000003	-6.75226	5.04753898	5.16780379	0.12026481	-5.50374461157839E-07	-2043220498609.65	1.68125140871774	0
-49.7	-0.0000000128675	-0.0000003	-6.74392	5.040046	5.16101355	0.12096755	-5.47177156187756E-07	-2047339894776.2	1.66812132244301	0
-49.8	-0.0000000128548	-0.0000003	-6.73831	5.03622053	5.15696893	0.1207484	-5.48170244905936E-07	-2051459290942.76	1.66779312676748	0
-49.9	-0.0000000130419	-0.0000003	-6.73293	5.0344503	5.15484826	0.12039796	-5.49765793373907E-07	-2055578687109.31	1.6692955406993	0
-50	-0.0000000129104	-0.0000003	-6.72634	5.03072319	5.15060053	0.11987734	-5.52153392792998E-07	-2059698083275.86	1.67319209937272	0
