-30	-0.000000000479805	0	0	0.240359971	0.190057522	-0.050302449	0	-1235818849965.52	0	0
-30.1	-0.00000000279295	0	0	0.413493845	1.80670851	1.393214665	0	-1239938246132.07	0	0
-30.2	-0.00000000251778	0	0	0.40601607	5.85374132	5.44772525	0	-1244057642298.62	0	0
-30.3	-0.00000000235039	0	0	2.66516638	7.05992267	4.39475629	0	-1248177038465.17	0	0
-30.4	-0.00000000268657	0	0	0.0972998038	1.84632204	1.7490222362	0	-1252296434631.72	0	0
-30.5	-0.00000000269228	0	0	0.353804786	5.8528597	5.499054914	0	-1256415830798.27	0	0
-30.6	-0.0000000025556	0	0	2.58327765	6.99746025	4.4141826	0	-1260535226964.83	0	0
-30.7	-0.00000000301815	0	0	0.0886958599	1.92499028	1.8362944201	0	-1264654623131.38	0	0
-30.8	-0.00000000281178	0	0	0.368157742	5.87154067	5.503382928	0	-1268774019297.93	0	0
-30.9	-0.00000000268443	0	0	2.56882282	6.97482554	4.40600272	0	-1272893415464.48	0	0
-31	-0.00000000258183	0	0	0.154946233	1.98622098	1.831274747	0	-1277012811631.03	0	0
-31.1	-0.00000000238791	0	0	0.406547034	5.9183478	5.511800766	0	-1281132207797.58	0	0
-31.2	-0.00000000271673	0	0	2.60223904	6.9966214	4.39438236	0	-1285251603964.14	0	0
-31.3	-0.0000000026917	0	0	0.17334194	2.04964569	1.87630375	0	-1289371000130.69	0	0
-31.4	-0.0000000025594	0	0	0.447057793	5.96517842	5.518120627	0	-1293490396297.24	0	0
-31.5	-0.00000000291982	0	0	2.64202254	7.03619624	4.3941737	0	-1297609792463.79	0	0
-31.6	-0.00000000275308	-0.0000003	-55.0036	0.181521155	2.14430141	1.962780255	-3.3722919227145E-08	-1301729188630.34	0.161694089121332	0
-31.7	-0.000000000954378	-0.0000003	-53.0494	2.00925685	2.57963023	0.57037338	-1.16047982463698E-07	-1305848584796.89	0.55466964183012	0
-31.8	-0.000000000751579	0	0	3.95773912	4.97454737	1.01680825	0	-1309967980963.45	0	0
-31.9	-0.00000000206454	-0.0000003	-41.1628	0.0849327649	2.12137466	2.0364418951	-3.25031026710191E-08	-1314087377130	0.154379703006645	0
-32	0.00000000715622	-0.0000003	-26.6428	1.85405675	2.50601334	0.65195659	-1.01526207442738E-07	-1318206773296.55	0.48071120948266	0
-32.1	0.00000000917174	-0.0000003	-54.1861	4.81240616	2.96108519	-1.85132097	3.57532167963289E-08	-1322326169463.1	-0.168758693459497	0
-32.2	-0.00000000366973	-0.0000003	-45.287	7.19066667	0.276474712	-6.914191958	9.57316204150431E-09	-1326445565629.65	-4.50459346955784E-02	0
-32.3	-0.0000000256451	-0.0000003	-11.4676	0.245076228	2.19376155	1.948685322	-3.396683869516E-08	-1330564961796.2	0.159334077751947	0
-32.4	-0.00000000844299	-0.0000003	-9.95774	2.00324116	2.61448926	0.6112481	-1.08287747642897E-07	-1334684357962.76	0.506396126276172	0
-32.5	-0.00000000846386	-0.0000003	-11.5295	4.09666912	4.9469747	0.850305580000001	-7.78434030739866E-08	-1338803754129.31	0.362906308037234	0
-32.6	-0.00000000842659	-0.0000003	-11.2653	6.5714785	7.38047539	0.80899689	-8.18182131701396E-08	-1342923150295.86	0.380266839422474	0
-32.7	-0.00000000846248	-0.0000003	-10.7889	7.9489734	8.12013767	0.17116427	-3.86708511069512E-07	-1347042546462.41	1.79181035617418	0
-32.8	-0.00000000804545	-0.0000003	-10.406	7.64931276	7.74558412	9.62713600000003E-02	-6.87542795697493E-07	-1351161942628.96	3.1760106970505	0
-32.9	-0.00000000783876	-0.0000003	-10.1959	7.32302621	7.44602195	0.122995739999999	-5.38154248269089E-07	-1355281338795.52	2.47837454300953	0
-33	-0.00000000762303	-0.0000003	-10.0989	7.12309439	7.27194261	0.14884822	-4.44685734233168E-07	-1359400734962.07	2.04171595148378	0
-33.1	-0.00000000748379	-0.0000003	-9.96313	7.01248437	7.16537786	0.15289349	-4.32920198237347E-07	-1363520131128.62	1.98169091933236	0
-33.2	-0.00000000779057	-0.0000003	-9.88541	6.93182265	7.0874228	0.15560015	-4.25389564213146E-07	-1367639527295.17	1.94135434562407	0
-33.3	-0.00000000772095	-0.0000003	-9.82973	6.86442455	7.02097118	0.15654663	-4.22817661421392E-07	-1371758923461.72	1.92382228328962	0
-33.4	-0.00000000764804	-0.0000003	-9.75427	6.81567303	6.97454051	0.15886748	-4.16640838011657E-07	-1375878319628.27	1.89004190714778	0
-33.5	-0.00000000783823	-0.0000003	-9.68794	6.76611559	6.92109805	0.15498246	-4.27084974648098E-07	-1379997715794.83	1.93163715354183	0
-33.6	-0.00000000759708	-0.0000003	-9.61633	6.71489093	6.87122293	0.156332	-4.2339815264949E-07	-1384117111961.38	1.90926295386675	0
-33.7	-0.00000000778575	-0.0000003	-9.54049	6.66791035	6.82450037	0.15659002	-4.22700501602847E-07	-1388236508127.93	1.90046084705893	0
-33.8	-0.00000000772617	-0.0000003	-9.49696	6.62679185	6.78173382	0.15494197	-4.27196582049395E-07	-1392355904294.48	1.91499274721801	0
-33.9	-0.00000000779387	-0.0000003	-9.43557	6.58559923	6.74085141	0.155252180000001	-4.26342998855151E-07	-1396475300461.03	1.90552873359771	0
-34	-0.00000000774126	-0.0000003	-9.36457	6.54574063	6.70009861	0.15435798	-4.28812815508468E-07	-1400594696627.58	1.91093055039424	0
-34.1	-0.00000000786243	-0.0000003	-9.31354	6.50760638	6.66019434	0.15258796	-4.33787043224118E-07	-1404714092794.14	1.92742843341384	0
-34.2	-0.0000000078643	-0.0000003	-9.26546	6.46869494	6.62254636	0.153851420000001	-4.30224693408743E-07	-1408833488960.69	1.90601051483583	0
-34.3	-0.0000000080415	-0.0000003	-9.19642	6.43084046	6.5837391	0.15289864	-4.32905616426673E-07	-1412952885127.24	1.9122962117973	0
-34.4	-0.0000000082267	-0.0000003	-9.15794	6.39693021	6.55003925	0.15310904	-4.32310724435343E-07	-1417072281293.79	1.90411700332691	0
-34.5	-0.00000000825435	-0.0000003	-9.12148	6.36636165	6.51963472	0.15327307	-4.31848073506977E-07	-1421191677460.34	1.89656597938945	0
-34.6	-0.00000000822692	-0.0000003	-9.08488	6.33793114	6.49143813	0.153506989999999	-4.31190006396453E-07	-1425311073626.89	1.88820286563519	0
-34.7	-0.00000000794237	-0.0000003	-9.04372	6.31005963	6.46315864	0.15309901	-4.32339046477178E-07	-1429430469793.45	1.88777856290795	0
-34.8	-0.00000000831267	-0.0000003	-8.985	6.2818465	6.43272387	0.15087737	-4.38705155054068E-07	-1433549865960	1.91007120800274	0
-34.9	-0.00000000813777	-0.0000003	-8.94222	6.25027028	6.40290306	0.15263278	-4.33659663409131E-07	-1437669262126.55	1.88269368502705	0
-35	-0.00000000826485	-0.0000003	-8.93044	6.22802604	6.38136319	0.15333715	-4.31667603056401E-07	-1441788658293.1	1.86869092232208	0
-35.1	-0.00000000833412	-0.0000003	-8.89106	6.21051452	6.36534395	0.154829429999999	-4.27507096034651E-07	-1445908054459.65	1.84540747662372	0
-35.2	-0.00000000835648	-0.0000003	-8.85108	6.19182054	6.34408389	0.15226335	-4.34711833149605E-07	-1450027450626.21	1.87117696775829	0
-35.3	-0.00000000820338	-0.0000003	-8.8214	6.17227839	6.32487522	0.15259683	-4.33761828473107E-07	-1454146846792.76	1.8617985598468	0
-35.4	-0.00000000833207	-0.0000003	-8.79305	6.15317912	6.30678522	0.1536061	-4.30911793216545E-07	-1458266242959.31	1.84434083725623	0
-35.5	-0.00000000839243	-0.0000003	-8.75442	6.13513665	6.28774913	0.15261248	-4.33717347362417E-07	-1462385639125.86	1.85111970705257	0
-35.6	-0.00000000826627	-0.0000003	-8.73627	6.1190313	6.27105505	0.152023750000001	-4.35396969223557E-07	-1466505035292.41	1.85306847643666	0
-35.7	-0.00000000829074	-0.0000003	-8.69676	6.10064252	6.25221325	0.15157073	-4.36698299203284E-07	-1470624431458.96	1.85340081149004	0
-35.8	-0.00000000846181	-0.0000003	-8.66311	6.08170743	6.23297923	0.1512718	-4.37561263897171E-07	-1474743827625.51	1.85187601107656	0
-35.9	-0.00000000863079	-0.0000003	-8.62991	6.06005088	6.21110942	0.151058539999999	-4.38179000008873E-07	-1478863223792.07	1.84932472359615	0
-36	-0.00000000849136	-0.0000003	-8.61148	6.04442583	6.19549164	0.15106581	-4.38157912766627E-07	-1482982619958.62	1.8440989594555	0
-36.1	-0.00000000846368	-0.0000003	-8.57592	6.02642727	6.17741213	0.150984859999999	-4.38392829585696E-07	-1487102016125.17	1.83997662043858	0
-36.2	-0.00000000843166	-0.0000003	-8.55544	6.00944689	6.16068065	0.151233759999999	-4.37671324180529E-07	-1491221412291.72	1.83187395019475	0
-36.3	-0.00000000861191	-0.0000003	-8.54036	5.99578182	6.1478831	0.152101279999999	-4.35175036002329E-07	-1495340808458.27	1.81640803073015	0
-36.4	-0.00000000870032	-0.0000003	-8.49787	5.98108453	6.13305272	0.15196819	-4.35556151586724E-07	-1499460204624.83	1.81300429398403	0
-36.5	-0.00000000863634	-0.0000003	-8.48233	5.96393452	6.11449071	0.150556190000001	-4.39641040331851E-07	-1503579600791.38	1.82499394077148	0
-36.6	-0.0000000088116	-0.0000003	-8.45378	5.94670576	6.09772062	0.151014859999999	-4.38305740243049E-07	-1507698996957.93	1.81447979898596	0
-36.7	-0.0000000088038	-0.0000003	-8.41539	5.93180526	6.08247997	0.15067471	-4.39295220810448E-07	-1511818393124.48	1.81362076133452	0
-36.8	-0.0000000087253	-0.0000003	-8.39256	5.91539245	6.06620386	0.15081141	-4.38897030403733E-07	-1515937789291.03	1.80705299079271	0
-36.9	-0.00000000891618	-0.0000003	-8.36762	5.89974679	6.05056885	0.15082206	-4.38866038562262E-07	-1520057185457.58	1.80202857256411	0
-37	-0.0000000087685	-0.0000003	-8.33837	5.88552315	6.03687271	0.15134956	-4.37336454760754E-07	-1524176581624.14	1.79089457313986	0
-37.1	-0.00000000885875	-0.0000003	-8.31874	5.87371482	6.02465595	0.15094113	-4.38519838827231E-07	-1528295977790.69	1.79090026475223	0
-37.2	-0.00000000896349	-0.0000003	-8.27578	5.85765772	6.00753709	0.14987937	-4.41626355915428E-07	-1532415373957.24	1.79873882337662	0
-37.3	-0.00000000901841	-0.0000003	-8.26933	5.84118884	5.98955601	0.14836717	-4.46127536165851E-07	-1536534770123.79	1.81220056936327	0
-37.4	-0.00000000894178	-0.0000003	-8.22724	5.82064048	5.97054397	0.14990349	-4.41555296677883E-07	-1540654166290.34	1.78883202348843	0
-37.5	-0.00000000894667	-0.0000003	-8.21283	5.805161	5.95441654	0.14925554	-4.43472182004097E-07	-1544773562456.89	1.79180679597615	0
-37.6	-0.00000000913954	-0.0000003	-8.18734	5.79169189	5.94110384	0.14941195	-4.43007938789367E-07	-1548892958623.45	1.78517061085335	0
-37.7	-0.00000000909951	-0.0000003	-8.16266	5.77702418	5.92674121	0.149717030000001	-4.42105216754565E-07	-1553012354790	1.77680739793652	0
-37.8	-0.00000000912296	-0.0000003	-8.15779	5.76474882	5.91610343	0.151354609999999	-4.37321862875536E-07	-1557131750956.55	1.75293355329299	0
-37.9	-0.00000000924137	-0.0000003	-8.12758	5.75849121	5.90993298	0.15144177	-4.37070168950086E-07	-1561251147123.1	1.74730218657586	0
-38	-0.00000000932423	-0.0000003	-8.12444	5.75140247	5.90188252	0.15048005	-4.39863490210165E-07	-1565370543289.65	1.75384166750465	0
-38.1	-0.00000000911033	-0.0000003	-8.09889	5.73971895	5.89053816	0.15081921	-4.38874331724719E-07	-1569489939456.2	1.74530474717537	0
-38.2	-0.00000000926944	-0.0000003	-8.09181	5.73430186	5.88441685	0.15011499	-4.40933180623735E-07	-1573609335622.76	1.74890203325295	0
-38.3	-0.0000000092883	-0.0000003	-8.05891	5.7241948	5.87394823	0.14975343	-4.41997755911168E-07	-1577728731789.31	1.74854717901404	0
-38.4	-0.00000000926639	-0.0000003	-8.04785	5.71301145	5.86158196	0.14857051	-4.45516946801893E-07	-1581848127955.86	1.75787936711605	0
-38.5	-0.00000000918964	-0.0000003	-8.02724	5.70295351	5.85240729	0.14945378	-4.42883947130678E-07	-1585967524122.41	1.74295138579566	0
-38.6	-0.0000000092756	-0.0000003	-8.00465	5.69502647	5.84369048	0.14866401	-4.45236745598346E-07	-1590086920288.96	1.74767132045198	0
-38.7	-0.00000000951157	-0.0000003	-7.97985	5.68353867	5.83149313	0.14795446	-4.47371981892265E-07	-1594206316455.51	1.75151508062119	0
-38.8	-0.00000000935069	-0.0000003	-7.96159	5.66916815	5.81621424	0.14704609	-4.50135600341363E-07	-1598325712622.07	1.7577928785589	0
-38.9	-0.00000000955532	-0.0000003	-7.93784	5.65347633	5.80049982	0.14702349	-4.50204793805399E-07	-1602445108788.62	1.75354363872166	0
-39	-0.00000000958806	-0.0000003	-7.92923	5.64197705	5.79130449	0.14932744	-4.43258653600438E-07	-1606564504955.17	1.72206159129929	0
-39.1	-0.00000000937942	-0.0000003	-7.92387	5.63935043	5.79015609	0.15080566	-4.38913764907764E-07	-1610683901121.72	1.70082060337814	0
-39.2	-0.00000000961921	-0.0000003	-7.89659	5.63874946	5.78756513	0.14881567	-4.44782998994661E-07	-1614803297288.27	1.71916743581734	0
-39.3	-0.00000000960731	-0.0000003	-7.88303	5.63216508	5.77950406	0.14733898	-4.49240791540705E-07	-1618922693454.83	1.73197930272459	0
-39.4	-0.00000000959424	-0.0000003	-7.86848	5.62108094	5.76866014	0.1475792	-4.48509546060691E-07	-1623042089621.38	1.72477136617709	0
-39.5	-0.00000000954505	-0.0000003	-7.84825	5.61073182	5.75798171	0.14724989	-4.49512593863397E-07	-1627161485787.93	1.72425237385269	0
-39.6	-0.0000000096951	-0.0000003	-7.83756	5.60088932	5.74860291	0.14771359	-4.48101491541843E-07	-1631280881954.48	1.71449912588706	0
-39.7	-0.0000000095005	-0.0000003	-7.8219	5.59318866	5.74099075	0.14780209	-4.47833180166803E-07	-1635400278121.03	1.70915647724144	0
-39.8	-0.00000000966578	-0.0000003	-7.80171	5.58507408	5.73202504	0.14695096	-4.50426999592245E-07	-1639519674287.58	1.71473656004357	0
-39.9	-0.00000000978498	-0.0000003	-7.78635	5.5761863	5.72302626	0.14683996	-4.5076748863184E-07	-1643639070454.14	1.71173193829969	0
-40	-0.00000000983629	-0.0000003	-7.76943	5.56697381	5.714868	0.14789419	-4.47554295405385E-07	-1647758466620.69	1.69528142199009	0
-40.1	-0.00000000982343	-0.0000003	-7.75827	5.56087963	5.70792378	0.14704415	-4.50141539122773E-07	-1651877862787.24	1.70082951380176	0
-40.2	-0.0000000098999	-0.0000003	-7.73873	5.55281719	5.69927283	0.14645564	-4.51950365311981E-07	-1655997258953.79	1.70341612133266	0
-40.3	-0.00000000989124	-0.0000003	-7.71614	5.54251726	5.68822272	0.145705459999999	-4.54277279657195E-07	-1660116655120.34	1.70793773839084	0
-40.4	-0.00000000989988	-0.0000003	-7.7134	5.53357124	5.68045523	0.14688399	-4.50632366400177E-07	-1664236051286.89	1.69004037803847	0
-40.5	-0.00000000986989	-0.0000003	-7.69649	5.52668508	5.67311052	0.14642544	-4.52043579312448E-07	-1668355447453.45	1.69114694841918	0
-40.6	-0.00000000999302	-0.0000003	-7.68138	5.52024463	5.66590827	0.14566364	-4.54407702567365E-07	-1672474843620	1.69580423409227	0
-40.7	-0.0000000100233	-0.0000003	-7.66444	5.51069305	5.65697308	0.14628003	-4.52492934271343E-07	-1676594239786.55	1.68450947163779	0
-40.8	-0.00000000999183	-0.0000003	-7.65495	5.50375609	5.64900162	0.14524553	-4.55715780031236E-07	-1680713635953.1	1.69234915341368	0
-40.9	-0.0000000100858	-0.0000003	-7.63507	5.49682835	5.64224624	0.14541789	-4.55175632104138E-07	-1684833032119.65	1.6862103878793	0
-41	-0.0000000101013	-0.0000003	-7.61718	5.48705247	5.63182818	0.14477571	-4.57194649572086E-07	-1688952428286.2	1.68955894150808	0
-41.1	-0.0000000100953	-0.0000003	-7.59914	5.47665929	5.62072954	0.14407025	-4.59433366708254E-07	-1693071824452.76	1.69370112330699	0
-41.2	-0.0000000101671	-0.0000003	-7.58528	5.465889	5.60974967	0.14386067	-4.60102681295727E-07	-1697191220619.31	1.69205163759829	0
-41.3	-0.0000000103608	-0.0000003	-7.57182	5.45728975	5.60122411	0.14393436	-4.59867122763459E-07	-1701310616785.86	1.68709047899134	0
-41.4	-0.0000000103071	-0.0000003	-7.55376	5.44825578	5.59174884	0.14349306	-4.61281402738223E-07	-1705430012952.41	1.68819134364743	0
-41.5	-0.0000000103246	-0.0000003	-7.53001	5.43778548	5.58016047	0.14237499	-4.64903843013438E-07	-1709549409118.96	1.69734882443752	0
-41.6	-0.0000000102816	-0.0000003	-7.52501	5.42695459	5.57045549	0.143500899999999	-4.61256201180622E-07	-1713668805285.51	1.6799832502208	0
-41.7	-0.0000000103206	-0.0000003	-7.51216	5.42072827	5.56454277	0.1438145	-4.60250391998024E-07	-1717788201452.07	1.67229994912442	0
-41.8	-0.0000000104588	-0.0000003	-7.49451	5.41608696	5.55940555	0.14331859	-4.6184294724083E-07	-1721907597618.62	1.67407186907652	0
-41.9	-0.0000000105603	-0.0000003	-7.47741	5.40715508	5.54905436	0.141899280000001	-4.66462409111588E-07	-1726026993785.17	1.68678096879868	0
-42	-0.0000000104757	-0.0000003	-7.47355	5.39948219	5.5421241	0.14264191	-4.64033887375737E-07	-1730146389951.72	1.67400392271189	0
-42.1	-0.000000010534	-0.0000003	-7.46276	5.39322216	5.53656497	0.14334281	-4.617649116827E-07	-1734265786118.27	1.66186177097351	0
-42.2	-0.0000000106285	-0.0000003	-7.43548	5.38628493	5.52727596	0.140991029999999	-4.69467312920547E-07	-1738385182284.83	1.68557846086653	0
-42.3	-0.0000000104999	-0.0000003	-7.42611	5.37599718	5.51753369	0.14153651	-4.67657991566982E-07	-1742504578451.38	1.6751128002256	0
-42.4	-0.0000000106727	-0.0000003	-7.41115	5.36673942	5.50865059	0.14191117	-4.66423326648635E-07	-1746623974617.93	1.6667500237587	0
-42.5	-0.0000000107331	-0.0000003	-7.40488	5.3605129	5.50079185	0.14027895	-4.71850409487668E-07	-1750743370784.48	1.68217614790612	0
-42.6	-0.0000000107322	-0.0000003	-7.37681	5.34928889	5.48984386	0.140554969999999	-4.70923795864354E-07	-1754862766951.03	1.67493169677178	0
-42.7	-0.0000000108033	-0.0000003	-7.36492	5.33933017	5.47942028	0.14009011	-4.72486458894207E-07	-1758982163117.58	1.67655403766307	0
-42.8	-0.0000000107781	-0.0000003	-7.35614	5.33223966	5.47250746	0.1402678	-4.71887917255421E-07	-1763101559284.14	1.67051797385805	0
-42.9	-0.0000000108164	-0.0000003	-7.34935	5.32858943	5.46910934	0.14051991	-4.71041292298009E-07	-1767220955450.69	1.66363386415911	0
-43	-0.0000000107181	-0.0000003	-7.33065	5.32322464	5.463514	0.14028936	-4.718153964064E-07	-1771340351617.24	1.66249258776039	0
-43.1	-0.0000000109116	-0.0000003	-7.31321	5.31550346	5.45398558	0.13848212	-4.77972752005819E-07	-1775459747783.79	1.68028106589966	0
-43.2	-0.0000000109045	-0.0000003	-7.29801	5.30491326	5.4438183	0.13890504	-4.76517482734968E-07	-1779579143950.34	1.6712874675048	0
-43.3	-0.0000000110563	-0.0000003	-7.29636	5.29834959	5.4377521	0.13940251	-4.74816988589373E-07	-1783698540116.89	1.66147732027914	0
-43.4	-0.0000000108521	-0.0000003	-7.28436	5.29461607	5.43305568	0.13843961	-4.78119520851006E-07	-1787817936283.45	1.66917860931087	0
-43.5	-0.0000000110111	-0.0000003	-7.25525	5.28391505	5.42056842	0.13665337	-4.84369174356987E-07	-1791937332450	1.68710962855098	0
-43.6	-0.0000000110736	-0.0000003	-7.241	5.27100928	5.40665858	0.1356493	-4.87954453137613E-07	-1796056728616.55	1.69569937843207	0
-43.7	-0.0000000110317	-0.0000003	-7.21535	5.25404085	5.38931467	0.13527382	-4.89308869964639E-07	-1800176124783.1	1.69651504737757	0
-43.8	-0.0000000111459	-0.0000003	-7.18894	5.2385798	5.37277121	0.13419141	-4.93255715846492E-07	-1804295520949.65	1.70629485210493	0
-43.9	-0.0000000110872	-0.0000003	-7.1852	5.2232539	5.3599309	0.136677000000001	-4.84285432077085E-07	-1808414917116.2	1.67144830564328	0
-44	-0.0000000111521	-0.0000003	-7.15905	5.21287678	5.34856149	0.13568471	-4.87827110364905E-07	-1812534313282.76	1.67984542136675	0
-44.1	-0.0000000111609	-0.0000003	-7.15217	5.20358023	5.33891896	0.13533873	-4.89074191844419E-07	-1816653709449.31	1.68032086801491	0
-44.2	-0.0000000111289	-0.0000003	-7.13883	5.19287277	5.32887792	0.13600515	-4.86677747129429E-07	-1820773105615.86	1.66830435736127	0
-44.3	-0.0000000112218	-0.0000003	-7.11823	5.1853512	5.32083887	0.13548767	-4.88536558345125E-07	-1824892501782.41	1.67089595165581	0
-44.4	-0.0000000112756	-0.0000003	-7.10998	5.17885253	5.31407615	0.13522362	-4.89490519481731E-07	-1829011897948.96	1.67038806811947	0
-44.5	-0.000000011458	-0.0000003	-7.10065	5.17145177	5.30677304	0.13532127	-4.89137295267771E-07	-1833131294115.51	1.66543171694849	0
-44.6	-0.000000011375	-0.0000003	-7.08447	5.16504937	5.30032554	0.13527617	-4.89300369754702E-07	-1837250690282.07	1.662251561879	0
-44.7	-0.0000000114267	-0.0000003	-7.07143	5.15771844	5.29294901	0.13523057	-4.89465362750449E-07	-1841370086448.62	1.65909213867009	0
-44.8	-0.0000000115146	-0.0000003	-7.06692	5.15233233	5.28790979	0.135577459999999	-4.88213011218828E-07	-1845489482615.17	1.65115331175199	0
-44.9	-0.0000000113289	-0.0000003	-7.05906	5.14852779	5.28432221	0.13579442	-4.87432988778184E-07	-1849608878781.72	1.64484372267728	0
-45	-0.0000000114874	-0.0000003	-7.04767	5.14484683	5.27956343	0.1347166	-4.91332768196347E-07	-1853728274948.27	1.65431908483619	0
-45.1	-0.0000000115581	-0.0000003	-7.03784	5.13899257	5.27266424	0.13367167	-4.95173584649612E-07	-1857847671114.82	1.6635543393456	0
-45.2	-0.0000000115804	-0.0000003	-7.03192	5.13470634	5.26921627	0.13450993	-4.92087684530056E-07	-1861967067281.38	1.6495296477945	0
-45.3	-0.000000011503	-0.0000003	-7.02281	5.1323543	5.26748042	0.13512612	-4.89843710453613E-07	-1866086463447.93	1.63838286993649	0
-45.4	-0.00000001167	-0.0000003	-7.00898	5.13123369	5.26412542	0.13289173	-4.98079752592581E-07	-1870205859614.48	1.66226055464084	0
-45.5	-0.0000000115433	-0.0000003	-7.00657	5.12478152	5.25693887	0.13215735	-5.00847512453905E-07	-1874325255781.03	1.66782388429539	0
-45.6	-0.0000000116362	-0.0000003	-6.99177	5.11771306	5.24912105	0.13140799	-5.03703618022007E-07	-1878444651947.58	1.67365635972225	0
-45.7	-0.0000000115803	-0.0000003	-6.98298	5.11187484	5.24360602	0.13173118	-5.02467828801047E-07	-1882564048114.14	1.66589691930591	0
-45.8	-0.0000000117478	-0.0000003	-6.97367	5.1060519	5.23621117	0.13015927	-5.08536042035269E-07	-1886683444280.69	1.68233439868754	0
-45.9	-0.0000000117308	-0.0000003	-6.9444	5.09658876	5.22553627	0.12894751	-5.13314913952198E-07	-1890802840447.24	1.69444416040205	0
-46	-0.0000000118	-0.0000003	-6.93052	5.08439872	5.21393922	0.1295405	-5.10965142175613E-07	-1894922236613.79	1.6830208899065	0
-46.1	-0.0000000119691	-0.0000003	-6.92506	5.07716696	5.20699745	0.129830490000001	-5.09823848003652E-07	-1899041632780.34	1.67561903636249	0
-46.2	-0.0000000119109	-0.0000003	-6.90747	5.07123838	5.20036747	0.12912909	-5.12593095792744E-07	-1903161028946.89	1.68107403841252	0
-46.3	-0.0000000120133	-0.0000003	-6.89658	5.06215611	5.19071065	0.12855454	-5.14884032878187E-07	-1907280425113.45	1.68494022147453	0
-46.4	-0.0000000118159	-0.0000003	-6.89487	5.05329996	5.18274359	0.12944363	-5.11347526332505E-07	-1911399821280	1.66976073123206	0
-46.5	-0.0000000120038	-0.0000003	-6.88054	5.04791043	5.17774769	0.12983726	-5.09797264668091E-07	-1915519217446.55	1.66111849028378	0
-46.6	-0.0000000119532	-0.0000003	-6.86951	5.04494393	5.17387337	0.12892944	-5.13386857183277E-07	-1919638613613.1	1.66922505261828	0
-46.7	-0.0000000121522	-0.0000003	-6.83892	5.03632875	5.16576562	0.12943687	-5.11374232087039E-07	-1923758009779.65	1.65912086200454	0
-46.8	-0.0000000119504	-0.0000003	-6.85962	5.03481571	5.16452643	0.129710719999999	-5.10294600168747E-07	-1927877405946.2	1.65208042012674	0
-46.9	-0.0000000121382	-0.0000003	-6.85932	5.03524961	5.16603848	0.13078887	-5.06088018040067E-07	-1931996802112.76	1.63496807533782	0
-47	-0.0000000120833	-0.0000003	-6.84439	5.03607623	5.16397248	0.12789625	-5.17534173206798E-07	-1936116198279.31	1.66838869505738	0
-47.1	-0.0000000123488	-0.0000003	-6.82903	5.02895849	5.15547544	0.12651695	-5.23176380714204E-07	-1940235594445.86	1.68299678541531	0
-47.2	-0.0000000121874	-0.0000003	-6.82033	5.02130004	5.14743057	0.12613053	-5.24779210869881E-07	-1944354990612.41	1.68457630607949	0
-47.3	-0.0000000123443	-0.0000003	-6.805	5.01386364	5.14158141	0.127717769999999	-5.1825740458826E-07	-1948474386778.96	1.66012366131161	0
-47.4	-0.0000000124462	-0.0000003	-6.79769	5.00824234	5.13499956	0.12675722	-5.22184692911378E-07	-1952593782945.51	1.66917495496541	0
-47.5	-0.0000000123106	-0.0000003	-6.78071	5.00315885	5.12856757	0.12540872	-5.27799661777904E-07	-1956713179112.07	1.68357148892473	0
-47.6	-0.000000012382	-0.0000003	-6.77149	4.99457519	5.12025282	0.12567763	-5.26670339025329E-07	-1960832575278.62	1.67643983646973	0
-47.7	-0.0000000121918	-0.0000003	-6.76918	4.98970669	5.11543834	0.12573165	-5.26444057641812E-07	-1964951971445.17	1.67220652322537	0
-47.8	-0.0000000123563	-0.0000003	-6.75332	4.98414426	5.10887732	0.124733060000001	-5.30658672207671E-07	-1969071367611.72	1.68206755486139	0
-47.9	-0.0000000124591	-0.0000003	-6.74858	4.97746004	5.10125861	0.12379857	-5.34664334167996E-07	-1973190763778.27	1.69122646349085	0
-48	-0.0000000124121	-0.0000003	-6.7297	4.97008916	5.09588614	0.125796980000001	-5.26170660058769E-07	-1977310159944.82	1.66089223503399	0
-48.1	-0.0000000125982	-0.0000003	-6.73645	4.96949228	5.09527073	0.12577845	-5.26248176853824E-07	-1981429556111.38	1.65768341477296	0
-48.2	-0.0000000126587	-0.0000003	-6.7295	4.96842087	5.09296647	0.1245456	-5.31457393918371E-07	-1985548952277.93	1.67061924405372	0
-48.3	-0.0000000125291	-0.0000003	-6.72389	4.96582449	5.08939615	0.12357166	-5.35646118211896E-07	-1989668348444.48	1.68030026416932	0
-48.4	-0.000000012644	-0.0000003	-6.71255	4.96112928	5.08415117	0.12302189	-5.38039856158931E-07	-1993787744611.03	1.6843221141965	0
-48.5	-0.0000000125335	-0.0000003	-6.69174	4.95438132	5.07593058	0.121549259999999	-5.44558477772719E-07	-1997907140777.58	1.70121361378544	0
-48.6	-0.0000000125292	-0.0000003	-6.69186	4.94770223	5.07036173	0.1226595	-5.39629462047374E-07	-2002026536944.14	1.68234649597012	0
-48.7	-0.0000000127621	-0.0000003	-6.67698	4.94410738	5.0663437	0.12223632	-5.41497649798358E-07	-2006145933110.69	1.6847042803757	0
-48.8	-0.0000000126574	-0.0000003	-6.66772	4.93987421	5.06180051	0.1219263	-5.42874506976755E-07	-2010265329277.24	1.68552690939132	0
-48.9	-0.0000000127442	-0.0000003	-6.65506	4.9324591	5.05291858	0.12045948	-5.49485021851331E-07	-2014384725443.79	1.70256250186321	0
-49	-0.0000000128431	-0.0000003	-6.64714	4.92477298	5.04552992	0.12075694	-5.48131477992074E-07	-2018504121610.34	1.69490252935088	0
-49.1	-0.0000000127735	-0.0000003	-6.64423	4.9186141	5.039375	0.1207609	-5.48113503625761E-07	-2022623517776.89	1.69139512320484	0
-49.2	-0.0000000128806	-0.0000003	-6.62951	4.91334584	5.0338357	0.12048986	-5.49346476126704E-07	-2026742913943.45	1.69175436107016	0
-49.3	-0.0000000128778	-0.0000003	-6.62179	4.90843632	5.02851115	0.12007483	-5.51245252647869E-07	-2030862310110	1.6941583768144	0
-49.4	-0.0000000128997	-0.0000003	-6.61056	4.90324356	5.02312025	0.11987669	-5.52156386700367E-07	-2034981706276.55	1.6935234532584	0
-49.5	-0.0000000128667	-0.0000003	-6.60253	4.89881249	5.01867075	0.11985826	-5.52241289002527E-07	-2039101102443.1	1.69036207224526	0
-49.6	-0.0000000129354	-0.0000003	-6.59801	4.89409582	5.01349948	0.11940366	-5.54343811571606E-07	-2043220498609.65	1.6933767460032	0
-49.7	-0.0000000129183	-0.0000003	-6.59076	4.89151661	5.01084512	0.11932851	-5.54692922923449E-07	-2047339894776.2	1.69103384831245	0
-49.8	-0.0000000129335	-0.0000003	-6.58328	4.88978595	5.00845454	0.11866859	-5.57777588829532E-07	-2051459290942.76	1.69702321050728	0
-49.9	-0.0000000130027	-0.0000003	-6.57665	4.88661501	5.00481352	0.11819851	-5.59995891657179E-07	-2055578687109.31	1.70035796337274	0
-50	-0.000000013099	-0.0000003	-6.56848	4.88351078	5.00052743	0.11701665	-5.65651811088422E-07	-2059698083275.86	1.71409639723764	0
