-30	-0.0000000328544	-0.0000003	-9.47935	1.11150637	2.70438945	1.59288308	-4.15540103546081E-08	-1235818849965.52	0.209868739164687	0
-30.1	-0.000000000052619	-0.0000003	-40.5201	0.0417269554	2.59580124	2.5540742846	-2.59157223417902E-08	-1239938246132.07	0.130452644426609	0
-30.2	0.00000000428736	-0.0000003	-17.0438	2.2346827	3.11042839	0.87574569	-7.55820790850823E-08	-1244057642298.62	0.379199674318093	0
-30.3	0.0000000240488	0	0	4.05750841	2.95867625	-1.09883216	0	-1248177038465.17	0	0
-30.4	0.00000000660393	-0.0000003	-60.4489	0.0524697612	2.57342803	2.5209582688	-2.62561585485933E-08	-1252296434631.72	0.130862034233419	0
-30.5	-3.18289E-11	-0.0000003	-10.8307	2.54794861	3.50381799	0.95586938	-6.92465742547376E-08	-1256415830798.27	0.343996891479074	0
-30.6	0.00000000542922	-0.0000003	-41.715	0.144386495	2.72110993	2.576723435	-2.5687925642668E-08	-1260535226964.83	0.127193135485581	0
-30.7	-0.00000000159572	-0.0000003	-9.77404	2.59967093	3.54175781	0.94208688	-7.0259634652804E-08	-1264654623131.38	0.346755673935465	0
-30.8	-0.00000000176797	-0.0000003	-17.0204	5.20631988	0.41502109	-4.79129879	1.38147677490178E-08	-1268774019297.93	-6.79593061246448E-02	0
-30.9	-0.0000000103805	-0.0000003	-10.9285	0.289496636	2.79052718	2.501030544	-2.64653625117823E-08	-1272893415464.48	0.129770336921557	0
-31	-0.00000000567963	-0.0000003	-9.38795	2.60498401	3.39946689	0.79448288	-8.33129091466389E-08	-1277012811631.03	0.407198969436163	0
-31.1	-0.00000000672957	-0.0000003	-10.93	4.29583595	5.33438598	1.03855003	-6.37337423214941E-08	-1281132207797.58	0.310502495963627	0
-31.2	-0.0000000073854	-0.0000003	-10.6546	6.25114397	7.09136984	0.840225869999999	-7.87772459326919E-08	-1285251603964.14	0.382562383123018	0
-31.3	-0.00000000703622	-0.0000003	-10.4044	7.37797107	7.66529702	0.28732595	-2.30367914906398E-07	-1289371000130.69	1.11515110323554	0
-31.4	-0.00000000710502	-0.0000003	-10.2166	7.20754737	7.44745237	0.239904999999999	-2.75903711885956E-07	-1293490396297.24	1.33132460859851	0
-31.5	-0.00000000716082	-0.0000003	-10.0807	7.0408758	7.27524199	0.234366189999999	-2.824241841368E-07	-1297609792463.79	1.35846168415969	0
-31.6	-0.00000000699296	-0.0000003	-9.93056	6.91829365	7.15182479	0.23353114	-2.83434063654209E-07	-1301729188630.34	1.35900490820008	0
-31.7	-0.00000000699706	-0.0000003	-9.83127	6.81608032	7.04763091	0.231550589999999	-2.85858394919228E-07	-1305848584796.89	1.36630530025441	0
-31.8	-0.00000000707322	-0.0000003	-9.70145	6.72727789	6.95455512	0.22727723	-2.91233222087404E-07	-1309967980963.45	1.38761779153518	0
-31.9	-0.00000000703878	-0.0000003	-9.65102	6.65588786	6.88036839	0.22448053	-2.94861563272325E-07	-1314087377130	1.400501392953	0
-32	-0.00000000709845	-0.0000003	-9.57177	6.59137256	6.81795289	0.22658033	-2.9212897695047E-07	-1318206773296.55	1.38318644389427	0
-32.1	-0.00000000705236	-0.0000003	-9.51163	6.54630077	6.76964311	0.223342339999999	-2.96364227221763E-07	-1322326169463.1	1.3988682489463	0
-32.2	-0.00000000721481	-0.0000003	-9.45293	6.50456298	6.72593046	0.22136748	-2.99008146996118E-07	-1326445565629.65	1.40696474212365	0
-32.3	-0.00000000713935	-0.0000003	-9.37823	6.46217391	6.6800776	0.21790369	-3.03761170818172E-07	-1330564961796.2	1.42490463841905	0
-32.4	-0.00000000722231	-0.0000003	-9.31528	6.4183068	6.63394937	0.21564257	-3.06946258338509E-07	-1334684357962.76	1.43540150738173	0
-32.5	-0.00000000724436	-0.0000003	-9.27082	6.37977978	6.59316668	0.213386900000001	-3.101909254973E-07	-1338803754129.31	1.44611154077995	0
-32.6	-0.00000000737337	-0.0000003	-9.24585	6.34818455	6.56387855	0.215694	-3.06873070182759E-07	-1342923150295.86	1.42625520627793	0
-32.7	-0.00000000728538	-0.0000003	-9.2063	6.32722345	6.5385983	0.21137485	-3.13143593005506E-07	-1347042546462.41	1.45094797982349	0
-32.8	-0.00000000724641	-0.0000003	-9.13656	6.30069393	6.50939275	0.20869882	-3.17158860792793E-07	-1351161942628.96	1.46507234290832	0
-32.9	-0.00000000740505	-0.0000003	-9.09174	6.26844173	6.47487983	0.2064381	-3.20632092622438E-07	-1355281338795.52	1.47661459253218	0
-33	-0.00000000732611	-0.0000003	-9.07604	6.23943701	6.44773328	0.20829627	-3.17771796873751E-07	-1359400734962.07	1.4590073318354	0
-33.1	-0.00000000740795	-0.0000003	-9.03466	6.21903885	6.42583722	0.20679837	-3.20073509283462E-07	-1363520131128.62	1.46513553640695	0
-33.2	-0.0000000072562	-0.0000003	-8.99312	6.20081645	6.40552997	0.20471352	-3.23333212188427E-07	-1367639527295.17	1.47559881429549	0
-33.3	-0.00000000749235	-0.0000003	-8.92616	6.17340774	6.37470836	0.20130062	-3.2881508263611E-07	-1371758923461.72	1.49611012210442	0
-33.4	-0.00000000744798	-0.0000003	-8.90849	6.14359903	6.34428693	0.2006879	-3.29818987592176E-07	-1375878319628.27	1.49618484663481	0
-33.5	-0.00000000743175	-0.0000003	-8.86766	6.11692685	6.31726836	0.20034151	-3.30389243846669E-07	-1379997715794.83	1.4942978012061	0
-33.6	-0.0000000075343	-0.0000003	-8.82013	6.09451327	6.29378782	0.19927455	-3.32158220906784E-07	-1384117111961.38	1.497827475229	0
-33.7	-0.00000000766013	-0.0000003	-8.7848	6.06964071	6.26647216	0.19683145	-3.362810160673E-07	-1388236508127.93	1.51191896442451	0
-33.8	-0.00000000761509	-0.0000003	-8.74132	6.04350895	6.23973516	0.196226210000001	-3.37318241023968E-07	-1392355904294.48	1.51209539637784	0
-33.9	-0.00000000768269	-0.0000003	-8.70012	6.01816236	6.21378038	0.19561802	-3.38366986845076E-07	-1396475300461.03	1.51232227963295	0
-34	-0.0000000077057	-0.0000003	-8.66423	5.9930729	6.1872327	0.1941598	-3.40908262163434E-07	-1400594696627.58	1.51919902924881	0
-34.1	-0.00000000761646	-0.0000003	-8.6343	5.96880598	6.16251034	0.19370436	-3.41709809732729E-07	-1404714092794.14	1.51830538404305	0
-34.2	-0.00000000778344	-0.0000003	-8.59271	5.94735199	6.14069033	0.19333834	-3.42356720348379E-07	-1408833488960.69	1.51673188174898	0
-34.3	-0.00000000785705	-0.0000003	-8.571	5.92806386	6.12142803	0.19336417	-3.42310987604374E-07	-1412952885127.24	1.51210790531131	0
-34.4	-0.00000000793055	-0.0000003	-8.54542	5.9114889	6.10415207	0.192663169999999	-3.43556477348526E-07	-1417072281293.79	1.51319801510098	0
-34.5	-0.00000000788175	-0.0000003	-8.52216	5.89789944	6.08864733	0.19074789	-3.47006092701733E-07	-1421191677460.34	1.52396175977924	0
-34.6	-0.00000000777568	-0.0000003	-8.48962	5.88167084	6.07326512	0.19159428	-3.4547315295634E-07	-1425311073626.89	1.51284442527737	0
-34.7	-0.00000000781649	-0.0000003	-8.47005	5.86800045	6.05792708	0.18992663	-3.48506578566682E-07	-1429430469793.45	1.52172988632732	0
-34.8	-0.00000000789977	-0.0000003	-8.43866	5.85454777	6.04427164	0.18972387	-3.48879031404957E-07	-1433549865960	1.5189787156259	0
-34.9	-0.00000000784533	-0.0000003	-8.41442	5.83813024	6.02662501	0.18849477	-3.51153933873072E-07	-1437669262126.55	1.5245026216596	0
-35	-0.00000000808909	-0.0000003	-8.38343	5.82381826	6.0113703	0.18755204	-3.52919008505586E-07	-1441788658293.1	1.5277879156086	0
-35.1	-0.00000000801519	-0.0000003	-8.36327	5.80955192	5.99636491	0.18681299	-3.54315189752062E-07	-1445908054459.65	1.5294620985585	0
-35.2	-0.00000000809853	-0.0000003	-8.33002	5.79318886	5.97938449	0.18619563	-3.55489975785145E-07	-1450027450626.21	1.53017379384102	0
-35.3	-0.00000000809531	-0.0000003	-8.30807	5.77790052	5.96298773	0.18508721	-3.57618875988244E-07	-1454146846792.76	1.53497671898122	0
-35.4	-0.000000008095	-0.0000003	-8.28246	5.76377726	5.9485598	0.18478254	-3.58208519051638E-07	-1458266242959.31	1.53316435135952	0
-35.5	-0.00000000818236	-0.0000003	-8.26124	5.74996595	5.93351402	0.18354807	-3.60617684511747E-07	-1462385639125.86	1.53912797486875	0
-35.6	-0.00000000812732	-0.0000003	-8.23415	5.73410227	5.91698284	0.18288057	-3.61933911295224E-07	-1466505035292.41	1.54040650023504	0
-35.7	-0.00000000822388	-0.0000003	-8.20777	5.71884503	5.90154183	0.1826968	-3.62297971283568E-07	-1470624431458.96	1.53763675105495	0
-35.8	-0.00000000814383	-0.0000003	-8.18744	5.7050189	5.88779783	0.18277893	-3.62135176084026E-07	-1474743827625.51	1.53265268361277	0
-35.9	-0.00000000813007	-0.0000003	-8.15804	5.69208197	5.87340843	0.181326459999999	-3.65035968826614E-07	-1478863223792.07	1.54062618733272	0
-36	-0.00000000818903	-0.0000003	-8.1354	5.67968232	5.86077445	0.18109213	-3.65508318887188E-07	-1482982619958.62	1.53833467545113	0
-36.1	-0.0000000082746	-0.0000003	-8.1224	5.66721643	5.84791855	0.18070212	-3.66297196734603E-07	-1487102016125.17	1.53738435631077	0
-36.2	-0.00000000828195	-0.0000003	-8.09123	5.65481307	5.83392968	0.179116609999999	-3.69539597695603E-07	-1491221412291.72	1.54670851203584	0
-36.3	-0.00000000837263	-0.0000003	-8.06545	5.6413434	5.81923518	0.17789178	-3.72083971502226E-07	-1495340808458.27	1.55306774982146	0
-36.4	-0.00000000846933	-0.0000003	-8.05187	5.62668572	5.80446299	0.17777727	-3.72323638449392E-07	-1499460204624.83	1.54979869484429	0
-36.5	-0.0000000084202	-0.0000003	-8.02311	5.61313631	5.79005062	0.17691431	-3.74139774221769E-07	-1503579600791.38	1.5530916323029	0
-36.6	-0.00000000843893	-0.0000003	-8.0016	5.60078032	5.77702619	0.17624587	-3.75558757774012E-07	-1507698996957.93	1.55472246139267	0
-36.7	-0.00000000839549	-0.0000003	-7.98428	5.58888765	5.76574476	0.176857109999999	-3.74260780355397E-07	-1511818393124.48	1.54512748887539	0
-36.8	-0.00000000843972	-0.0000003	-7.96937	5.57978245	5.75527405	0.1754916	-3.77172924516045E-07	-1515937789291.03	1.55291882623536	0
-36.9	-0.00000000853504	-0.0000003	-7.9405	5.56816533	5.74301815	0.17485282	-3.78550829205957E-07	-1520057185457.58	1.55436819087607	0
-37	-0.00000000860919	-0.0000003	-7.9207	5.55501717	5.72792362	0.17290645	-3.82812092897633E-07	-1524176581624.14	1.5676170880329	0
-37.1	-0.00000000856931	-0.0000003	-7.89842	5.54026211	5.71299653	0.17273442	-3.83193343862792E-07	-1528295977790.69	1.56494872115818	0
-37.2	-0.00000000864634	-0.0000003	-7.87991	5.52691846	5.7000613	0.17314284	-3.82289443791035E-07	-1532415373957.24	1.55706029566241	0
-37.3	-0.00000000869657	-0.0000003	-7.85997	5.51648424	5.68912041	0.172636170000001	-3.83411425311392E-07	-1536534770123.79	1.55744343696235	0
-37.4	-0.00000000857984	-0.0000003	-7.83881	5.50617646	5.67803346	0.171857	-3.85149746591643E-07	-1540654166290.34	1.5603214494881	0
-37.5	-0.00000000869482	-0.0000003	-7.81877	5.4947681	5.66548971	0.17072161	-3.87711198365573E-07	-1544773562456.89	1.56650989238615	0
-37.6	-0.00000000867821	-0.0000003	-7.79921	5.48226565	5.65299573	0.170730079999999	-3.87691963829691E-07	-1548892958623.45	1.56226613406549	0
-37.7	-0.0000000087207	-0.0000003	-7.78049	5.47112643	5.64027912	0.16915269	-3.9130728574284E-07	-1553012354790	1.57265206069785	0
-37.8	-0.0000000088464	-0.0000003	-7.75652	5.45948888	5.62855531	0.16906643	-3.91506936060577E-07	-1557131750956.55	1.56929187133468	0
-37.9	-0.0000000088235	-0.0000003	-7.74084	5.44788243	5.6167732	0.16889077	-3.91914134798485E-07	-1561251147123.1	1.56677914287393	0
-38	-0.00000000882796	-0.0000003	-7.73069	5.4388624	5.60730858	0.16844618	-3.92948537034203E-07	-1565370543289.65	1.56678045069459	0
-38.1	-0.00000000892463	-0.0000003	-7.71008	5.43129973	5.5986953	0.16739557	-3.95414765157764E-07	-1569489939456.2	1.57247580194768	0
-38.2	-0.00000000888262	-0.0000003	-7.69242	5.42126068	5.58817014	0.16690946	-3.96566377963238E-07	-1573609335622.76	1.57292709012866	0
-38.3	-0.00000000885479	-0.0000003	-7.67141	5.41185102	5.57794286	0.16609184	-3.98518554553914E-07	-1577728731789.31	1.57654305939518	0
-38.4	-0.00000000903573	-0.0000003	-7.65421	5.40097201	5.56624807	0.16527606	-4.00485587567854E-07	-1581848127955.86	1.58019881458276	0
-38.5	-0.00000000908942	-0.0000003	-7.64019	5.3903662	5.55519793	0.16483173	-4.01565159814799E-07	-1585967524122.41	1.58034301383235	0
-38.6	-0.00000000906845	-0.0000003	-7.61899	5.38135936	5.54618336	0.164823999999999	-4.01583992622435E-07	-1590086920288.96	1.57632278466963	0
-38.7	-0.00000000900519	-0.0000003	-7.60761	5.37326858	5.53754724	0.16427866	-4.02917092213925E-07	-1594206316455.51	1.57746884431104	0
-38.8	-0.00000000900824	-0.0000003	-7.58771	5.36373041	5.52789629	0.164165880000001	-4.03193891446869E-07	-1598325712622.07	1.57448411217928	0
-38.9	-0.00000000906628	-0.0000003	-7.58189	5.35769591	5.52105133	0.163355419999999	-4.05194269036193E-07	-1602445108788.62	1.57822804797146	0
-39	-0.00000000916147	-0.0000003	-7.56202	5.35105346	5.5141279	0.16307444	-4.05892425569574E-07	-1606564504955.17	1.57689365023145	0
-39.1	-0.00000000915967	-0.0000003	-7.54401	5.34229052	5.50374164	0.161451120000001	-4.09973495383617E-07	-1610683901121.72	1.5886750964257	0
-39.2	-0.00000000919569	-0.0000003	-7.52779	5.33132889	5.49236191	0.16103302	-4.11037934952721E-07	-1614803297288.27	1.58873660696011	0
-39.3	-0.00000000930116	-0.0000003	-7.5063	5.32147725	5.48119524	0.15971799	-4.1442219502011E-07	-1618922693454.83	1.59774151831333	0
-39.4	-0.00000000925734	-0.0000003	-7.49776	5.3109467	5.47088505	0.15993835	-4.13851212045141E-07	-1623042089621.38	1.59149058623728	0
-39.5	-0.00000000933431	-0.0000003	-7.47663	5.30142164	5.46095857	0.15953693	-4.14892526764807E-07	-1627161485787.93	1.59145579886769	0
-39.6	-0.0000000093527	-0.0000003	-7.46125	5.29450547	5.45364999	0.15914452	-4.15915546447971E-07	-1631280881954.48	1.59135118781746	0
-39.7	-0.00000000931062	-0.0000003	-7.45239	5.28711474	5.44629585	0.15918111	-4.15819942454226E-07	-1635400278121.03	1.58697787365173	0
-39.8	-0.00000000935755	-0.0000003	-7.43617	5.27965422	5.43780382	0.1581496	-4.18532073429209E-07	-1639519674287.58	1.59331533968787	0
-39.9	-0.00000000950462	-0.0000003	-7.4227	5.27259379	5.43037281	0.15777902	-4.19515091423436E-07	-1643639070454.14	1.59305495338132	0
-40	-0.00000000948567	-0.0000003	-7.40707	5.26374339	5.42044632	0.15670293	-4.22395930950366E-07	-1647758466620.69	1.59998458693321	0
-40.1	-0.00000000949711	-0.0000003	-7.39625	5.25590582	5.41220151	0.15629569	-4.23496514843115E-07	-1651877862787.24	1.60015308260831	0
-40.2	-0.00000000953308	-0.0000003	-7.37929	5.24765085	5.40360608	0.15595523	-4.24421034164741E-07	-1655997258953.79	1.59965714670866	0
-40.3	-0.00000000952308	-0.0000003	-7.36001	5.23993902	5.39490449	0.15496547	-4.27131799103373E-07	-1660116655120.34	1.60587938605675	0
-40.4	-0.00000000957335	-0.0000003	-7.34843	5.23178962	5.38654817	0.15475855	-4.27702895898158E-07	-1664236051286.89	1.60404626424452	0
-40.5	-0.00000000965589	-0.0000003	-7.33099	5.22337528	5.37731664	0.15394136	-4.29973335301182E-07	-1668355447453.45	1.60857963075639	0
-40.6	-0.00000000957425	-0.0000003	-7.31811	5.21560195	5.36866051	0.15305856	-4.32453304147119E-07	-1672474843620	1.61387260840095	0
-40.7	-0.0000000096606	-0.0000003	-7.30216	5.20774406	5.36076859	0.153024530000001	-4.32549474257491E-07	-1676594239786.55	1.61026533488754	0
-40.8	-0.00000000956007	-0.0000003	-7.299	5.20220207	5.3551553	0.15295323	-4.32751109603898E-07	-1680713635953.1	1.60706740048982	0
-40.9	-0.0000000096055	-0.0000003	-7.28548	5.19669974	5.34824766	0.151547920000001	-4.36764028170098E-07	-1684833032119.65	1.61800410524597	0
-41	-0.00000000980405	-0.0000003	-7.26918	5.19050423	5.34084496	0.15034073	-4.40271109499069E-07	-1688952428286.2	1.62701814301208	0
-41.1	-0.00000000975544	-0.0000003	-7.25346	5.18090349	5.33115957	0.150256079999999	-4.40519145714439E-07	-1693071824452.76	1.62397384691602	0
-41.2	-0.00000000979879	-0.0000003	-7.25208	5.17471758	5.32508003	0.150362449999999	-4.40207511915377E-07	-1697191220619.31	1.61888611325161	0
-41.3	-0.00000000985706	-0.0000003	-7.24247	5.17235427	5.32296269	0.15060842	-4.39488575738328E-07	-1701310616785.86	1.61232876857557	0
-41.4	-0.00000000986203	-0.0000003	-7.22646	5.16979179	5.31872053	0.148928740000001	-4.44445309884444E-07	-1705430012952.41	1.62657484220628	0
-41.5	-0.00000000993218	-0.0000003	-7.21048	5.1632825	5.31101623	0.14773373	-4.48040403501625E-07	-1709549409118.96	1.63578095473394	0
-41.6	-0.00000000996655	-0.0000003	-7.2023	5.15580656	5.30375071	0.14794415	-4.47403158556794E-07	-1713668805285.51	1.62952782108389	0
-41.7	-0.00000000989357	-0.0000003	-7.19137	5.14940835	5.29691564	0.14750729	-4.48728195060732E-07	-1717788201452.07	1.63043454349514	0
-41.8	-0.00000000992914	-0.0000003	-7.17578	5.14371164	5.28993647	0.14622483	-4.52663750746027E-07	-1721907597618.62	1.64079944449046	0
-41.9	-0.00000000991955	-0.0000003	-7.16407	5.13632298	5.28230776	0.14598478	-4.53408088158231E-07	-1726026993785.17	1.63957506385417	0
-42	-0.0000000100068	-0.0000003	-7.15386	5.1298287	5.27501232	0.14518362	-4.55910108867653E-07	-1730146389951.72	1.64469736243742	0
-42.1	-0.0000000100361	-0.0000003	-7.13651	5.12181561	5.26670614	0.144890530000001	-4.56832340940431E-07	-1734265786118.27	1.64410977089337	0
-42.2	-0.00000000997938	-0.0000003	-7.12538	5.11518158	5.25925461	0.14407303	-4.59424501587839E-07	-1738385182284.83	1.64952068644205	0
-42.3	-0.0000000100674	-0.0000003	-7.11556	5.10872142	5.25346708	0.14474566	-4.57289565711331E-07	-1742504578451.38	1.63797394409102	0
-42.4	-0.00000001018	-0.0000003	-7.0984	5.10323087	5.24693039	0.14369952	-4.60618657598856E-07	-1746623974617.93	1.6460072098301	0
-42.5	-0.0000000101563	-0.0000003	-7.0921	5.09859195	5.24101416	0.142422209999999	-4.64749704417592E-07	-1750743370784.48	1.65686169132831	0
-42.6	-0.0000000101496	-0.0000003	-7.08223	5.09203428	5.2353701	0.14333582	-4.6178743038551E-07	-1754862766951.03	1.64243644325477	0
-42.7	-0.0000000102769	-0.0000003	-7.07523	5.08824406	5.23041944	0.14217538	-4.65556554165706E-07	-1758982163117.58	1.65196421178662	0
-42.8	-0.0000000102674	-0.0000003	-7.06525	5.08496574	5.22645659	0.141490849999999	-4.67808907784498E-07	-1763101559284.14	1.65607797997911	0
-42.9	-0.0000000103096	-0.0000003	-7.04298	5.07653629	5.21604559	0.1395093	-4.74453531054918E-07	-1767220955450.69	1.67568528309288	0
-43	-0.0000000103076	-0.0000003	-7.03851	5.06730513	5.20699483	0.1396897	-4.73840805728697E-07	-1771340351617.24	1.6696293366057	0
-43.1	-0.0000000103051	-0.0000003	-7.02199	5.05882648	5.19858486	0.139758380000001	-4.73607951093878E-07	-1775459747783.79	1.6649369018276	0
-43.2	-0.0000000104099	-0.0000003	-7.00741	5.05323037	5.19230071	0.13907034	-4.75951090649523E-07	-1779579143950.34	1.66930096327695	0
-43.3	-0.0000000104439	-0.0000003	-6.99693	5.04605988	5.18417631	0.13811643	-4.79238277444616E-07	-1783698540116.89	1.67694827295338	0
-43.4	-0.0000000104112	-0.0000003	-6.98944	5.04075799	5.17913605	0.13837806	-4.78332186475226E-07	-1787817936283.45	1.66992105318819	0
-43.5	-0.0000000105981	-0.0000003	-6.97606	5.03477701	5.17266774	0.13789073	-4.80022696232011E-07	-1791937332450	1.67197038046677	0
-43.6	-0.0000000104443	-0.0000003	-6.96743	5.03063842	5.16793192	0.1372935	-4.82110806411082E-07	-1796056728616.55	1.67539201560704	0
-43.7	-0.0000000105081	-0.0000003	-6.95548	5.02458779	5.161265	0.13667721	-4.84284687988582E-07	-1800176124783.1	1.67909537476105	0
-43.8	-0.0000000105066	-0.0000003	-6.94465	5.0187886	5.15451562	0.13572702	-4.8767504068092E-07	-1804295520949.65	1.68698990134537	0
-43.9	-0.0000000105762	-0.0000003	-6.92808	5.01038184	5.14594937	0.13556753	-4.88248771663833E-07	-1808414917116.2	1.68512725776156	0
-44	-0.0000000105934	-0.0000003	-6.91502	5.00344697	5.13844211	0.13499514	-4.90318984816787E-07	-1812534313282.76	1.68842625625615	0
-44.1	-0.0000000106621	-0.0000003	-6.90414	4.99678128	5.13155948	0.1347782	-4.91108205926479E-07	-1816653709449.31	1.68730916624229	0
-44.2	-0.0000000106719	-0.0000003	-6.89891	4.99189054	5.12624023	0.13434969	-4.92674601631014E-07	-1820773105615.86	1.68886124239344	0
-44.3	-0.0000000108168	-0.0000003	-6.88601	4.98671801	5.12084985	0.13413184	-4.93474778248027E-07	-1824892501782.41	1.68778568386356	0
-44.4	-0.0000000107291	-0.0000003	-6.8706	4.98098889	5.11321388	0.13222499	-5.00591302748444E-07	-1829011897948.96	1.70826952889859	0
-44.5	-0.000000010762	-0.0000003	-6.8592	4.97169289	5.10312398	0.13143109	-5.03615088332599E-07	-1833131294115.51	1.71472621155124	0
-44.6	-0.0000000108219	-0.0000003	-6.85104	4.96364387	5.09496562	0.13132175	-5.04034404049597E-07	-1837250690282.07	1.71230603359695	0
-44.7	-0.0000000107597	-0.0000003	-6.83876	4.95823201	5.09007994	0.13184793	-5.02022898653016E-07	-1841370086448.62	1.70165717121895	0
-44.8	-0.0000000108621	-0.0000003	-6.82586	4.95247597	5.08312768	0.13065171	-5.06619316348789E-07	-1845489482615.17	1.71340407314931	0
-44.9	-0.0000000108154	-0.0000003	-6.81402	4.9446567	5.07457275	0.129916049999999	-5.09488088654176E-07	-1849608878781.72	1.71926870707355	0
-45	-0.0000000109558	-0.0000003	-6.80042	4.93703313	5.06660477	0.12957164	-5.10842341734657E-07	-1853728274948.27	1.72000788462848	0
-45.1	-0.00000001092	-0.0000003	-6.79315	4.93109698	5.06061046	0.12951348	-5.11071743265643E-07	-1857847671114.82	1.71696480301567	0
-45.2	-0.0000000109993	-0.0000003	-6.77995	4.92562366	5.05446382	0.128840159999999	-5.13742609447243E-07	-1861967067281.38	1.72211923252629	0
-45.3	-0.0000000110109	-0.0000003	-6.77159	4.92007561	5.04862752	0.128551910000001	-5.14894566716276E-07	-1866086463447.93	1.72217060243587	0
-45.4	-0.0000000109942	-0.0000003	-6.76239	4.91440149	5.04236564	0.127964149999999	-5.1725956058787E-07	-1870205859614.48	1.72627005936414	0
-45.5	-0.0000000111113	-0.0000003	-6.75051	4.90899803	5.0363813	0.12738327	-5.1961831408473E-07	-1874325255781.03	1.73033071623287	0
-45.6	-0.0000000110642	-0.0000003	-6.73282	4.90061983	5.02654598	0.12592615	-5.25630935274366E-07	-1878444651947.58	1.74651427191111	0
-45.7	-0.0000000111953	-0.0000003	-6.72634	4.89258587	5.01827917	0.1256933	-5.26604679803935E-07	-1882564048114.14	1.74592095949849	0
-45.8	-0.0000000111599	-0.0000003	-6.7128	4.88518217	5.01074132	0.12555915	-5.271673151658E-07	-1886683444280.69	1.74397021028781	0
-45.9	-0.0000000113283	-0.0000003	-6.70485	4.87962551	5.00499668	0.125371169999999	-5.27957743395075E-07	-1890802840447.24	1.74277990161443	0
-46	-0.0000000111777	-0.0000003	-6.69843	4.87370376	4.99866132	0.12495756	-5.29705285538544E-07	-1894922236613.79	1.74474731732063	0
-46.1	-0.0000000112432	-0.0000003	-6.68272	4.8689551	4.99366433	0.12470923	-5.30760072851065E-07	-1899041632780.34	1.74442934612195	0
-46.2	-0.0000000113154	-0.0000003	-6.67927	4.86402962	4.98812276	0.12409314	-5.33395157862875E-07	-1903161028946.89	1.74929541474116	0
-46.3	-0.0000000112953	-0.0000003	-6.66955	4.85957414	4.98304989	0.12347575	-5.36062182250361E-07	-1907280425113.45	1.75424498412972	0
-46.4	-0.0000000114054	-0.0000003	-6.66101	4.85514992	4.97842549	0.123275570000001	-5.36932662327172E-07	-1911399821280	1.75330676047274	0
-46.5	-0.0000000114788	-0.0000003	-6.65081	4.85122857	4.97405099	0.12282242	-5.38913660877223E-07	-1915519217446.55	1.75599107486876	0
-46.6	-0.0000000114404	-0.0000003	-6.64238	4.84730815	4.96911023	0.12180208	-5.43428158205508E-07	-1919638613613.1	1.76690128171904	0
-46.7	-0.0000000113731	-0.0000003	-6.63349	4.84177272	4.96305279	0.12128007	-5.45767165206946E-07	-1923758009779.65	1.7707065252318	0
-46.8	-0.0000000113581	-0.0000003	-6.62928	4.83738559	4.95868246	0.12129687	-5.45691574729009E-07	-1927877405946.2	1.76667823986341	0
-46.9	-0.0000000114681	-0.0000003	-6.61628	4.83439233	4.95514815	0.12075582	-5.48136561865091E-07	-1931996802112.76	1.77081011134293	0
-47	-0.0000000116394	-0.0000003	-6.60576	4.83034618	4.95014272	0.119796539999999	-5.5252580750663E-07	-1936116198279.31	1.78119215830635	0
-47.1	-0.0000000115646	-0.0000003	-6.5966	4.8244338	4.94412097	0.11968717	-5.53030704961945E-07	-1940235594445.86	1.77903462961444	0
-47.2	-0.0000000115512	-0.0000003	-6.58566	4.81825179	4.93765502	0.119403230000001	-5.54345807898159E-07	-1944354990612.41	1.77948705668387	0
-47.3	-0.0000000116035	-0.0000003	-6.57584	4.81279128	4.93136679	0.11857551	-5.58215435885537E-07	-1948474386778.96	1.7881204301542	0
-47.4	-0.0000000116589	-0.0000003	-6.56533	4.80721208	4.92572195	0.11850987	-5.5852461908869E-07	-1952593782945.51	1.78533633515117	0
-47.5	-0.000000011742	-0.0000003	-6.55914	4.80269045	4.92012132	0.11743087	-5.63656558109466E-07	-1956713179112.07	1.7979475537782	0
-47.6	-0.0000000117203	-0.0000003	-6.55055	4.79877471	4.91603639	0.11726168	-5.6446982509546E-07	-1960832575278.62	1.79675905619894	0
-47.7	-0.0000000118121	-0.0000003	-6.54132	4.7935466	4.91044236	0.11689576	-5.6623679079549E-07	-1964951971445.17	1.79860488785811	0
-47.8	-0.0000000117674	-0.0000003	-6.53316	4.78881472	4.90463458	0.115819859999999	-5.71496805470153E-07	-1969071367611.72	1.8115151688543	0
-47.9	-0.0000000118392	-0.0000003	-6.52128	4.78331177	4.89898428	0.11567251	-5.72224809507464E-07	-1973190763778.27	1.81003609004702	0
-48	-0.0000000119365	-0.0000003	-6.51676	4.77856154	4.89398454	0.115423	-5.734617883784E-07	-1977310159944.82	1.81016978654798	0
-48.1	-0.0000000118237	-0.0000003	-6.51294	4.77575084	4.89061606	0.11486522	-5.7624649132261E-07	-1981429556111.38	1.81517826284449	0
-48.2	-0.0000000119233	-0.0000003	-6.50784	4.77435243	4.88928954	0.11493711	-5.75886064996764E-07	-1985548952277.93	1.81027934426243	0
-48.3	-0.0000000119601	-0.0000003	-6.49527	4.77094362	4.88434857	0.113404950000001	-5.83666585982355E-07	-1989668348444.48	1.8309385343571	0
-48.4	-0.0000000120081	-0.0000003	-6.48231	4.76533886	4.87762709	0.11228823	-5.89471220625706E-07	-1993787744611.03	1.84532688650672	0
-48.5	-0.0000000120221	-0.0000003	-6.47156	4.75758454	4.86964415	0.11205961	-5.90673838682821E-07	-1997907140777.58	1.84527909616627	0
-48.6	-0.000000012063	-0.0000003	-6.45933	4.75093529	4.862736	0.11180071	-5.92041678447302E-07	-2002026536944.14	1.84574659697999	0
-48.7	-0.0000000120598	-0.0000003	-6.45506	4.74558997	4.85743584	0.11184587	-5.91802629815478E-07	-2006145933110.69	1.84121283621268	0
-48.8	-0.0000000121024	-0.0000003	-6.44764	4.74192032	4.85357444	0.11165412	-5.92818966286243E-07	-2010265329277.24	1.84059539954745	0
-48.9	-0.0000000122316	-0.0000003	-6.44061	4.73960887	4.85061532	0.111006450000001	-5.96277783858503E-07	-2014384725443.79	1.84754844103149	0
-49	-0.0000000121825	-0.0000003	-6.43645	4.73592475	4.84615893	0.11023418	-6.0045514013893E-07	-2018504121610.34	1.85669492931023	0
-49.1	-0.0000000123731	-0.0000003	-6.42808	4.73216995	4.84181092	0.10964097	-6.03703889157493E-07	-2022623517776.89	1.86293861987747	0
-49.2	-0.0000000123559	-0.0000003	-6.41809	4.72882821	4.83832969	0.10950148	-6.04472925845383E-07	-2026742913943.45	1.8615204663876	0
-49.3	-0.0000000123365	-0.0000003	-6.40763	4.72407345	4.83310828	0.109034830000001	-6.07059964233444E-07	-2030862310110	1.86569538457632	0
-49.4	-0.0000000124215	-0.0000003	-6.40193	4.72046442	4.82862318	0.10815876	-6.11977060387895E-07	-2034981706276.55	1.87699993984755	0
-49.5	-0.0000000123608	-0.0000003	-6.39835	4.71813429	4.82638414	0.10824985	-6.1146209440475E-07	-2039101102443.1	1.87163175514157	0
-49.6	-0.0000000125855	-0.0000003	-6.38901	4.7148484	4.82254139	0.107692989999999	-6.14623848776047E-07	-2043220498609.65	1.87751664459936	0
-49.7	-0.0000000126163	-0.0000003	-6.38476	4.71222451	4.81924001	0.107015499999999	-6.18514888030243E-07	-2047339894776.2	1.88560114636377	0
-49.8	-0.0000000126446	-0.0000003	-6.37859	4.70956767	4.81619498	0.106627309999999	-6.20766668501722E-07	-2051459290942.76	1.88866577979105	0
-49.9	-0.0000000126042	-0.0000003	-6.37085	4.70713682	4.81302625	0.10588943	-6.25092419517224E-07	-2055578687109.31	1.8980154840506	0
-50	-0.000000012607	-0.0000003	-6.36525	4.70299877	4.80827127	0.1052725	-6.28755657935359E-07	-2059698083275.86	1.90532017556169	0
