-30	-0.0000000375572	-0.0000003	-13.6041	6.67553942	7.57281064	0.89727122	-7.3768865561073E-08	-1235818849965.52	0.372570028086227	0
-30.1	-0.0000000126696	-0.0000003	-18.12	8.37095182	3.95067028	-4.42028154	1.4974313152008E-08	-1239938246132.07	-0.075376588905708	0
-30.2	-0.0000000057286	-0.0000003	-21.6835	0.0641360725	2.77844692	2.7143108475	-2.43858141969865E-08	-1244057642298.62	0.122345044134992	0
-30.3	-0.00000000220798	-0.0000003	-9.43358	2.71594549	3.48550795	0.76956246	-8.60107963166499E-08	-1248177038465.17	0.430096991282378	0
-30.4	-0.00000000269889	-0.0000003	-15.1984	5.09484746	6.38084089	1.28599343	-5.14704651329362E-08	-1252296434631.72	0.256531425104347	0
-30.5	-0.00000000475922	-0.0000003	-16.2254	8.55138629	9.70992595	1.15853966	-5.71328563754131E-08	-1256415830798.27	0.283819455416856	0
-30.6	-0.00000000776387	-0.0000003	-14.4661	10.9021364	11.1785905	0.2764541	-2.39427376913563E-07	-1260535226964.83	1.18551880032463	0
-30.7	-0.00000000954219	-0.0000003	-11.7052	10.3397155	10.1742335	-0.165482000000001	3.99987188938976E-07	-1264654623131.38	-1.97407555492536	0
-30.8	-0.00000000804374	-0.0000003	-10.7196	8.77938632	8.64298801	-0.136398310000001	4.85274927526593E-07	-1268774019297.93	-2.38722416138623	0
-30.9	-0.00000000716132	-0.0000003	-10.4163	7.65554297	7.71325287	5.77098999999999E-02	-1.1469553750743E-06	-1272893415464.48	5.62398438302587	0
-31	-0.00000000707971	-0.0000003	-10.1642	7.23716303	7.39863424	0.16147121	-4.0992248711086E-07	-1277012811631.03	2.00353121755063	0
-31.1	-0.00000000689914	-0.0000003	-10.0224	7.04071758	7.21417657	0.17345899	-3.81592675017881E-07	-1281132207797.58	1.85906983834104	0
-31.2	-0.00000000668278	-0.0000003	-9.92401	6.91697222	7.10368506	0.18671284	-3.5450523916834E-07	-1285251603964.14	1.72156778927904	0
-31.3	-0.00000000679208	-0.0000003	-9.82053	6.82895159	7.01494986	0.18599827	-3.55867180915178E-07	-1289371000130.69	1.72266037813524	0
-31.4	-0.00000000654421	-0.0000003	-9.72732	6.75462235	6.94133033	0.18670798	-3.54514466923159E-07	-1293490396297.24	1.71064691624763	0
-31.5	-0.00000000696771	-0.0000003	-9.6323	6.685999	6.86771615	0.18171715	-3.6425114525514E-07	-1297609792463.79	1.75204976072698	0
-31.6	-0.00000000663093	-0.0000003	-9.55312	6.61985061	6.80174896	0.18189835	-3.63888292554605E-07	-1301729188630.34	1.74476549939876	0
-31.7	-0.00000000675366	-0.0000003	-9.50378	6.55661922	6.74098572	0.1843665	-3.59016849590353E-07	-1305848584796.89	1.71597767704021	0
-31.8	-0.00000000676456	-0.0000003	-9.43524	6.51304124	6.69855253	0.18551129	-3.56801356941672E-07	-1309967980963.45	1.7000255238311	0
-31.9	-0.0000000067933	-0.0000003	-9.37728	6.47716232	6.66217535	0.18501303	-3.57762261393156E-07	-1314087377130	1.69926028969866	0
-32	-0.00000000698732	-0.0000003	-9.33648	6.4408943	6.62497821	0.18408391	-3.59567981796997E-07	-1318206773296.55	1.70249991381154	0
-32.1	-0.00000000688432	-0.0000003	-9.27309	6.40488523	6.58796638	0.18308115	-3.6153738383225E-07	-1322326169463.1	1.70649194672071	0
-32.2	-0.00000000684781	-0.0000003	-9.22595	6.36972143	6.55162154	0.18190011	-3.63884771702447E-07	-1326445565629.65	1.71223777386809	0
-32.3	-0.00000000689704	-0.0000003	-9.16371	6.33233514	6.51321308	0.18087794	-3.65941142407968E-07	-1330564961796.2	1.716582898996	0
-32.4	-0.00000000706491	-0.0000003	-9.13355	6.2994618	6.48114466	0.18168286	-3.64319892366291E-07	-1334684357962.76	1.70370320036612	0
-32.5	-0.00000000708504	-0.0000003	-9.09311	6.27208547	6.45511273	0.183027259999999	-3.61643833820166E-07	-1338803754129.31	1.68598523925485	0
-32.6	-0.00000000720047	-0.0000003	-9.05697	6.25112307	6.43296786	0.18184479	-3.63995471082785E-07	-1342923150295.86	1.69174321938458	0
-32.7	-0.00000000711308	-0.0000003	-9.00634	6.22665994	6.40708318	0.18042324	-3.66863381901357E-07	-1347042546462.41	1.69985813131942	0
-32.8	-0.00000000715314	-0.0000003	-8.96214	6.1985235	6.37697582	0.17845232	-3.70915211413335E-07	-1351161942628.96	1.71339251391969	0
-32.9	-0.00000000722944	-0.0000003	-8.91875	6.16827305	6.34617649	0.177903440000001	-3.72059584682566E-07	-1355281338795.52	1.7134548433387	0
-33	-0.00000000713607	-0.0000003	-8.88246	6.13992069	6.31821298	0.17829229	-3.71248134173385E-07	-1359400734962.07	1.70453688784841	0
-33.1	-0.00000000714488	-0.0000003	-8.8458	6.1151333	6.29278309	0.17764979	-3.72590814771016E-07	-1363520131128.62	1.70553334601765	0
-33.2	-0.0000000072193	-0.0000003	-8.81207	6.09309787	6.27110507	0.1780072	-3.7184271198019E-07	-1367639527295.17	1.69698207365914	0
-33.3	-0.00000000725648	-0.0000003	-8.77145	6.07238595	6.24891526	0.17652931	-3.74955750974158E-07	-1371758923461.72	1.70605037298279	0
-33.4	-0.00000000729834	-0.0000003	-8.74043	6.05152466	6.22782929	0.17630463	-3.75433589010113E-07	-1375878319628.27	1.70311009349534	0
-33.5	-0.00000000730414	-0.0000003	-8.70953	6.02934591	6.20508709	0.17574118	-3.76637279890803E-07	-1379997715794.83	1.70347028444506	0
-33.6	-0.00000000745422	-0.0000003	-8.67943	6.01016575	6.18569246	0.175526710000001	-3.77097479922E-07	-1384117111961.38	1.70047564899892	0
-33.7	-0.00000000736527	-0.0000003	-8.64199	5.98996966	6.16519753	0.175227870000001	-3.77740595716879E-07	-1388236508127.93	1.69832117488031	0
-33.8	-0.00000000734671	-0.0000003	-8.613	5.97070857	6.14502827	0.1743197	-3.7970854699727E-07	-1392355904294.48	1.70211828490797	0
-33.9	-0.00000000752376	-0.0000003	-8.58188	5.95249748	6.12616156	0.17366408	-3.81142030061714E-07	-1396475300461.03	1.70350420158092	0
-34	-0.00000000742515	-0.0000003	-8.55145	5.93441084	6.10821986	0.17380902	-3.80824194279445E-07	-1400594696627.58	1.69707751461428	0
-34.1	-0.00000000752274	-0.0000003	-8.52395	5.91720196	6.0899133	0.17271134	-3.83244551284241E-07	-1404714092794.14	1.70285502214627	0
-34.2	-0.00000000750173	-0.0000003	-8.4999	5.90064454	6.07326508	0.17262054	-3.83446141461498E-07	-1408833488960.69	1.69876901232278	0
-34.3	-0.00000000756209	-0.0000003	-8.4647	5.88287461	6.05526506	0.17239045	-3.83957928063881E-07	-1412952885127.24	1.69607707422864	0
-34.4	-0.00000000772041	-0.0000003	-8.44047	5.86748569	6.03920976	0.171724070000001	-3.85447887416131E-07	-1417072281293.79	1.6977091588096	0
-34.5	-0.00000000769378	-0.0000003	-8.40913	5.84872757	6.01983578	0.17110821	-3.86835207965767E-07	-1421191677460.34	1.69888101873415	0
-34.6	-0.00000000772657	-0.0000003	-8.37702	5.83059445	6.0005321	0.16993765	-3.89499795954576E-07	-1425311073626.89	1.70563932367567	0
-34.7	-0.00000000777463	-0.0000003	-8.34547	5.81049497	5.98054016	0.170045190000001	-3.89253468445651E-07	-1429430469793.45	1.69964836453433	0
-34.8	-0.00000000778203	-0.0000003	-8.31878	5.79107664	5.96063518	0.16955854	-3.90370664904287E-07	-1433549865960	1.69962846092079	0
-34.9	-0.00000000779003	-0.0000003	-8.2959	5.77303911	5.94282881	0.1697897	-3.89839195192641E-07	-1437669262126.55	1.69245113828532	0
-35	-0.00000000777028	-0.0000003	-8.26591	5.75752723	5.92677287	0.16924564	-3.91092379100579E-07	-1441788658293.1	1.69304060216701	0
-35.1	-0.00000000787301	-0.0000003	-8.24341	5.74275544	5.91129194	0.1685365	-3.92737952906343E-07	-1445908054459.65	1.69532052536624	0
-35.2	-0.00000000789204	-0.0000003	-8.22213	5.72874971	5.89789777	0.16914806	-3.91317996789321E-07	-1450027450626.21	1.68439220381078	0
-35.3	-0.00000000792607	-0.0000003	-8.19585	5.71603301	5.88410781	0.168074799999999	-3.93816800614966E-07	-1454146846792.76	1.69034595508183	0
-35.4	-0.00000000793037	-0.0000003	-8.16521	5.70099979	5.8675816	0.16658181	-3.97346384938427E-07	-1458266242959.31	1.70067790163682	0
-35.5	-0.00000000797155	-0.0000003	-8.14397	5.68429413	5.85086319	0.16656906	-3.97376799749004E-07	-1462385639125.86	1.69601707105849	0
-35.6	-0.0000000080142	-0.0000003	-8.11675	5.66930171	5.83600058	0.16669887	-3.97067358644962E-07	-1466505035292.41	1.68993598333743	0
-35.7	-0.00000000802375	-0.0000003	-8.09676	5.65660271	5.82275783	0.16615512	-3.98366779188026E-07	-1470624431458.96	1.69071716827106	0
-35.8	-0.00000000801394	-0.0000003	-8.07426	5.64351189	5.80972039	0.1662085	-3.98238838567222E-07	-1474743827625.51	1.6854530157746	0
-35.9	-0.00000000807142	-0.0000003	-8.05365	5.63091952	5.79597612	0.1650566	-4.01018075011845E-07	-1478863223792.07	1.69248786617644	0
-36	-0.00000000812279	-0.0000003	-8.02917	5.61743914	5.78216459	0.16472545	-4.0182424755859E-07	-1482982619958.62	1.69117949309171	0
-36.1	-0.00000000817622	-0.0000003	-8.00872	5.60516132	5.76978171	0.164620390000001	-4.02080690004439E-07	-1487102016125.17	1.68757109881826	0
-36.2	-0.00000000834534	-0.0000003	-7.98298	5.59266587	5.75653716	0.163871289999999	-4.03918709616555E-07	-1491221412291.72	1.69060233390488	0
-36.3	-0.00000000819441	-0.0000003	-7.96519	5.57970135	5.74262474	0.16292339	-4.06268737717769E-07	-1495340808458.27	1.69575397661645	0
-36.4	-0.00000000816155	-0.0000003	-7.94184	5.56573829	5.72876411	0.163025820000001	-4.06013476883599E-07	-1499460204624.83	1.69003278756077	0
-36.5	-0.00000000824422	-0.0000003	-7.92402	5.55334938	5.71577026	0.16242088	-4.07525682658535E-07	-1503579600791.38	1.69167987820064	0
-36.6	-0.00000000840452	-0.0000003	-7.90573	5.54172627	5.7042587	0.16253243	-4.07245987769949E-07	-1507698996957.93	1.68589993281151	0
-36.7	-0.00000000831666	-0.0000003	-7.88229	5.53160573	5.69301155	0.16140582	-4.1008855814493E-07	-1511818393124.48	1.69304168997164	0
-36.8	-0.00000000834649	-0.0000003	-7.86228	5.51970709	5.68037539	0.1606683	-4.11970998635076E-07	-1515937789291.03	1.69619152929461	0
-36.9	-0.00000000839802	-0.0000003	-7.84379	5.50621627	5.6666486	0.16043233	-4.12576941318499E-07	-1520057185457.58	1.69408286654553	0
-37	-0.000000008445	-0.0000003	-7.8216	5.4937294	5.65339789	0.15966849	-4.14550673085216E-07	-1524176581624.14	1.69758670387067	0
-37.1	-0.00000000840331	-0.0000003	-7.80243	5.4825311	5.64290148	0.16037038	-4.12736317018143E-07	-1528295977790.69	1.68560122934797	0
-37.2	-0.00000000843782	-0.0000003	-7.78226	5.47256112	5.63251586	0.15995474	-4.13808806166044E-07	-1532415373957.24	1.68543827861699	0
-37.3	-0.00000000849035	-0.0000003	-7.76401	5.46258535	5.62151732	0.158931969999999	-4.16471777201278E-07	-1536534770123.79	1.69173684784011	0
-37.4	-0.00000000849098	-0.0000003	-7.75052	5.45193828	5.61094663	0.15900835	-4.16271724094993E-07	-1540654166290.34	1.68640303068787	0
-37.5	-0.00000000854409	-0.0000003	-7.72888	5.44244902	5.60077993	0.15833091	-4.18052798408093E-07	-1544773562456.89	1.68910221579028	0
-37.6	-0.00000000855516	-0.0000003	-7.71487	5.43279205	5.58990192	0.15710987	-4.21301857101657E-07	-1548892958623.45	1.69770251894607	0
-37.7	-0.00000000866293	-0.0000003	-7.69047	5.41998991	5.57698637	0.15699646	-4.21606194177881E-07	-1553012354790	1.69442245067873	0
-37.8	-0.00000000865318	-0.0000003	-7.67599	5.4091535	5.56583774	0.15668424	-4.22446316234486E-07	-1557131750956.55	1.69330734421391	0
-37.9	-0.00000000865842	-0.0000003	-7.65366	5.40015982	5.55699819	0.15683837	-4.22031164950261E-07	-1561251147123.1	1.68717983909115	0
-38	-0.00000000875928	-0.0000003	-7.64476	5.39162671	5.54705552	0.15542881	-4.25858500750279E-07	-1565370543289.65	1.69800040171563	0
-38.1	-0.00000000867703	-0.0000003	-7.62032	5.38133327	5.53667223	0.15533896	-4.26104822640759E-07	-1569489939456.2	1.69452327463915	0
-38.2	-0.00000000870693	-0.0000003	-7.6084	5.3719053	5.52604572	0.15414042	-4.29418059195635E-07	-1573609335622.76	1.70322885608295	0
-38.3	-0.00000000872092	-0.0000003	-7.5911	5.36143361	5.51590636	0.15447275	-4.28494216617494E-07	-1577728731789.31	1.69512705363357	0
-38.4	-0.00000000882436	-0.0000003	-7.57479	5.35256455	5.50607756	0.153513009999999	-4.31173097315988E-07	-1581848127955.86	1.70128273877836	0
-38.5	-0.00000000886192	-0.0000003	-7.55298	5.34233032	5.49569918	0.15336886	-4.31578352998126E-07	-1585967524122.41	1.69845868948495	0
-38.6	-0.00000000890131	-0.0000003	-7.53178	5.33191377	5.48426583	0.15235206	-4.34458713587463E-07	-1590086920288.96	1.70536471026638	0
-38.7	-0.00000000889313	-0.0000003	-7.52167	5.32209359	5.47553892	0.15344533	-4.3136327446394E-07	-1594206316455.51	1.68883906688568	0
-38.8	-0.00000000895157	-0.0000003	-7.51463	5.31663825	5.46945265	0.1528144	-4.33144258656251E-07	-1598325712622.07	1.69144118500567	0
-38.9	-0.00000000895554	-0.0000003	-7.50324	5.31256623	5.46501355	0.15244732	-4.34187232678147E-07	-1602445108788.62	1.691155381624	0
-39	-0.00000000898308	-0.0000003	-7.48621	5.3066046	5.45753377	0.15092917	-4.38554588221745E-07	-1606564504955.17	1.70378627902776	0
-39.1	-0.00000000907297	-0.0000003	-7.4601	5.29566758	5.44508904	0.14942146	-4.42979743338072E-07	-1610683901121.72	1.71657654552457	0
-39.2	-0.00000000903511	-0.0000003	-7.44457	5.28333347	5.43257121	0.14923774	-4.4352507616371E-07	-1614803297288.27	1.71430533458453	0
-39.3	-0.00000000908657	-0.0000003	-7.43681	5.27386001	5.42437521	0.1505152	-4.39760768347648E-07	-1618922693454.83	1.69543052027006	0
-39.4	-0.00000000906756	-0.0000003	-7.42173	5.26836405	5.4181877	0.14982365	-4.4179059848028E-07	-1623042089621.38	1.69893323519566	0
-39.5	-0.00000000912025	-0.0000003	-7.40512	5.2600795	5.40844811	0.14836861	-4.46123206249623E-07	-1627161485787.93	1.71125127061612	0
-39.6	-0.0000000092056	-0.0000003	-7.3917	5.25133178	5.39926438	0.1479326	-4.47438090049117E-07	-1631280881954.48	1.71196085877379	0
-39.7	-0.00000000920491	-0.0000003	-7.37882	5.24359888	5.39232292	0.148724039999999	-4.45057033146761E-07	-1635400278121.03	1.69856130504069	0
-39.8	-0.00000000922703	-0.0000003	-7.36166	5.23746332	5.38496669	0.14750337	-4.48740120310472E-07	-1639519674287.58	1.7083147567781	0
-39.9	-0.00000000926222	-0.0000003	-7.34838	5.23117683	5.37766256	0.14648573	-4.51857529057608E-07	-1643639070454.14	1.71587122752946	0
-40	-0.00000000928173	-0.0000003	-7.33248	5.22244133	5.36887835	0.14643702	-4.52007832445646E-07	-1647758466620.69	1.71215088047593	0
-40.1	-0.00000000931597	-0.0000003	-7.31379	5.21324777	5.36099408	0.14774631	-4.48002254675597E-07	-1651877862787.24	1.69274637147887	0
-40.2	-0.00000000934318	-0.0000003	-7.29875	5.20318422	5.34867999	0.14549577	-4.54931988744415E-07	-1655997258953.79	1.71465396029102	0
-40.3	-0.00000000934523	-0.0000003	-7.28492	5.19167688	5.33626055	0.14458367	-4.57801908057804E-07	-1660116655120.34	1.7211892174517	0
-40.4	-0.00000000938501	-0.0000003	-7.27053	5.18213144	5.32571317	0.14358173	-4.60996534865543E-07	-1664236051286.89	1.72890989673546	0
-40.5	-0.00000000948868	-0.0000003	-7.2643	5.17530632	5.31947037	0.144164050000001	-4.59134437468979E-07	-1668355447453.45	1.71767466318361	0
-40.6	-0.00000000948877	-0.0000003	-7.25235	5.17000833	5.31360078	0.14359245	-4.60962118830064E-07	-1672474843620	1.72026466200203	0
-40.7	-0.00000000946265	-0.0000003	-7.23181	5.1643296	5.30774475	0.14341515	-4.61531992958903E-07	-1676594239786.55	1.71815945558373	0
-40.8	-0.00000000953264	-0.0000003	-7.22193	5.15700312	5.29964543	0.14264231	-4.6403258612399E-07	-1680713635953.1	1.72323449986627	0
-40.9	-0.00000000959365	-0.0000003	-7.21217	5.15155691	5.29449897	0.14294206	-4.63059508167155E-07	-1684833032119.65	1.71541641908259	0
-41	-0.00000000965142	-0.0000003	-7.2009	5.14813211	5.29320429	0.145072180000001	-4.56260325032682E-07	-1688952428286.2	1.68610615311412	0
-41.1	-0.00000000960558	-0.0000003	-7.22524	5.15460674	5.29940643	0.14479969	-4.57118934439707E-07	-1693071824452.76	1.68516896866367	0
-41.2	-0.00000000962064	-0.0000003	-7.20808	5.161127	5.3058214	0.144694400000001	-4.57451566888558E-07	-1697191220619.31	1.68230202592144	0
-41.3	-0.00000000962182	-0.0000003	-7.20242	5.16317754	5.30477695	0.14159941	-4.67450252794134E-07	-1701310616785.86	1.71491031181354	0
-41.4	-0.00000000981258	-0.0000003	-7.1921	5.15979502	5.30045809	0.14066307	-4.70561889485277E-07	-1705430012952.41	1.72215594160912	0
-41.5	-0.00000000970415	-0.0000003	-7.17946	5.15446211	5.29400567	0.13954356	-4.74337045722497E-07	-1709549409118.96	1.73178914100948	0
-41.6	-0.00000000981208	-0.0000003	-7.16601	5.1463452	5.28508141	0.13873621	-4.77097363406423E-07	-1713668805285.51	1.73767979096162	0
-41.7	-0.00000000979273	-0.0000003	-7.1553	5.14006355	5.27859286	0.13852931	-4.77809930620458E-07	-1717788201452.07	1.73610177538136	0
-41.8	-0.00000000983232	-0.0000003	-7.14777	5.13511587	5.2732471	0.13813123	-4.79186929704456E-07	-1721907597618.62	1.73693971909691	0
-41.9	-0.00000000988985	-0.0000003	-7.13523	5.12981858	5.2674035	0.13758492	-4.81089642673048E-07	-1726026993785.17	1.73967470410446	0
-42	-0.00000000984432	-0.0000003	-7.11575	5.12352465	5.26058919	0.13706454	-4.82916150304083E-07	-1730146389951.72	1.74212175434373	0
-42.1	-0.00000000982406	-0.0000003	-7.11506	5.11803115	5.25477352	0.136742369999999	-4.84053918328315E-07	-1734265786118.27	1.74207845076051	0
-42.2	-0.00000000997598	-0.0000003	-7.09966	5.11236316	5.2487477	0.13638454	-4.85323923078085E-07	-1738385182284.83	1.74251013599772	0
-42.3	-0.00000000992026	-0.0000003	-7.08402	5.10646318	5.24194192	0.13547874	-4.88568759939752E-07	-1742504578451.38	1.75001346779766	0
-42.4	-0.000000010017	-0.0000003	-7.07006	5.09885038	5.23349975	0.13464937	-4.91578089076837E-07	-1746623974617.93	1.75663982660391	0
-42.5	-0.0000000100526	-0.0000003	-7.05415	5.08945014	5.22398291	0.13453277	-4.92004141444498E-07	-1750743370784.48	1.75402545969518	0
-42.6	-0.0000000100782	-0.0000003	-7.05207	5.08293669	5.21753803	0.13460134	-4.91753499630837E-07	-1754862766951.03	1.74901657287963	0
-42.7	-0.0000000101217	-0.0000003	-7.04098	5.0777099	5.21218409	0.13447419	-4.92218469581413E-07	-1758982163117.58	1.74657039806051	0
-42.8	-0.0000000101148	-0.0000003	-7.02949	5.07323909	5.20673555	0.13349646	-4.95823484757574E-07	-1763101559284.14	1.75525164527603	0
-42.9	-0.0000000101534	-0.0000003	-7.01533	5.06713873	5.19999607	0.13285734	-4.98208680077442E-07	-1767220955450.69	1.75958423422138	0
-43	-0.0000000101023	-0.0000003	-7.00739	5.06255784	5.19478663	0.13222879	-5.00576916721388E-07	-1771340351617.24	1.76383691586113	0
-43.1	-0.0000000101612	-0.0000003	-7.00042	5.05701393	5.18814637	0.13113244	-5.04762055826918E-07	-1775459747783.79	1.77445706189594	0
-43.2	-0.0000000102568	-0.0000003	-6.98243	5.05101189	5.18155819	0.1305463	-5.07028387629524E-07	-1779579143950.34	1.77829821699468	0
-43.3	-0.0000000102225	-0.0000003	-6.97075	5.04411292	5.17354811	0.12943519	-5.11380869452891E-07	-1783698540116.89	1.78942147614561	0
-43.4	-0.0000000102025	-0.0000003	-6.9637	5.03779449	5.16775373	0.129959240000001	-5.09318767946009E-07	-1787817936283.45	1.77809931554953	0
-43.5	-0.0000000103872	-0.0000003	-6.9511	5.03240376	5.16232795	0.12992419	-5.09456168247038E-07	-1791937332450	1.77449031085698	0
-43.6	-0.0000000103096	-0.0000003	-6.94118	5.02796526	5.15678353	0.12881827	-5.13829909375432E-07	-1796056728616.55	1.7856196461476	0
-43.7	-0.0000000104226	-0.0000003	-6.92622	5.02079679	5.14844171	0.12764492	-5.18553186448784E-07	-1800176124783.1	1.79790994538792	0
-43.8	-0.0000000103998	-0.0000003	-6.911	5.00981791	5.13691382	0.12709591	-5.2079315534229E-07	-1804295520949.65	1.80155374063336	0
-43.9	-0.0000000104141	-0.0000003	-6.907	5.00252911	5.13060085	0.12807174	-5.16825023225263E-07	-1808414917116.2	1.78375448065598	0
-44	-0.0000000105088	-0.0000003	-6.89457	4.99887205	5.12639814	0.12752609	-5.19036379144064E-07	-1812534313282.76	1.78731535517928	0
-44.1	-0.0000000105309	-0.0000003	-6.88221	4.99461059	5.12108365	0.12647306	-5.23357938836933E-07	-1816653709449.31	1.79811014511418	0
-44.2	-0.0000000105364	-0.0000003	-6.87622	4.98929953	5.11584093	0.1265414	-5.23075293935424E-07	-1820773105615.86	1.79307313154883	0
-44.3	-0.0000000105312	-0.0000003	-6.86077	4.9846484	5.11044934	0.12580094	-5.26154097099753E-07	-1824892501782.41	1.79955570524575	0
-44.4	-0.0000000105811	-0.0000003	-6.85403	4.97887799	5.10412597	0.12524798	-5.28477026136469E-07	-1829011897948.96	1.80342965512035	0
-44.5	-0.0000000106185	-0.0000003	-6.84185	4.97256269	5.09706011	0.12449742	-5.31663065788833E-07	-1833131294115.51	1.81022494310124	0
-44.6	-0.0000000107389	-0.0000003	-6.82528	4.96598598	5.08945107	0.12346509	-5.36108465963942E-07	-1837250690282.07	1.82126805939646	0
-44.7	-0.0000000106346	-0.0000003	-6.82311	4.9589231	5.08286601	0.12394291	-5.34041680964243E-07	-1841370086448.62	1.81018805831551	0
-44.8	-0.0000000106984	-0.0000003	-6.8105	4.95479483	5.07824984	0.12345501	-5.36152238779132E-07	-1845489482615.17	1.81328543959393	0
-44.9	-0.0000000108299	-0.0000003	-6.80228	4.95060823	5.07379517	0.12318694	-5.37318972287159E-07	-1849608878781.72	1.81318408681636	0
-45	-0.0000000108218	-0.0000003	-6.79582	4.94611925	5.06851856	0.12239931	-5.40776577907177E-07	-1853728274948.27	1.82079655861002	0
-45.1	-0.0000000108211	-0.0000003	-6.78182	4.94143607	5.06307684	0.12164077	-5.44148808002449E-07	-1857847671114.82	1.82808844991752	0
-45.2	-0.0000000107966	-0.0000003	-6.77018	4.93484005	5.05534822	0.12050817	-5.49263008474861E-07	-1861967067281.38	1.84118734404284	0
-45.3	-0.0000000107278	-0.0000003	-6.76352	4.92849387	5.04904126	0.12054739	-5.49084306180331E-07	-1866086463447.93	1.83652520630253	0
-45.4	-0.0000000108752	-0.0000003	-6.75385	4.9234751	5.04405415	0.12057905	-5.48940135122976E-07	-1870205859614.48	1.83199884902875	0
-45.5	-0.0000000108513	-0.0000003	-6.74391	4.91945355	5.03870186	0.11924831	-5.5506597955141E-07	-1874325255781.03	1.84837156027775	0
-45.6	-0.0000000107965	-0.0000003	-6.7312	4.9138943	5.03322108	0.11932678	-5.54700964863044E-07	-1878444651947.58	1.84310527931633	0
-45.7	-0.0000000109351	-0.0000003	-6.72633	4.90935616	5.0279204	0.11856424	-5.58268496470772E-07	-1882564048114.14	1.85090012754715	0
-45.8	-0.0000000109529	-0.0000003	-6.71469	4.90483892	5.02300601	0.118167089999999	-5.60144791582838E-07	-1886683444280.69	1.8530660036484	0
-45.9	-0.0000000110602	-0.0000003	-6.70369	4.89928671	5.01654084	0.11725413	-5.64506171339124E-07	-1890802840447.24	1.86342566626766	0
-46	-0.000000010893	-0.0000003	-6.69909	4.89385034	5.01139325	0.11754291	-5.63119289798083E-07	-1894922236613.79	1.85480661988828	0
-46.1	-0.0000000110789	-0.0000003	-6.68316	4.88864473	5.00513636	0.11649163	-5.68201166040858E-07	-1899041632780.34	1.86748559140491	0
-46.2	-0.0000000110288	-0.0000003	-6.67199	4.88210256	4.99778911	0.11568655	-5.72155362918159E-07	-1903161028946.89	1.87641139616345	0
-46.3	-0.0000000110223	-0.0000003	-6.66633	4.87533201	4.99128841	0.1159564	-5.70823861382382E-07	-1907280425113.45	1.8680013789593	0
-46.4	-0.0000000110693	-0.0000003	-6.65555	4.87093157	4.98644286	0.115511290000001	-5.73023468095626E-07	-1911399821280	1.87115813772083	0
-46.5	-0.0000000111649	-0.0000003	-6.64811	4.86701429	4.98154086	0.11452657	-5.77950426700111E-07	-1915519217446.55	1.88318809612288	0
-46.6	-0.0000000111597	-0.0000003	-6.64201	4.86178209	4.97594631	0.11416422	-5.79784804731289E-07	-1919638613613.1	1.88511121319836	0
-46.7	-0.0000000111773	-0.0000003	-6.62533	4.85696705	4.97043816	0.11347111	-5.83326275736618E-07	-1923758009779.65	1.89256464777308	0
-46.8	-0.0000000112468	-0.0000003	-6.61778	4.8513629	4.96426633	0.11290343	-5.86259248279701E-07	-1927877405946.2	1.89801621432175	0
-46.9	-0.0000000112651	-0.0000003	-6.60454	4.84506397	4.95708229	0.11201832	-5.90891561308901E-07	-1931996802112.76	1.90893442304355	0
-47	-0.0000000113073	-0.0000003	-6.59621	4.83976075	4.95160628	0.11184553	-5.91804428840383E-07	-1936116198279.31	1.90781569581039	0
-47.1	-0.0000000112747	-0.0000003	-6.58593	4.83343706	4.94470248	0.111265420000001	-5.9488994873699E-07	-1940235594445.86	1.91369088572666	0
-47.2	-0.000000011345	-0.0000003	-6.57639	4.82737118	4.937991	0.11061982	-5.98361848717526E-07	-1944354990612.41	1.92078148663818	0
-47.3	-0.0000000112558	-0.0000003	-6.56562	4.82222585	4.932898	0.11067215	-5.98078920487222E-07	-1948474386778.96	1.9158143394427	0
-47.4	-0.0000000114342	-0.0000003	-6.56134	4.81814199	4.92846592	0.11032393	-5.99966661811269E-07	-1952593782945.51	1.91780674405852	0
-47.5	-0.0000000114472	-0.0000003	-6.54867	4.81357179	4.92327777	0.10970598	-6.03346143938552E-07	-1956713179112.07	1.92454910347225	0
-47.6	-0.0000000114283	-0.0000003	-6.53796	4.80867269	4.91728404	0.10861135	-6.09426915326987E-07	-1960832575278.62	1.9398615843105	0
-47.7	-0.0000000115796	-0.0000003	-6.53223	4.80273131	4.9112908	0.108559489999999	-6.09718044917127E-07	-1964951971445.17	1.93671953788554	0
-47.8	-0.0000000114798	-0.0000003	-6.52292	4.79692432	4.90472347	0.107799150000001	-6.14018570647352E-07	-1969071367611.72	1.94629951390691	0
-47.9	-0.0000000115503	-0.0000003	-6.50954	4.79088295	4.89827129	0.10738834	-6.16367475277111E-07	-1973190763778.27	1.94966620888566	0
-48	-0.0000000115196	-0.0000003	-6.50471	4.78607705	4.89302894	0.106951889999999	-6.18882751861611E-07	-1977310159944.82	1.95354403996721	0
-48.1	-0.0000000115722	-0.0000003	-6.49482	4.78141386	4.8885149	0.10710104	-6.18020889433007E-07	-1981429556111.38	1.94676774848172	0
-48.2	-0.0000000116314	-0.0000003	-6.4913	4.77822092	4.88457974	0.106358820000001	-6.22333719008914E-07	-1985548952277.93	1.95628605246107	0
-48.3	-0.0000000117316	-0.0000003	-6.47808	4.77375672	4.87951963	0.10576291	-6.25840192937202E-07	-1989668348444.48	1.96323543803627	0
-48.4	-0.0000000116986	-0.0000003	-6.46901	4.76755179	4.87264399	0.105092200000001	-6.29834374006821E-07	-1993787744611.03	1.97168286378294	0
-48.5	-0.000000011712	-0.0000003	-6.45619	4.76168169	4.86637276	0.10469107	-6.32247621502004E-07	-1997907140777.58	1.97515658076227	0
-48.6	-0.0000000116532	-0.0000003	-6.45471	4.75827287	4.86307823	0.10480536	-6.31558156949223E-07	-2002026536944.14	1.96894300083933	0
-48.7	-0.000000011747	-0.0000003	-6.44891	4.75519896	4.85946248	0.10426352	-6.3484025860627E-07	-2006145933110.69	1.975111251964	0
-48.8	-0.0000000117761	-0.0000003	-6.43649	4.75156	4.8549653	0.1034053	-6.40109162683148E-07	-2010265329277.24	1.98742288463471	0
-48.9	-0.0000000118852	-0.0000003	-6.42907	4.74680711	4.85000289	0.10319578	-6.41408786289516E-07	-2014384725443.79	1.98738546907578	0
-49	-0.0000000118576	-0.0000003	-6.42233	4.74267884	4.8453351	0.10265626	-6.44779772806842E-07	-2018504121610.34	1.99375316266803	0
-49.1	-0.0000000118933	-0.0000003	-6.41515	4.73781146	4.8396412	0.10182974	-6.50013247603301E-07	-2022623517776.89	2.00584227489755	0
-49.2	-0.0000000119673	-0.0000003	-6.40599	4.73223887	4.8338363	0.10159743	-6.51499550726824E-07	-2026742913943.45	2.00634254350463	0
-49.3	-0.000000011904	-0.0000003	-6.39666	4.72763761	4.82889158	0.101253969999999	-6.5370947924314E-07	-2030862310110	2.00906472199625	0
-49.4	-0.0000000119685	-0.0000003	-6.38637	4.72311679	4.82306437	9.99475800000003E-02	-6.62253953522435E-07	-2034981706276.55	2.0312046176004	0
-49.5	-0.0000000120077	-0.0000003	-6.37521	4.7161965	4.81568736	9.94908600000004E-02	-6.65294078270102E-07	-2039101102443.1	2.03640672871167	0
-49.6	-0.0000000120288	-0.0000003	-6.36216	4.70841465	4.80808438	9.96697300000005E-02	-6.64100123477807E-07	-2043220498609.65	2.02865384737844	0
-49.7	-0.0000000120425	-0.0000003	-6.36134	4.70357049	4.80375999	0.1001895	-6.60654859042116E-07	-2047339894776.2	2.01406883434582	0
-49.8	-0.0000000120878	-0.0000003	-6.35794	4.70185455	4.80193483	0.10008028	-6.6137584746965E-07	-2051459290942.76	2.01221810718526	0
-49.9	-0.0000000121008	-0.0000003	-6.34992	4.70073124	4.80002408	9.92928400000004E-02	-6.66620876188049E-07	-2055578687109.31	2.02411148414419	0
-50	-0.0000000121597	-0.0000003	-6.34652	4.69884912	4.79763147	9.87823499999996E-02	-6.70065856906626E-07	-2059698083275.86	2.03050259668675	0
