-30	0.00000000431277	-0.00000002	-88.7394	0.717970677	0.107493029	-0.610477648	7.22829413076234E-09	-1235818849965.52	-3.65065360139512E-02	0
-30.5	-0.00000000042311	0	0	2.05264765	0.0908898066	-1.9617578434	0	-1256415830798.27	0	0
-31	-0.000000000334513	0	0	2.70971408	0.0785448922	-2.6311691878	0	-1277012811631.03	0	0
-31.5	-0.000000000312328	0	0	4.43452217	0.825723148	-3.608799022	0	-1297609792463.79	0	0
-32	-0.000000000289512	0	0	5.69107995	0.383686162	-5.307393788	0	-1318206773296.55	0	0
-32.5	-0.000000000408351	0	0	6.80036949	0.0806776143	-6.7196918757	0	-1338803754129.31	0	0
-33	-0.000000000471294	0	0	8.31911585	0.0922858377	-8.2268300123	0	-1359400734962.07	0	0
-33.5	-0.000000000404382	0	0	9.25347948	0.0926084797	-9.1608710003	0	-1379997715794.83	0	0
-34	-0.000000000355744	0	0	9.73226992	0.0906774344	-9.6415924856	0	-1400594696627.58	0	0
-34.5	-0.000000000373662	0	0	9.80181501	0.10668053	-9.69513448	0	-1421191677460.34	0	0
-35	-0.00000000038451	0	0	9.48638554	0.105774347	-9.380611193	0	-1441788658293.1	0	0
-35.5	-0.000000000401449	0	0	8.81811245	0.124106532	-8.694005918	0	-1462385639125.86	0	0
-36	-0.000000000434923	0	0	7.8557219	0.127224386	-7.728497514	0	-1482982619958.62	0	0
-36.5	-0.000000000433946	0	0	6.71301154	0.127728066	-6.585283474	0	-1503579600791.38	0	0
-37	-0.000000000438404	0	0	5.54911704	0.669961253	-4.879155787	0	-1524176581624.14	0	0
-37.5	-0.000000000366294	0	0	4.70293693	0.16741104	-4.53552589	0	-1544773562456.89	0	0
-38	-0.000000000396204	0	0	4.16644581	0.175809063	-3.990636747	0	-1565370543289.65	0	0
-38.5	-0.000000000342596	0	0	3.70796947	0.183388203	-3.524581267	0	-1585967524122.41	0	0
-39	-0.000000000307691	0	0	3.34618771	0.189910528	-3.156277182	0	-1606564504955.17	0	0
-39.5	-0.000000000260901	0	0	3.06106095	0.201905199	-2.859155751	0	-1627161485787.93	0	0
-40	-0.000000000231099	0	0	2.85431516	0.215492841	-2.638822319	0	-1647758466620.69	0	0
-40.5	-0.00000000018419	0	0	2.71470449	0.240993723	-2.473710767	0	-1668355447453.45	0	0
-41	-0.000000000130796	0	0	2.62434179	0.257787072	-2.366554718	0	-1688952428286.2	0	0
-41.5	-9.92179E-11	0	0	2.55703494	1.05279808	-1.50423686	0	-1709549409118.96	0	0
-42	-0.000000000176775	0	0	2.50655123	1.12234789	-1.38420334	0	-1730146389951.72	0	0
-42.5	-0.000000000127113	0	0	2.47630333	0.274796821	-2.201506509	0	-1750743370784.48	0	0
-43	7.77483E-11	0	0	2.43758935	0.847294395	-1.590294955	0	-1771340351617.24	0	0
-43.5	-0.000000000441253	0	0	2.55776185	1.82357801	-0.73418384	0	-1791937332450	0	0
-44	-0.000000000614798	0	0	2.76009616	2.94848232	0.18838616	0	-1812534313282.76	0	0
-44.5	-0.000000000694227	0	0	3.03960436	3.82937256	0.7897682	0	-1833131294115.51	0	0
-45	-0.000000000703764	0	0	3.22622927	4.15771494	0.93148567	0	-1853728274948.27	0	0
-45.5	-0.000000000710368	0	0	3.31869779	4.31101085	0.99231306	0	-1874325255781.03	0	0
-46	-0.000000000684822	0	0	3.37312067	4.40164479	1.02852412	0	-1894922236613.79	0	0
-46.5	-0.000000000687468	0	0	3.41666095	4.47326508	1.05660413	0	-1915519217446.55	0	0
-47	-0.000000000663638	0	0	3.45972819	4.5405247	1.08079651	0	-1936116198279.31	0	0
-47.5	-0.000000000643277	0	0	3.50673037	4.61025876	1.10352839	0	-1956713179112.07	0	0
-48	-0.00000000065515	0	0	3.55806612	4.68210156	1.12403544	0	-1977310159944.82	0	0
-48.5	-0.000000000623381	0	0	3.6128267	4.7567259	1.1438992	0	-1997907140777.58	0	0
-49	-0.000000000606	0	0	3.67099007	4.83366119	1.16267112	0	-2018504121610.34	0	0
-49.5	-0.000000000571334	0	0	3.7318203	4.91327396	1.18145366	0	-2039101102443.1	0	0
-50	-0.00000000055176	0	0	3.79675587	4.99568628	1.19893041	0	-2059698083275.86	0	0
-50.5	-0.00000000053432	0	0	3.86348269	5.07907669	1.215594	0	-2080295064108.62	0	0
-51	-0.000000000559211	0	0	3.93263293	5.16496052	1.23232759	0	-2100892044941.38	0	0
-51.5	-0.000000000492394	0	0	4.00418323	5.25313253	1.2489493	0	-2121489025774.13	0	0
-52	-0.000000000514245	-0.00000002	-99.7438	4.1007841	5.36583098	1.26504688	-3.48818061193116E-09	-2142086006606.89	1.01636964217108E-02	0
-52.5	-0.00000000106941	-0.00000002	-96.1633	4.16186878	5.39835117	1.23648239	-3.56876251185429E-09	-2162682987439.65	1.02994589086704E-02	0
-53	-0.00000000158265	-0.00000002	-84.4967	4.1192806	5.31987273	1.20059213	-3.67544638161171E-09	-2183279968272.41	1.05072795357682E-02	0
-53.5	-0.00000000212778	-0.00000002	-64.2389	3.98691552	5.16178886	1.17487334	-3.75590444498468E-09	-2203876949105.17	1.06369426366035E-02	0
-54	-0.00000000278878	-0.00000002	-36.2251	3.82953749	5.00515738	1.17561989	-3.75351934544081E-09	-2224473929937.93	1.05317602285096E-02	0
-54.5	-0.00000000335054	-0.00000002	-12.9195	3.68311345	4.78323509	1.10012164	-4.01111280748918E-09	-2245070910770.69	1.11512727480934E-02	0
-55	-0.00000000144596	-0.00000002	-9.85184	3.44621779	4.36729791	0.92108012	-4.79080147772596E-09	-2265667891603.45	1.31978002141211E-02	0
-55.5	-0.00000000116659	-0.00000002	-8.99474	3.16268834	3.89499421	0.73230587	-6.02577717969132E-09	-2286264872436.2	1.64503881509455E-02	0
-56	-0.0000000011381	-0.00000002	-8.37491	2.97430239	3.59797123	0.62366884	-7.07540880188915E-09	-2306861853268.96	1.91434220830334E-02	0
-56.5	-0.00000000110667	-0.00000002	-7.85073	2.80884563	3.41174457	0.60289894	-7.3191570049866E-09	-2327458834101.72	1.96276669482076E-02	0
-57	-0.00000000110012	-0.00000002	-7.39104	2.67808784	3.25247385	0.57438601	-7.68248516359234E-09	-2348055814934.48	2.04212790100806E-02	0
-57.5	-0.00000000103753	-0.00000002	-6.99457	2.56417738	3.10943217	0.54525479	-8.09293578145366E-09	-2368652795767.24	2.13252589761625E-02	0
-58	-0.0000000010519	-0.00000002	-6.64784	2.46821425	2.97987656	0.51166231	-8.62426626655381E-09	-2389249776600	2.25294312083433E-02	0
-58.5	-0.00000000102115	-0.00000002	-6.33177	2.37846658	2.8598568	0.48139022	-9.16660085034548E-09	-2409846757432.76	2.37415199439147E-02	0
-59	-0.00000000100315	-0.00000002	-6.04442	2.29312844	2.74900202	0.45587358	-9.67968356490411E-09	-2430443738265.51	2.48579444399181E-02	0
-59.5	-0.00000000101984	-0.00000002	-5.79287	2.21575351	2.64740755	0.43165404	-1.02227978684041E-08	-2451040719098.27	2.60320801334455E-02	0
-60	-0.000000000998235	-0.00000002	-5.55043	2.14314397	2.55281982	0.40967585	-1.07712280330901E-08	-2471637699931.03	2.72000707906315E-02	0
-60.5	-0.000000000978517	-0.00000002	-5.33485	2.07497103	2.46459348	0.38962245	-1.13256102157358E-08	-2492234680763.79	0.028363661947748	0
-61	-0.000000000953329	-0.00000002	-5.13289	2.01049612	2.38225114	0.37175502	-1.18699459660289E-08	-2512831661596.55	2.94832239593366E-02	0
-61.5	-0.000000000956702	-0.00000002	-4.94669	1.94941756	2.30446792	0.35505036	-1.24284115639258E-08	-2533428642429.31	3.06193928650548E-02	0
-62	-0.000000000952458	-0.00000002	-4.77939	1.89060339	2.23109415	0.34049076	-1.29598582939519E-08	-2554025623262.07	3.16712079519842E-02	0
-62.5	-0.000000000951684	-0.00000002	-4.6186	1.83618904	2.16287736	0.32668832	-1.35074066927156E-08	-2574622604094.82	3.27452283459771E-02	0
-63	-0.000000000955629	-0.00000002	-4.46697	1.78504609	2.09887116	0.31382507	-1.4061056371309E-08	-2595219584927.58	3.38168743898726E-02	0
-63.5	-0.000000000912106	-0.00000002	-4.33059	1.73630162	2.03805943	0.30175781	-1.46233563929961E-08	-2615816565760.34	3.48922844022813E-02	0
-64	-0.000000000924516	-0.00000002	-4.19937	1.69025398	1.9808573	0.29060332	-1.51846579041148E-08	-2636413546593.1	3.59485272351203E-02	0
-64.5	-0.000000000898981	-0.00000002	-4.07637	1.64651189	1.9267615	0.28024961	-1.57456490305196E-08	-2657010527425.86	3.69876650940089E-02	0
-65	-0.000000000915384	-0.00000002	-3.95884	1.60391728	1.87446286	0.27054558	-1.63104198560553E-08	-2677607508258.62	3.80196267040916E-02	0
-65.5	-0.000000000910318	-0.00000002	-3.84903	1.56329676	1.82495958	0.26166282	-1.68641154291619E-08	-2698204489091.38	3.90102138079155E-02	0
-66	-0.000000000904834	-0.00000002	-3.74263	1.52529834	1.77862123	0.25332289	-1.7419318088468E-08	-2718801469924.13	3.99892518100736E-02	0
-66.5	-0.000000000878251	-0.00000002	-3.6439	1.48972725	1.73483392	0.24510667	-1.80032310014248E-08	-2739398450756.89	4.10189815480173E-02	0
-67	-0.000000000888574	-0.00000002	-3.55258	1.4562593	1.69388965	0.23763035	-1.85696481951905E-08	-2759995431589.65	4.19937770130949E-02	0
-67.5	-0.000000000739014	-0.00000002	-3.45994	1.4239628	1.65346737	0.22950457	-1.92271204011319E-08	-2780592412422.41	4.31585194189268E-02	0
-68	-0.000000000902557	-0.00000002	-3.38127	1.39258166	1.61534786	0.2227662	-1.98087142483914E-08	-2801189393255.17	4.41370638333141E-02	0
-68.5	-0.000000000873721	-0.00000002	-3.3004	1.36188322	1.57911002	0.2172268	-2.03138470943733E-08	-2821786374087.93	4.49321988373662E-02	0
-69	-0.000000000899887	-0.00000002	-3.21969	1.33321406	1.54453234	0.21131828	-2.08818281125514E-08	-2842383354920.69	4.58538166722691E-02	0
-69.5	-0.000000000875795	-0.00000002	-3.14595	1.30549599	1.51089188	0.20539589	-2.14839352433002E-08	-2862980335753.44	4.68365712738177E-02	0
-70	-0.000000000892341	-0.00000002	-3.07924	1.27890133	1.47914969	0.20024836	-2.20361954524871E-08	-2883577316586.2	4.76973927543011E-02	0
