0	-7.374641E-10	0.0000001	8.408105	-6.17328808	-6.455492	-0.28220392	-7.82243630515256E-08	0	0	0
-0.5	1.73157665E-10	0.0000001	7.86637	-5.682780145	-5.964928545	-0.2821484	-7.82441777171337E-08	-20521326174.0524	23.7977683379301	0
-1	1.2328035E-10	0.0000001	7.37575	-5.19338	-5.475098475	-0.281718475	-7.83628263164796E-08	-41042652348.1048	11.9169275043494	0
-1.5	8.5407475E-11	0.0000001	6.88723	-4.7081168	-4.989164505	-0.281047705	-7.85478647117507E-08	-61563978522.1572	7.96337798920975	0
-2	6.595253955E-11	0.0000001	6.406255	-4.235800055	-4.51512313	-0.279323075	-7.90334729585654E-08	-82085304696.2096	6.00945762127341	0
-2.5	5.0193249E-11	0.0000001	5.939155	-3.787871285	-4.06355191	-0.275680625	-8.00783096359196E-08	-102606630870.262	4.87112298246147	0
-3	3.218053E-11	0.0000001	5.498135	-3.380619835	-3.65005076	-0.269430925	-8.19375836578551E-08	-123127957044.314	4.15351806560556	0
-3.5	2.360345E-11	0.0000001	5.08546	-3.0170024	-3.277524695	-0.260522295	-8.47426771203147E-08	-143649283218.367	3.68203863722236	0
-4	1.24514E-11	0.0000001	4.70398	-2.69880014	-2.94814848	-0.24934834	-8.85406276104334E-08	-164170609392.419	3.36617593449805	0
-4.5	5.8532E-12	0.0000001	4.352875	-2.42128829	-2.65826085	-0.23697256	-9.31658460988655E-08	-184691935566.472	3.14846177292633	0
-5	-7.63535E-12	0.0000001	4.03243	-2.181786255	-2.40538355	-0.223597295	-9.87437871091703E-08	-205213261740.524	3.00326725769827	0
-5.5	-7.29561E-12	0.0000001	3.741125	-1.97509664	-2.18545236	-0.21035572	-1.04960568025214E-07	-225734587914.577	2.9021355214345	0
-6	-1.347065E-11	0.0000001	3.477895	-1.79741974	-1.99469116	-0.19727142	-1.11917422011327E-07	-246255914088.629	2.83661668692302	0
-6.5	-2.3484E-12	0.0000001	3.24125	-1.644880255	-1.82987015	-0.184989895	-1.19342482070371E-07	-266777240262.681	2.79213180313523	0
-7	-2.195239E-11	0.0000001	3.02937	-1.514039655	-1.687738585	-0.17369893	-1.27088930085343E-07	-287298566436.734	2.7609839979041	0
-7.5	-2.512335E-11	0.0000001	2.840055	-1.40090795	-1.564294975	-0.163387025	-1.35099531484073E-07	-307819892610.786	2.73934533884757	0
-8	-3.490449E-11	0.0000001	2.671125	-1.30395899	-1.457920795	-0.153961805	-1.4336125160073E-07	-328341218784.839	2.72518508227194	0
-8.5	-3.07977E-11	0.0000001	2.52201	-1.220796185	-1.366220825	-0.14542464	-1.51775487936631E-07	-348862544958.891	2.71541941008881	0
-9	-2.15113E-11	0.0000001	2.388275	-1.147673615	-1.285497955	-0.13782434	-1.60134027325249E-07	-369383871132.943	2.70579769674	0
-9.5	-2.34008E-11	0.0000001	2.26921	-1.08412123	-1.21536386	-0.13124263	-1.68158991446672E-07	-389905197306.996	2.69184900205685	0
-10	-2.904535E-11	0.0000001	2.163315	-1.02925581	-1.15420748	-0.12495167	-1.76614698467739E-07	-410426523481.048	2.68584564490111	0
-10.5	-3.509525E-11	0.0000001	2.068285	-0.980616242	-1.10010142	-0.119485178	-1.84686698629489E-07	-430947849655.101	2.67485672801104	0
-11	-3.81589E-11	0.0000001	1.983585	-0.9373940565	-1.05195835	-0.1145642935	-1.92614166464333E-07	-451469175829.153	2.66286866079724	0
-11.5	-3.327725E-11	0.0000001	1.906885	-0.898715257	-1.0088213975	-0.1101061405	-2.0040863678113E-07	-471990502003.205	2.65016430125317	0
-12	-3.938675E-11	0.0000001	1.836585	-0.8639437695	-0.97000942	-0.1060656505	-2.08039026178642E-07	-492511828177.258	2.63643927184915	0
-12.5	-4.768965E-11	0.0000001	1.77247	-0.8325902445	-0.934942139	-0.1023518945	-2.1558439999166E-07	-513033154351.31	2.62277795381558	0
-13	-5.27978E-11	0.0000001	1.713665	-0.803967939	-0.9029353625	-0.0989674235	-2.22954224252556E-07	-533554480525.363	2.60811393134858	0
-13.5	-5.260705E-11	0.0000001	1.65964	-0.777901664	-0.8737544995	-0.0958528355	-2.30195671838364E-07	-554075806699.415	2.59309000534768	0
-14	-5.31852E-11	0.0000001	1.60967	-0.753927341	-0.8468943105	-9.29669694999999E-02	-2.37339758469265E-07	-574597132873.467	2.57808164235871	0
-14.5	-5.595685E-11	0.0000001	1.563405	-0.731795949	-0.8220833585	-0.0902874095	-2.44381999758137E-07	-595118459047.52	2.56304020086398	0
-15	-5.583765E-11	0.0000001	1.5205	-0.71139189	-0.799191471	-0.087799581	-2.51304892790624E-07	-615639785221.572	2.54779153981278	0
-15.5	-6.162525E-11	0.0000001	1.480415	-0.692325397	-0.7778220765	-0.0854966795	-2.58072961859212E-07	-636161111395.625	2.53200765314524	0
-16	-6.35326E-11	0.0000001	1.442875	-0.6746267345	-0.7579613575	-0.083334623	-2.6476705421966E-07	-656682437569.677	2.51650713976059	0
-16.5	-5.236865E-11	0.0000001	1.407755	-0.658063249	-0.739360806	-0.081297557	-2.71400604844893E-07	-677203763743.729	2.50138806308658	0
-17	-5.792975E-11	0.0000001	1.374775	-0.642535286	-0.721904473	-0.079369187	-2.77994020161332E-07	-697725089917.782	2.48679931290972	0
-17.5	-5.50032E-11	0.0000001	1.343675	-0.6279377915	-0.7055145015	-0.07757671	-2.84416132409681E-07	-718246416091.834	2.47155559434351	0
-18	-5.993845E-11	0.0000001	1.314325	-0.6141712695	-0.6900732265	-0.075901957	-2.90690817917153E-07	-738767742265.887	2.45591320820943	0
-18.5	-6.564855E-11	0.0000001	1.28658	-0.60118677	-0.675478607	-0.074291837	-2.96990699743227E-07	-759289068439.939	2.44132347528372	0
-19	-6.943345E-11	0.0000001	1.26031	-0.5889183265	-0.661672093	-7.27537664999999E-02	-3.03268579294782E-07	-779810394613.991	2.4273255194586	0
-19.5	-7.41601E-11	0.0000001	1.23533	-0.5772845185	-0.64859462	-0.0713101015	-3.09407757624776E-07	-800331720788.044	2.41296372482987	0
-20	-7.694955E-11	0.0000001	1.211585	-0.566209338	-0.63614496	-0.069935622	-3.15488679900062E-07	-820853046962.096	2.39887705914794	0
-20.5	-8.625985E-11	0.0000001	1.18915	-0.5558172205	-0.624458879	-0.0686416585	-3.214351572589E-07	-841374373136.149	2.38448020446076	0
-21	-8.835795E-11	0.0000001	1.16761	-0.545779638	-0.6131718165	-6.73921785000001E-02	-3.27394394330715E-07	-861895699310.201	2.37086131510064	0
-21.5	-8.773805E-11	0.0000001	1.14704	-0.5362213135	-0.6024139705	-0.066192657	-3.33327097777111E-07	-882417025484.254	2.35768818489865	0
-22	-8.65877E-11	0.0000001	1.1272	-0.527006951	-0.592060112	-0.065053161	-3.39165507619257E-07	-902938351658.306	2.34446203423449	0
-22.5	-8.827445E-11	0.0000001	1.108305	-0.518235901	-0.582180204	-0.063944303	-3.45046546268304E-07	-923459677832.358	2.33211183345705	0
-23	-9.040835E-11	0.0000001	1.09013	-0.5098038255	-0.5727106885	-0.062906863	-3.50736284225739E-07	-943981004006.411	2.31903373661578	0
-23.5	-9.403225E-11	0.0000001	1.0727	-0.501737818	-0.5636351355	-0.0618973175	-3.56457514168373E-07	-964502330180.463	2.30671594618223	0
-24	-8.67069E-11	0.0000001	1.055965	-0.4939698425	-0.554889433	-0.0609195905	-3.62177980314927E-07	-985023656354.516	2.29490655729504	0
-24.5	-8.139015E-11	0.0000001	1.03983	-0.4864974005	-0.54647417	-0.0599767695	-3.67871186825413E-07	-1005544982528.57	2.28340998123552	0
-25	-9.088515E-11	0.0000001	1.024295	-0.4792891005	-0.538366077	-0.0590769765	-3.7347389947432E-07	-1026066308702.62	2.27182279864564	0
-25.5	-9.44791E-11	0.0000001	1.009305	-0.4723577575	-0.5305526075	-0.05819485	-3.79135365783128E-07	-1046587634876.67	2.2610404031523	0
-26	-9.471775E-11	0.0000001	0.994783	-0.465618553	-0.522979697	-0.057361144	-3.8464508257037E-07	-1067108961050.73	2.24978513378628	0
-26.5	-0.000000000098485	0.0000001	0.98082	-0.4591522975	-0.5157022835	-0.056549986	-3.90162913605889E-07	-1087630287224.78	2.2390011562463	0
-27	-1.002071E-10	0.0000001	0.967269	-0.45284481	-0.5086000045	-0.0557551945	-3.9572440696787E-07	-1108151613398.83	2.22886250724351	0
-27.5	-8.97765E-11	0.0000001	0.9542505	-0.446818029	-0.5018177885	-0.0549997595	-4.01159500054353E-07	-1128672939572.88	2.21839354868767	0
-28	-0.000000000105351	0.0000001	0.9415355	-0.440917299	-0.4951678145	-0.0542505155	-4.06699504324327E-07	-1149194265746.93	2.20886827562587	0
-28.5	-0.000000000105381	0.0000001	0.9292815	-0.435237231	-0.4887938025	-0.0535565715	-4.11969531966695E-07	-1169715591920.99	2.19823664886425	0
-29	-1.025615E-10	0.0000001	0.917372	-0.4297141905	-0.4825688305	-0.05285464	-4.17440403507873E-07	-1190236918095.04	2.18902483962495	0
-29.5	-1.023235E-10	0.0000001	0.905705	-0.4243112545	-0.4764907385	-0.052179484	-4.22841598810798E-07	-1210758244269.09	2.17976611118587	0
-30	-9.785295E-11	0.0000001	0.8945145	-0.419107446	-0.4706382035	-0.0515307575	-4.28164542435059E-07	-1231279570443.14	2.17041933953256	0
-30.5	-1.0716895E-10	0.0000001	0.88365	-0.414095704	-0.4650079905	-0.0509122865	-4.33365370372835E-07	-1251800896617.2	2.1607701476624	0
-31	-0.000000000106066	0.0000001	0.872957	-0.409048616	-0.4593333835	-0.0502847675	-4.38774071003439E-07	-1272322222791.25	2.152451961218	0
-31.5	-1.111565E-10	0.0000001	0.8625985	-0.404266468	-0.453947359	-0.049680891	-4.44107357575558E-07	-1292843548965.3	2.14403376490285	0
-32	-0.000000000113857	0.0000001	0.852546	-0.3996110025	-0.4486999595	-0.049088957	-4.49462438266065E-07	-1313364875139.35	2.13598220950175	0
-32.5	-1.0918975E-10	0.0000001	0.842726	-0.3950471825	-0.443551776	-0.0485045935	-4.5487741405893E-07	-1333886201313.41	2.12845865493721	0
-33	-0.000000000121689	0.0000001	0.8331735	-0.3905616205	-0.438531222	-0.0479696015	-4.59950011131974E-07	-1354407527487.46	2.11958530475564	0
-33.5	-0.000000000127107	0.0000001	0.8238165	-0.386224936	-0.4336301765	-0.0474052405	-4.65425810466144E-07	-1374928853661.51	2.11280717317322	0
-34	-1.238765E-10	0.0000001	0.8147755	-0.3820097535	-0.428893493	-0.0468837395	-4.70602580476704E-07	-1395450179835.56	2.10489091294812	0
-34.5	-0.000000000116426	0.0000001	0.8058105	-0.3778561165	-0.4242148215	-0.046358705	-4.75932631493567E-07	-1415971506009.62	2.09787976214355	0
-35	-1.172065E-10	0.0000001	0.7971555	-0.3738259475	-0.419687386	-0.0458614385	-4.81093057941606E-07	-1436492832183.67	2.09033191732363	0
-35.5	-0.000000000140715	0.0000001	0.788708	-0.3698856985	-0.4152476265	-0.045361928	-4.86390409429136E-07	-1457014158357.72	2.08358324283267	0
-36	-0.000000000139874	0.0000001	0.7804425	-0.3660319875	-0.41091433	-0.0448823425	-4.91587507536253E-07	-1477535484531.77	2.07659853413932	0
-36.5	-0.000000000131923	0.0000001	0.7723245	-0.362251068	-0.4066614395	-0.0444103715	-4.96811910931328E-07	-1498056810705.83	2.069918952179	0
-37	-0.000000000135839	0.0000001	0.764384	-0.358538711	-0.402480388	-0.043941677	-5.02111038375648E-07	-1518578136879.88	2.06372702284175	0
-37.5	-1.359165E-10	0.0000001	0.7566775	-0.3549487895	-0.398439002	-0.0434902125	-5.07323194140696E-07	-1539099463053.93	2.05734751540928	0
-38	-1.385275E-10	0.0000001	0.749066	-0.351398094	-0.3944528765	-0.0430547825	-5.12454051817461E-07	-1559620789227.98	2.05081053965271	0
-38.5	-1.445595E-10	0.0000001	0.7416725	-0.347939255	-0.3905593625	-0.0426201075	-5.17680548134635E-07	-1580142115402.04	2.04482112495577	0
-39	-1.413045E-10	0.0000001	0.7343925	-0.344539104	-0.386727622	-0.042188518	-5.22976253877768E-07	-1600663441576.09	2.03925515514195	0
-39.5	-1.415255E-10	0.0000001	0.72729	-0.341205151	-0.382995176	-0.041790025	-5.27963289786245E-07	-1621184767750.14	2.03264172699598	0
-40	-1.460195E-10	0.0000001	0.720313	-0.3379606355	-0.3793356365	-0.041375001	-5.33259087776732E-07	-1641706093924.19	2.027367499612	0
-40.5	-0.000000000146699	0.0000001	0.7134845	-0.3347598615	-0.3757406	-0.0409807385	-5.38389200167466E-07	-1662227420098.25	2.02160136604954	0
-41	-1.554725E-10	0.0000001	0.7067965	-0.331617436	-0.3721935325	-0.0405760965	-5.43758101217361E-07	-1682748746272.3	2.01686156459176	0
-41.5	-0.000000000164193	0.0000001	0.7002535	-0.328541057	-0.3687352675	-0.0401942105	-5.48924672592726E-07	-1703270072446.35	2.01149455283549	0
-42	-1.651705E-10	0.0000001	0.693827	-0.3255166485	-0.3653363	-0.0398196515	-5.54087995870968E-07	-1723791398620.4	2.00624356635308	0
-42.5	-0.000000000164616	0.0000001	0.6874915	-0.322551251	-0.3620074745	-0.0394562235	-5.59191688317808E-07	-1744312724794.45	2.00090276112634	0
-43	-1.767695E-10	0.0000001	0.681335	-0.319627114	-0.358734479	-0.039107365	-5.6417992766045E-07	-1764834050968.51	1.99527784940466	0
-43.5	-0.000000000183105	0.0000001	0.675189	-0.316737283	-0.3554737615	-0.0387364785	-5.69581631201059E-07	-1785355377142.56	1.99122769528417	0
-44	-0.000000000199115	0.0000001	0.6692615	-0.3139405495	-0.352341339	-0.0384007895	-5.74560449712827E-07	-1805876703316.61	1.98580800591991	0
-44.5	-0.000000000211233	0.0000001	0.6633555	-0.3111579455	-0.3492120895	-0.038054144	-5.79794163969041E-07	-1826398029490.66	1.98138118479556	0
-45	-0.000000000220621	0.0000001	0.657573	-0.308439164	-0.3461551055	-0.0377159415	-5.84993268415618E-07	-1846919355664.72	1.97693577651975	0
-45.5	-0.000000000244677	0.0000001	0.651878	-0.3057361435	-0.3431145585	-0.037378415	-5.90275742396245E-07	-1867440681838.77	1.97286671383766	0
-46	-0.00000000025996	0.0000001	0.646362	-0.3031042545	-0.3401627135	-0.037058459	-5.95372237608515E-07	-1887962008012.82	1.96827127239842	0
-46.5	-2.706945E-10	0.0000001	0.6408425	-0.3004880475	-0.3372254115	-0.036737364	-6.00575776857057E-07	-1908483334186.87	1.96412473477854	0
-47	-0.000000000304538	0.0000001	0.635441	-0.297912843	-0.334345643	-0.0364328	-6.0559674520589E-07	-1929004660360.93	1.95947569289091	0
-47.5	-0.000000000316477	0.0000001	0.6301315	-0.2953827135	-0.3315026285	-0.036119915	-6.10842324920257E-07	-1949525986534.98	1.95564363059602	0
-48	-0.000000000342846	0.0000001	0.624929	-0.2928989785	-0.3287189155	-0.035819937	-6.15957987723105E-07	-1970047312709.03	1.95147979981399	0
-48.5	-0.000000000366068	0.0000001	0.619777	-0.2904178455	-0.3259447865	-0.035526941	-6.21037728696133E-07	-1990568638883.08	1.94728918684711	0
-49	-4.063725E-10	0.0000001	0.6146865	-0.288002014	-0.323229083	-0.035227069	-6.26324599364867E-07	-2011089965057.14	1.94382693304247	0
-49.5	-4.344165E-10	0.0000001	0.609722	-0.2856248985	-0.320564701	-0.0349398025	-6.31473776661807E-07	-2031611291231.19	1.94001160264764	0
-50	-4.791975E-10	0.0000001	0.6048645	-0.2832632875	-0.3179204615	-0.034657174	-6.36623643140395E-07	-2052132617405.24	1.93627467498922	0
