50	-0.000000000266385	-20	0.00000000103804	0.000000001	1000000000
49	-0.000000000231016	-20	0.000000000526571	0.000000001	1000000000
48	-0.00000000018903	-20	0.000000000383091	0.000000001	1000000000
47	-0.000000000166202	-20	0.000000000305629	0.000000001	1000000000
46	-0.000000000152981	-20	0.00000000025779	0.000000001	1000000000
45	-0.000000000141525	-20	0.000000000220132	0.000000001	1000000000
44	-0.000000000135529	-20	0.000000000198925	0.000000001	1000000000
43	-0.000000000126112	-20	0.000000000177646	0.000000001	1000000000
42	-0.000000000121999	-20	0.000000000161767	0.000000001	1000000000
41	-0.000000000117588	-20	0.000000000151467	0.000000001	1000000000
40	-0.000000000112045	-20	0.000000000138605	0.000000001	1000000000
39	-0.000000000109339	-20	0.000000000127494	0.000000001	1000000000
38	-0.000000000105238	-20	0.000000000122976	0.000000001	1000000000
37	-0.000000000105417	-20	0.000000000110602	0.000000001	1000000000
36	-9.97424E-11	-20	0.000000000108564	0.000000001	1000000000
35	-9.68099E-11	-20	0.000000000102282	0.000000001	1000000000
34	-9.42707E-11	-20	0.000000000090611	0.000000001	1000000000
33	-9.16004E-11	-20	8.51512E-11	0.000000001	1000000000
32	-8.81433E-11	-20	8.02994E-11	0.000000001	1000000000
31	-8.80122E-11	-20	6.81639E-11	0.000000001	1000000000
30	-8.54969E-11	-20	7.62463E-11	0.000000001	1000000000
29	-8.75354E-11	-20	0.000000000062871	0.000000001	1000000000
28	-0.000000000083828	-20	5.64814E-11	0.000000001	1000000000
27	-8.02279E-11	-20	4.89831E-11	0.000000001	1000000000
26	-8.00967E-11	-20	5.11765E-11	0.000000001	1000000000
25	-7.86304E-11	-20	4.24147E-11	0.000000001	1000000000
24	-7.49588E-11	-20	3.92318E-11	0.000000001	1000000000
23	-7.52091E-11	-20	0.000000000033915	0.000000001	1000000000
22	-7.25985E-11	-20	3.16978E-11	0.000000001	1000000000
21	-7.26938E-11	-20	3.13282E-11	0.000000001	1000000000
20	-6.54459E-11	-20	3.86119E-11	0.000000001	1000000000
19	-6.90579E-11	-20	3.18289E-11	0.000000001	1000000000
18	-6.35624E-11	-20	2.54035E-11	0.000000001	1000000000
17	-6.28114E-11	-20	1.93119E-11	0.000000001	1000000000
16	-6.30379E-11	-20	1.35422E-11	0.000000001	1000000000
15	-6.15358E-11	-20	1.61529E-11	0.000000001	1000000000
14	-6.19531E-11	-20	4.63724E-12	0.000000001	1000000000
13	-5.91159E-11	-20	6.68764E-12	0.000000001	1000000000
12	-5.69344E-11	-20	-6.30617E-12	0.000000001	1000000000
11	-6.26564E-11	-20	6.12736E-12	0.000000001	1000000000
10	-3.76463E-11	-20	-6.25849E-12	0.000000001	1000000000
9	-5.36799E-11	-20	-9.46522E-12	0.000000001	1000000000
8	-5.50866E-11	-20	-4.31538E-12	0.000000001	1000000000
7	-5.10931E-11	-20	-1.33991E-11	0.000000001	1000000000
6	-5.51701E-11	-20	-1.86682E-11	0.000000001	1000000000
5	-4.96149E-11	-20	-9.84669E-12	0.000000001	1000000000
4	-4.18782E-11	-20	-2.56181E-11	0.000000001	1000000000
3	-4.21166E-11	-20	-2.18153E-11	0.000000001	1000000000
2	-4.95553E-11	-20	-3.70622E-11	0.000000001	1000000000
1	-4.78864E-11	-20	-2.98142E-11	0.000000001	1000000000
0	-0.000000000046134	-20	-4.27365E-11	0.000000001	1000000000
-1	-4.44531E-11	-20	-4.29511E-11	0.000000001	1000000000
-2	-0.000000000044775	-20	-6.82473E-11	0.000000001	1000000000
-3	-4.35114E-11	-20	-0.000000000148404	0.000000001	1000000000
-4	-4.53591E-11	-20	-0.00000000140169	0.000000001	1000000000
-5	-0.000000000175703	-20	-0.00000000320786	0.000000001	1000000000
-6	-0.00000000218678	-20	-0.00000000191351	0.000000001	1000000000
-7	-0.00000000418663	-20	-0.00000000103036	0.000000001	1000000000
-8	-0.0000000067543	-20	-0.000000000794423	0.000000001	1000000000
-9	-0.00000000991087	-20	-0.000000000600016	0.000000001	1000000000
-10	-0.0000000136393	-20	-0.000000000505662	0.000000001	1000000000
-11	-0.0000000178855	-20	-0.000000000424838	0.000000001	1000000000
-12	-0.0000000226421	-20	-0.000000000357902	0.000000001132105	883310293.656507
-13	-0.00000002792	-20	-0.000000000298512	0.000000001396	716332378.223496
-14	-0.0000000336804	-20	-0.00000000026654	0.00000000168402	593817175.567986
-15	-0.0000000399114	-20	-0.000000000230289	0.00000000199557	501109958.558206
-16	-0.0000000465943	-20	-0.000000000199151	0.000000002329715	429237052.600855
-17	-0.0000000537218	-20	-0.000000000206292	0.00000000268609	372288344.76879
-18	-0.0000000612792	-20	-0.000000000176144	0.00000000306396	326375017.950626
-19	-0.0000000692938	-20	-0.000000000156772	0.00000000346469	288626110.849744
-20	-0.0000000777291	-20	-0.000000000142682	0.000000003886455	257303892.62194
-21	-0.0000000865278	-20	-0.000000000163507	0.00000000432639	231139587.508292
-22	-0.0000000957833	-20	-0.000000000140774	0.000000004789165	208804666.366684
-23	-0.00000010716	-20	-0.000000000124013	0.000000005358	186636804.777902
-24	-0.00000011466	-20	-0.000000000137615	0.000000005733	174428745.857317
-25	-0.000000124367	-20	-0.00000000014323	0.00000000621835	160814363.938987
-26	-0.000000133929	-20	-0.000000000160003	0.00000000669645	149332855.468196
-27	-0.000000143238	-20	-0.00000000012151	0.0000000071619	139627752.412069
-28	-0.000000152353	-20	-0.000000000192022	0.00000000761765	131274080.589158
-29	-0.000000161256	-20	-0.000000000180471	0.0000000080628	124026392.816391
-30	-0.000000169896	-20	-0.000000000138569	0.0000000084948	117719075.198945
-31	-0.000000178388	-20	-0.000000000168157	0.0000000089194	112115164.697177
-32	-0.000000186783	-20	-0.000000000112033	0.00000000933915	107076125.771617
-33	-0.000000195012	-20	-0.000000000148046	0.0000000097506	102557791.315406
-34	-0.000000203176	-20	-0.000000000241923	0.0000000101588	98436823.2468402
-35	-0.000000211068	-20	-0.000000000154352	0.0000000105534	94756192.3171679
-36	-0.000000218872	-20	-0.000000000182855	0.0000000109436	91377608.8307321
-37	-0.000000226562	-20	-0.000000000108635	0.0000000113281	88276056.8850911
-38	-0.000000234247	-20	-0.000000000115442	0.00000001171235	85379962.1766768
-39	-0.000000241707	-20	-0.000000000130749	0.00000001208535	82744810.8660486
-40	-0.000000249212	-20	-0.000000000151098	0.0000000124606	80252957.3214773
-41	-0.000000256602	-20	-0.000000000150537	0.0000000128301	77941715.1853844
-42	-0.000000264047	-20	-0.000000000114751	0.00000001320235	75744091.0140998
-43	-0.00000027116	-20	-0.000000000199604	0.000000013558	73757191.3261543
-44	-0.000000278541	-20	-0.000000000199521	0.00000001392705	71802714.8606489
-45	-0.000000285614	-20	-0.000000000185084	0.0000000142807	70024578.6270981
-46	-0.000000292937	-20	-0.000000000177836	0.00000001464685	68274065.7547527
-47	-0.000000300127	-20	-0.00000000013324	0.00000001500635	66638456.3867963
-48	-0.00000030733	-20	-0.00000000024569	0.0000000153665	65076627.7291511
-49	-0.000000314433	-20	-0.000000000202847	0.00000001572165	63606555.2915883
-50	-0.000000321569	-20	-0.000000000261545	0.00000001607845	62195049.8959788
