0	0.00000000019393	0	0	-0.458541832	-0.720327277	-0.261785445	0	0	0	0
-0.5	2.00391E-11	0	0	1.0862716	0.877771005	-0.208500595	0	-20596980832.7586	0	0
-1	4.42266E-12	0	0	2.75586414	2.36255966	-0.39330448	0	-41193961665.5172	0	0
-1.5	-8.27312E-12	0	0	3.65309731	2.46942697	-1.18367034	0	-61790942498.2758	0	0
-2	-0.000000000229633	0	0	4.1298553	2.5906973	-1.539158	0	-82387923331.0344	0	0
-2.5	-0.000000000517642	0	0	4.54616613	2.43212917	-2.11403696	0	-102984904163.793	0	0
-3	-0.000000000564528	0	0	4.52908489	0.720279177	-3.808805713	0	-123581884996.552	0	0
-3.5	-0.000000000462031	0	0	0.75051148	0.698112465	-0.052399015	0	-144178865829.31	0	0
-4	-0.000000000226974	0	0	0.798493219	0.115038957	-0.683454262	0	-164775846662.069	0	0
-4.5	2.61426E-11	0	0	0.459234881	0.289684388	-0.169550493	0	-185372827494.827	0	0
-5	-0.000000000115049	0	0	0.711206678	0.553846225	-0.157360453	0	-205969808327.586	0	0
-5.5	5.28097E-11	0	0	1.01001316	0.86879546	-0.1412177	0	-226566789160.345	0	0
-6	-0.000000000156546	0	0	1.28290503	0.592269785	-0.690635245	0	-247163769993.103	0	0
-6.5	-0.00000000011555	0	0	1.44141307	0.145027315	-1.296385755	0	-267760750825.862	0	0
-7	-0.000000000125265	0	0	1.66295552	0.170405149	-1.492550371	0	-288357731658.62	0	0
-7.5	-0.000000000181854	0	0	1.8238233	1.00491917	-0.81890413	0	-308954712491.379	0	0
-8	-0.00000000018189	0	0	1.98433715	1.10587723	-0.87845992	0	-329551693324.137	0	0
-8.5	-0.000000000224793	0	0	2.12943467	0.327400913	-1.802033757	0	-350148674156.896	0	0
-9	-0.000000000223958	0	0	2.36475209	0.776113167	-1.588638923	0	-370745654989.655	0	0
-9.5	-0.000000000343978	0	0	2.51680402	1.38362913	-1.13317489	0	-391342635822.413	0	0
-10	-0.000000000390315	0	0	2.67209419	2.05935273	-0.61274146	0	-411939616655.172	0	0
-10.5	-0.000000000442326	0	0	2.87365682	2.52348896	-0.35016786	0	-432536597487.93	0	0
-11	-0.000000000498486	0	0	3.06693446	2.73428519	-0.33264927	0	-453133578320.689	0	0
-11.5	-0.0000000005669	0	0	3.26256267	2.92443199	-0.33813068	0	-473730559153.448	0	0
-12	-0.000000000630152	0	0	3.46007122	3.11027378	-0.34979744	0	-494327539986.206	0	0
-12.5	-0.000000000671566	0	0	3.65944785	3.29556621	-0.36388164	0	-514924520818.965	0	0
-13	-0.000000000765824	0	0	3.86065548	3.48127691	-0.37937857	0	-535521501651.723	0	0
-13.5	-0.000000000820613	0	0	4.06306551	3.6677597	-0.39530581	0	-556118482484.482	0	0
-14	-0.000000000892305	0	0	4.26697428	3.8553675	-0.411606780000001	0	-576715463317.24	0	0
-14.5	-0.000000000998533	0	0	4.47199629	4.04385558	-0.42814071	0	-597312444149.999	0	0
-15	-0.00000000152023	-0.0000003	-47.5506	4.73672	4.25892419	-0.47779581	1.38533404049734E-07	-617909424982.758	-1.39932731363368	0
-15.5	-0.0000000090916	-0.0000003	-10.8109	4.87144426	4.10531302	-0.76613124	8.63960070339907E-08	-638506405815.516	-0.844535748132851	0
-16	-0.00000000149546	-0.0000003	-9.76898	4.79410468	3.96537947	-0.82872521	7.98704796249651E-08	-659103386648.275	-0.756349238872776	0
-16.5	-0.00000000152949	-0.0000003	-9.04216	4.55997691	3.9191758	-0.64080111	1.03293641298468E-07	-679700367481.033	-0.948518285569034	0
-17	-0.00000000164262	-0.0000003	-8.48076	4.36996062	3.8985251	-0.47143552	1.40402403280941E-07	-700297348313.792	-1.25135831801195	0
-17.5	-0.00000000175736	-0.0000003	-8.01826	4.19672325	3.78122604	-0.41549721	1.59304752010248E-07	-720894329146.551	-1.37926192216665	0
-18	-0.00000000186664	-0.0000003	-7.63478	4.0425951	3.66066287	-0.38193223	1.73304777132844E-07	-741491309979.309	-1.45879442031013	0
-18.5	-0.00000000198631	-0.0000003	-7.30066	3.90436041	3.54734848	-0.35701193	1.85401871584516E-07	-762088290812.068	-1.51844284672003	0
-19	-0.00000000216988	-0.0000003	-7.00857	3.77949154	3.44263646	-0.33685508	1.9649601246922E-07	-782685271644.827	-1.56695384744194	0
-19.5	-0.00000000227281	-0.0000003	-6.74485	3.66481651	3.34586253	-0.31895398	2.0752423280625E-07	-803282252477.585	-1.61246490136946	0
-20	-0.00000000248895	-0.0000003	-6.5153	3.5598337	3.25611918	-0.30371452	2.17937160198992E-07	-823879233310.344	-1.65103909241661	0
-20.5	-0.00000000259968	-0.0000003	-6.29549	3.46246254	3.1728325	-0.28963004	2.28535272100919E-07	-844476214143.102	-1.68910031116717	0
-21	-0.00000000287371	-0.0000003	-6.10446	3.37283656	3.09533958	-0.27749698	2.38527568840569E-07	-865073194975.861	-1.72097813016284	0
-21.5	-0.00000000304718	-0.0000003	-5.9248	3.28964405	3.02313709	-0.26650696	2.48363795076871E-07	-885670175808.619	-1.75027339730001	0
-22	-0.00000000330045	-0.0000003	-5.76021	3.21221267	2.9561348	-0.25607787	2.58478719773794E-07	-906267156641.378	-1.78015647227131	0
-22.5	-0.0000000032927	-0.0000003	-5.61018	3.14046156	2.89407259	-0.24638897	2.68643032194177E-07	-926864137474.137	-1.80904398783957	0
-23	-0.00000000368662	-0.0000003	-5.46734	3.0725319	2.83551051	-0.23702139	2.79260365488533E-07	-947461118306.895	-1.83965985170311	0
-23.5	-0.00000000436691	-0.0000003	-5.33545	3.00918461	2.78027124	-0.22891337	2.89151655929926E-07	-968058099139.654	-1.86429178549275	0
-24	-0.00000000445639	-0.0000003	-5.21208	2.94873217	2.72715986	-0.22157231	2.98731732317996E-07	-988655079972.412	-1.8859326535227	0
-24.5	-0.00000000471724	-0.0000003	-5.09715	2.8922575	2.67775823	-0.21449927	3.08582308928137E-07	-1009252060805.17	-1.90836307314865	0
-25	-0.00000000483555	-0.0000003	-4.98486	2.83842798	2.63127817	-0.20714981	3.19530488586979E-07	-1029849041637.93	-1.93654841567866	0
-25.5	-0.00000000515784	-0.0000003	-4.88355	2.78819225	2.58806801	-0.20012424	3.30747939380058E-07	-1050446022470.69	-1.96522839798014	0
-26	-0.00000000550746	-0.0000003	-4.79609	2.73685304	2.5438695	-0.19298354	3.42986142756009E-07	-1071043003303.45	-1.99875374566439	0
-26.5	-0.00000000593629	-0.0000003	-4.69452	2.69192104	2.50583452	-0.18608652	3.55698413834597E-07	-1091639984136.21	-2.03372449305087	0
-27	-0.00000000633692	-0.0000003	-4.6099	2.64943167	2.47254562	-0.17688605	3.74199548240238E-07	-1112236964968.96	-2.0998852314267	0
-27.5	-0.00000000681393	-0.0000003	-4.52829	2.61220693	2.43543173	-0.1767752	3.74434196652019E-07	-1132833945801.72	-2.06299832866126	0
-28	-0.00000000743561	-0.0000003	-4.44768	2.5741082	2.40143961	-0.17266859	3.83339436547203E-07	-1153430926634.48	-2.07434760036365	0
-28.5	-0.00000000752503	-0.0000003	-4.37464	2.5369616	2.36953325	-0.16742835	3.95337348782329E-07	-1174027907467.24	-2.10174029124045	0
-29	-0.00000000845544	-0.0000003	-4.30237	2.50047217	2.33744577	-0.1630264	4.06012032407021E-07	-1194624888300	-2.12127498645256	0
-29.5	-0.00000000973508	-0.0000003	-4.23627	2.46696624	2.30806381	-0.15890243	4.16549199404943E-07	-1215221869132.76	-2.13944118852051	0
-30	-0.0000000100185	-0.0000003	-4.16865	2.4343549	2.27955977	-0.15479513	4.27601824424321E-07	-1235818849965.52	-2.15960517386021	0
-30.5	-0.0000000103938	-0.0000003	-4.10732	2.40335965	2.25253171	-0.15082794	4.38848929449013E-07	-1256415830798.27	-2.18007416517145	0
-31	-0.0000000110487	-0.0000003	-4.0454	2.37274898	2.22574799	-0.14700099	4.50273702238332E-07	-1277012811631.03	-2.20075123283642	0
-31.5	-0.000000011534	-0.0000003	-3.98822	2.34328282	2.20009403	-0.14318879	4.62261605814253E-07	-1297609792463.79	-2.2234805474471	0
-32	-0.0000000128872	-0.0000003	-3.93002	2.31597026	2.17773794	-0.13823232	4.78836497860993E-07	-1318206773296.55	-2.26721826638728	0
-32.5	-0.0000000135759	-0.0000003	-3.87439	2.28953323	2.15468243	-0.1348508	4.90843806636667E-07	-1338803754129.31	-2.28831611485626	0
-33	-0.0000000143953	-0.0000003	-3.82786	2.26361661	2.13199911	-0.1316175	5.02901817767394E-07	-1359400734962.07	-2.30900742776581	0
-33.5	-0.0000000164302	-0.0000003	-3.77696	2.23844349	2.10896452	-0.12947897	5.11207959099458E-07	-1379997715794.83	-2.3121119814539	0
-34	-0.0000000187768	-0.0000003	-3.7281	2.21427649	2.08721518	-0.12706131	5.20934972258667E-07	-1400594696627.58	-2.32145709562686	0
-34.5	-0.0000000194026	-0.0000003	-3.68472	2.19101689	2.06467796	-0.12633893	5.23913571216726E-07	-1421191677460.34	-2.30089403257236	0
-35	-0.0000000207814	-0.0000003	-3.64015	2.16976506	2.04749335	-0.12227171	5.41340920152339E-07	-1441788658293.1	-2.34346718680666	0
-35.5	-0.0000000224519	-0.0000003	-3.59863	2.14912818	2.0296235	-0.11950468	5.53875212251102E-07	-1462385639125.86	-2.36395737196373	0
-36	-0.0000000214417	-0.0000003	-3.55803	2.12900416	2.01191913	-0.11708503	5.65321459113944E-07	-1482982619958.62	-2.37929907034488	0
-36.5	-0.0000000235375	-0.0000003	-3.51722	2.10872198	1.99412138	-0.1146006	5.77577080748269E-07	-1503579600791.38	-2.39758024386994	0
-37	-0.0000000257156	-0.0000003	-3.48056	2.08892041	1.97719604	-0.11172437	5.92446213838574E-07	-1524176581624.14	-2.42606967173863	0
-37.5	-0.0000000356997	-0.0000003	-3.44391	2.07112056	1.96300177	-0.10811879	6.12203299722461E-07	-1544773562456.89	-2.47354868574732	0
-38	-0.0000000304994	-0.0000003	-3.406	2.05069111	1.94351965	-0.10717146	6.17614801552579E-07	-1565370543289.65	-2.46257895355893	0
-38.5	-0.0000000326091	-0.0000003	-3.37363	2.03326619	1.92664714	-0.10661905	6.2081476058922E-07	-1585967524122.41	-2.44319071463683	0
-39	-0.0000000352291	-0.0000003	-3.34042	2.0180795	1.9137626	-0.1043169	6.34515404503011E-07	-1606564504955.17	-2.46509481158901	0
-39.5	-0.0000000442516	-0.0000003	-3.30758	2.00230767	1.90145992	-0.10084775	6.56342655141042E-07	-1627161485787.93	-2.51761662884941	0
-40	-0.0000000398322	-0.0000003	-3.27773	1.98665665	1.88822641	-9.84302400000001E-02	6.72462852879358E-07	-1647758466620.69	-2.54720777605818	0
