0.000000000000000000e+00
0.000000000000000000e+00
0.000000000000000000e+00
0.000000000000000000e+00
0.000000000000000000e+00
0.000000000000000000e+00
0.000000000000000000e+00
0.000000000000000000e+00
0.000000000000000000e+00
0.000000000000000000e+00
0.000000000000000000e+00
0.000000000000000000e+00
0.000000000000000000e+00
0.000000000000000000e+00
0.000000000000000000e+00
0.000000000000000000e+00
0.000000000000000000e+00
0.000000000000000000e+00
0.000000000000000000e+00
0.000000000000000000e+00
0.000000000000000000e+00
6.561208535482199178e-03
1.190250927390078955e-02
1.632198371886783503e-02
2.002372493349511076e-02
2.315377926687451141e-02
2.582032653825666602e-02
2.810573912873448252e-02
3.007416032687424551e-02
3.177646900799323965e-02
3.325364768297192630e-02
3.453913643739543737e-02
3.566052090143016079e-02
3.664077005051590008e-02
3.749916191173573166e-02
3.825198800983008185e-02
3.891309779607888403e-02
3.949432526698496565e-02
4.000582743821621406e-02
4.045635589816413274e-02
4.085347687341052414e-02
4.120375119374523887e-02
4.151288267443569574e-02
4.178584136695796120e-02
4.202696662120298382e-02
4.224005378759807666e-02
4.242842755429108992e-02
4.259500428476007544e-02
4.274234524037929389e-02
4.287270220184995206e-02
4.298805671514095705e-02
4.309015396146351901e-02
4.318053207199041427e-02
4.326054756553031344e-02
4.333139747297796301e-02
4.339413861989053350e-02
4.344970446329356195e-02
4.349891981719495454e-02
4.354251375052065748e-02
4.358113089912016985e-02
4.361534139844631952e-02
4.364564961417507355e-02
4.367250182334249387e-02
4.369629297771427529e-02
4.371737266339657119e-02
4.373605035560752113e-02
4.375260005463014329e-02
4.376726437789444507e-02
4.378025817360853972e-02
4.379177171313373279e-02
4.380197351217970242e-02
4.381101282471940722e-02
4.381902184815463647e-02
4.382611767358411681e-02
4.383240401094325167e-02
4.383797271521473748e-02
4.384290513678356510e-02
4.384727331626944724e-02
4.385114104176336680e-02
4.385456478428040317e-02
4.385759452537995456e-02
4.386027448926526490e-02
4.386264379022894455e-02
4.386473700503601414e-02
4.386658467870847150e-02
4.386821377117952614e-02
4.386964805140344120e-02
4.387090844472472245e-02
4.387201333861714958e-02
4.387297885128579183e-02
4.387381906707687323e-02
4.387454624214937038e-02
4.387517098342503391e-02
4.387570240343920125e-02
4.387614825336113439e-02
4.387651503613165110e-02
4.387680810137409987e-02
4.387703172346772706e-02
4.387718916392548824e-02
4.387728271898878180e-02
4.387731375313512483e-02
4.387728271898878180e-02
4.387718916392548824e-02
4.387703172346772706e-02
4.387680810137409987e-02
4.387651503613165110e-02
4.387614825336113439e-02
4.387570240343920125e-02
4.387517098342503391e-02
4.387454624214937038e-02
4.387381906707687323e-02
4.387297885128579183e-02
4.387201333861714958e-02
4.387090844472472245e-02
4.386964805140344120e-02
4.386821377117952614e-02
4.386658467870847150e-02
4.386473700503601414e-02
4.386264379022894455e-02
4.386027448926526490e-02
4.385759452537995456e-02
4.385456478428040317e-02
4.385114104176336680e-02
4.384727331626944724e-02
4.384290513678356510e-02
4.383797271521473748e-02
4.383240401094325167e-02
4.382611767358411681e-02
4.381902184815463647e-02
4.381101282471940722e-02
4.380197351217970242e-02
4.379177171313373279e-02
4.378025817360853972e-02
4.376726437789444507e-02
4.375260005463014329e-02
4.373605035560752113e-02
4.371737266339657119e-02
4.369629297771427529e-02
4.367250182334249387e-02
4.364564961417507355e-02
4.361534139844631952e-02
4.358113089912016985e-02
4.354251375052065748e-02
4.349891981719495454e-02
4.344970446329356195e-02
4.339413861989053350e-02
4.333139747297796301e-02
4.326054756553031344e-02
4.318053207199041427e-02
4.309015396146351901e-02
4.298805671514095705e-02
4.287270220184995206e-02
4.274234524037929389e-02
4.259500428476007544e-02
4.242842755429108992e-02
4.224005378759807666e-02
4.202696662120298382e-02
4.178584136695796120e-02
4.151288267443569574e-02
4.120375119374523887e-02
4.085347687341052414e-02
4.045635589816413274e-02
4.000582743821621406e-02
3.949432526698496565e-02
3.891309779607888403e-02
3.825198800983008185e-02
3.749916191173573166e-02
3.664077005051590008e-02
3.566052090143016079e-02
3.453913643739543737e-02
3.325364768297192630e-02
3.177646900799323965e-02
3.007416032687424551e-02
2.810573912873448252e-02
2.582032653825666602e-02
2.315377926687451141e-02
2.002372493349511076e-02
1.632198371886783503e-02
1.190250927390078955e-02
6.561208535482199178e-03
0.000000000000000000e+00
0.000000000000000000e+00
0.000000000000000000e+00
0.000000000000000000e+00
0.000000000000000000e+00
0.000000000000000000e+00
0.000000000000000000e+00
0.000000000000000000e+00
0.000000000000000000e+00
0.000000000000000000e+00
0.000000000000000000e+00
0.000000000000000000e+00
0.000000000000000000e+00
0.000000000000000000e+00
0.000000000000000000e+00
0.000000000000000000e+00
0.000000000000000000e+00
0.000000000000000000e+00
0.000000000000000000e+00
0.000000000000000000e+00
0.000000000000000000e+00
