-1.602176633999999877e-01
-1.602176633999999877e-01
-1.602176633999999877e-01
-1.602176633999999877e-01
-1.602176633999999877e-01
-1.602176633999999877e-01
-1.602176633999999877e-01
-1.602176633999999877e-01
-1.602176633999999877e-01
-1.602176633999999877e-01
-1.602176633999999877e-01
-1.602176633999999877e-01
-1.602176633999999877e-01
-1.602176633999999877e-01
-1.602176633999999877e-01
-1.602176633999999877e-01
-1.602176633999999877e-01
-1.602176633999999877e-01
-1.602176633999999877e-01
-1.602176633999999877e-01
7.145411390272999874e-01
5.184620522219544059e-01
3.917771105697461786e-01
3.050373515487049825e-01
2.429675049160875122e-01
1.969909719086829214e-01
1.619826263184474535e-01
1.347216635584559674e-01
1.130980898955784297e-01
9.568048116530174230e-02
8.146841084275990852e-02
6.974449001667404335e-02
5.998265213626689102e-02
5.178947105455734834e-02
4.486555650051186200e-02
3.897952564635711464e-02
3.395006511851431791e-02
2.963332314814394811e-02
2.591388919702228635e-02
2.269823521841624753e-02
1.990987589707774938e-02
1.748574861782535572e-02
1.537347169475085547e-02
1.352924358574550921e-02
1.191621580107644039e-02
1.050321996292685571e-02
9.263762524055675629e-03
8.175223839738688866e-03
7.218214755637773414e-03
6.376055707219691060e-03
5.634351920693583989e-03
4.980644610716141937e-03
4.404122739879627949e-03
3.895383394387719623e-03
3.446231459602631247e-03
3.049511276145599852e-03
2.698964485458098944e-03
2.389109451722365180e-03
2.115138561276545121e-03
1.872830414981828655e-03
1.658474490684862810e-03
1.468806297308814738e-03
1.300951395865909774e-03
1.152376945907076936e-03
1.020849664000626073e-03
9.043992655352051102e-04
8.012866114925841195e-04
7.099759049324251689e-04
6.291103831893154552e-04
5.574910355160779454e-04
4.940579454811156032e-04
4.378739155131244854e-04
3.881100796848100699e-04
3.440332518533165129e-04
3.049947909603115711e-04
2.704207947478145450e-04
2.398034582417533206e-04
2.126934548173288096e-04
1.886932160734334011e-04
1.674510025910026822e-04
1.486556713274064584e-04
1.320320572413101066e-04
1.173368970132263143e-04
1.043552316645064254e-04
9.289723267251959930e-05
8.279540298735051671e-05
7.390211031954619389e-05
6.608741530711381912e-05
5.923716177291929496e-05
5.325130034901296285e-05
4.804242033231975051e-05
4.353446782697042072e-05
3.966163105391800220e-05
3.636737624495765369e-05
3.360361980096172402e-05
3.133002444187238795e-05
2.951340892650047341e-05
2.812726261345174030e-05
2.715135769227877214e-05
2.657145336051991883e-05
2.637908758263442561e-05
2.657145336051991883e-05
2.715135769227877214e-05
2.812726261345174030e-05
2.951340892650047341e-05
3.133002444187238795e-05
3.360361980096172402e-05
3.636737624495765369e-05
3.966163105391800220e-05
4.353446782697042072e-05
4.804242033231975051e-05
5.325130034901296285e-05
5.923716177291929496e-05
6.608741530711381912e-05
7.390211031954619389e-05
8.279540298735051671e-05
9.289723267251959930e-05
1.043552316645064254e-04
1.173368970132263143e-04
1.320320572413101066e-04
1.486556713274064584e-04
1.674510025910026822e-04
1.886932160734334011e-04
2.126934548173288096e-04
2.398034582417533206e-04
2.704207947478145450e-04
3.049947909603115711e-04
3.440332518533165129e-04
3.881100796848100699e-04
4.378739155131244854e-04
4.940579454811156032e-04
5.574910355160779454e-04
6.291103831893154552e-04
7.099759049324251689e-04
8.012866114925841195e-04
9.043992655352051102e-04
1.020849664000626073e-03
1.152376945907076936e-03
1.300951395865909774e-03
1.468806297308814738e-03
1.658474490684862810e-03
1.872830414981828655e-03
2.115138561276545121e-03
2.389109451722365180e-03
2.698964485458098944e-03
3.049511276145599852e-03
3.446231459602631247e-03
3.895383394387719623e-03
4.404122739879627949e-03
4.980644610716141937e-03
5.634351920693583989e-03
6.376055707219691060e-03
7.218214755637773414e-03
8.175223839738688866e-03
9.263762524055675629e-03
1.050321996292685571e-02
1.191621580107644039e-02
1.352924358574550921e-02
1.537347169475085547e-02
1.748574861782535572e-02
1.990987589707774938e-02
2.269823521841624753e-02
2.591388919702228635e-02
2.963332314814394811e-02
3.395006511851431791e-02
3.897952564635711464e-02
4.486555650051186200e-02
5.178947105455734834e-02
5.998265213626689102e-02
6.974449001667404335e-02
8.146841084275990852e-02
9.568048116530174230e-02
1.130980898955784297e-01
1.347216635584559674e-01
1.619826263184474535e-01
1.969909719086829214e-01
2.429675049160875122e-01
3.050373515487049825e-01
3.917771105697461786e-01
5.184620522219544059e-01
7.145411390272999874e-01
-1.602176633999999877e-01
-1.602176633999999877e-01
-1.602176633999999877e-01
-1.602176633999999877e-01
-1.602176633999999877e-01
-1.602176633999999877e-01
-1.602176633999999877e-01
-1.602176633999999877e-01
-1.602176633999999877e-01
-1.602176633999999877e-01
-1.602176633999999877e-01
-1.602176633999999877e-01
-1.602176633999999877e-01
-1.602176633999999877e-01
-1.602176633999999877e-01
-1.602176633999999877e-01
-1.602176633999999877e-01
-1.602176633999999877e-01
-1.602176633999999877e-01
-1.602176633999999877e-01
