-30	0.00000000439069	0	0	1.13993448	0.223215512	-0.916718968	0	-1235818849965.52	0	0
-30.5	-0.00000000147017	0	0	0.39708708	0.0496214866	-0.3474655934	0	-1256415830798.27	0	0
-31	-0.000000000928772	0	0	0.0601825143	0.581584451	0.5214019367	0	-1277012811631.03	0	0
-31.5	-0.000000000933731	0	0	0.258963831	0.0358351362	-0.2231286948	0	-1297609792463.79	0	0
-32	-0.000000000994241	0	0	0.0644757921	0.282271764	0.2177959719	0	-1318206773296.55	0	0
-32.5	-0.000000000972974	0	0	0.0696181075	0.804962882	0.7353447745	0	-1338803754129.31	0	0
-33	-0.000000000902104	0	0	0.7735689	0.18628732	-0.58728158	0	-1359400734962.07	0	0
-33.5	-0.00000000145499	0	0	0.400904577	0.290543667	-0.11036091	0	-1379997715794.83	0	0
-34	-0.00000000080626	0	0	0.0936794529	0.735563245	0.6418837921	0	-1400594696627.58	0	0
-34.5	-0.000000000825834	0	0	0.0967134973	0.554800562	0.4580870647	0	-1421191677460.34	0	0
-35	-0.000000000806212	0	0	0.104011722	0.773905006	0.669893284	0	-1441788658293.1	0	0
-35.5	-0.00000000085746	0	0	0.111964895	0.66069364	0.548728745	0	-1462385639125.86	0	0
-36	-0.000000000816381	0	0	0.146830131	0.77347244	0.626642309	0	-1482982619958.62	0	0
-36.5	-0.000000000881124	0	0	0.159064236	0.30906893	0.150004694	0	-1503579600791.38	0	0
-37	-0.000000000858653	0	0	0.177387444	0.472995765	0.295608321	0	-1524176581624.14	0	0
-37.5	-0.000000000888932	0	0	0.207528672	0.371140859	0.163612187	0	-1544773562456.89	0	0
-38	-0.000000000870419	0	0	0.225715685	0.0830251068	-0.1426905782	0	-1565370543289.65	0	0
-38.5	-0.000000000767708	0	0	0.469323304	0.106894063	-0.362429241	0	-1585967524122.41	0	0
-39	-0.00000000114201	0	0	1.67425574	0.129723189	-1.544532551	0	-1606564504955.17	0	0
-39.5	-0.00000000128872	0	0	3.21483464	0.724808022	-2.490026618	0	-1627161485787.93	0	0
-40	-0.00000000141751	0	0	3.78705256	0.715055086	-3.071997474	0	-1647758466620.69	0	0
-40.5	-0.00000000143179	0	0	3.97605564	0.783864142	-3.192191498	0	-1668355447453.45	0	0
-41	-0.00000000146234	0	0	4.10262802	0.850016506	-3.252611514	0	-1688952428286.2	0	0
-41.5	-0.00000000142982	0	0	4.19309697	0.916172143	-3.276924827	0	-1709549409118.96	0	0
-42	-0.00000000143292	0	0	4.2541906	0.997264315	-3.256926285	0	-1730146389951.72	0	0
-42.5	-0.000000001502	0	0	4.30992134	1.05992348	-3.24999786	0	-1750743370784.48	0	0
-43	-0.00000000154506	0	0	4.36586837	1.15299135	-3.21287702	0	-1771340351617.24	0	0
-43.5	-0.00000000159403	0	0	4.42967178	0.279151008	-4.150520772	0	-1791937332450	0	0
-44	-0.00000000147927	0	0	4.50407025	0.833894593	-3.670175657	0	-1812534313282.76	0	0
-44.5	-0.00000000199482	0	0	4.6745536	1.74433747	-2.93021613	0	-1833131294115.51	0	0
-45	-0.00000000221314	0	0	4.90529385	2.77819024	-2.12710361	0	-1853728274948.27	0	0
-45.5	-0.00000000219834	0	0	5.20610385	3.56899275	-1.6371111	0	-1874325255781.03	0	0
-46	-0.0000000022858	0	0	5.40385035	3.8590601	-1.54479025	0	-1894922236613.79	0	0
-46.5	-0.00000000232438	0	0	5.52132318	4.01359172	-1.50773146	0	-1915519217446.55	0	0
-47	-0.00000000235473	-0.00000002	-70.5255	5.64472133	4.1514458	-1.49327553	2.95505545450142E-09	-1936116198279.31	-9.52629095583953E-03	0
-47.5	-0.00000000242205	0	0	5.72199977	4.23030841	-1.49169136	0	-1956713179112.07	0	0
-48	-0.00000000250143	-0.00000002	-69.9855	5.83500977	4.31591793	-1.51909184	2.90483556280574E-09	-1977310159944.82	-9.16930417552315E-03	0
-48.5	-0.00000000250894	-0.00000002	-69.974	5.92953612	4.4024221	-1.52711402	2.88957598595028E-09	-1997907140777.58	-9.02710398609898E-03	0
-49	-0.00000000252225	-0.00000002	-69.9563	6.02108519	4.47568738	-1.54539781	2.85538905998579E-09	-2018504121610.34	-8.82927971547864E-03	0
-49.5	-0.00000000288209	-0.00000002	-68.2074	6.09652945	4.5200208	-1.57650865	2.79904077912925E-09	-2039101102443.1	-8.56761793427992E-03	0
-50	-0.00000000361321	-0.00000002	-60.504	6.12329466	4.44884927	-1.67444539	2.63532750984492E-09	-2059698083275.86	-7.98584093892399E-03	0
-50.5	-0.00000000426108	-0.00000002	-45.3128	6.08096339	4.21103485	-1.86992854	2.35982921571966E-09	-2080295064108.62	-7.08019566672564E-03	0
-51	-0.00000000530283	-0.00000002	-24.9677	5.99402507	3.9221584	-2.07186667	2.12982430959228E-09	-2100892044941.38	-6.3274637836966E-03	0
-51.5	-0.00000000516434	-0.00000002	-12.4696	5.71395524	3.69701191	-2.01694333	2.18782150909515E-09	-2121489025774.13	-6.43666228036232E-03	0
-52	-0.00000000402316	-0.00000002	-10.1798	5.12277631	3.51471368	-1.60806263	2.74411699997033E-09	-2142086006606.89	-7.99567890434245E-03	0
-52.5	-0.0000000039475	-0.00000002	-9.27228	4.46778708	3.32913956	-1.13864752	3.87539771746045E-09	-2162682987439.65	-1.11844089969999E-02	0
-53	-0.00000000393465	-0.00000002	-8.60279	4.06644107	3.15519283	-0.91124824	4.84249165737758E-09	-2183279968272.41	-1.38436010788381E-02	0
-53.5	-0.00000000414318	-0.00000002	-8.05545	3.82205844	3.0009941	-0.82106434	5.37438028303604E-09	-2203876949105.17	-1.52205615492383E-02	0
-54	-0.00000000408386	-0.00000002	-7.58229	3.62041296	2.85968606	-0.7607269	5.800651981677E-09	-2224473929937.93	-1.62756789609343E-02	0
-54.5	-0.00000000411847	-0.00000002	-7.16503	3.44197301	2.73016075	-0.71181226	6.1992638339778E-09	-2245070910770.69	-0.017234539432799	0
-55	-0.00000000440345	-0.00000002	-6.80049	3.28088624	2.61104549	-0.66984075	6.58770312197339E-09	-2265667891603.45	-1.81479424847752E-02	0
-55.5	-0.0000000044504	-0.00000002	-6.47988	3.13380583	2.50115081	-0.63265502	6.97491027574554E-09	-2286264872436.2	-1.90415240943094E-02	0
-56	-0.00000000453309	-0.00000002	-6.18093	2.99881332	2.39934037	-0.59947295	7.36098601279674E-09	-2306861853268.96	-1.99160876969609E-02	0
-56.5	-0.0000000046145	-0.00000002	-5.91483	2.87407749	2.30541969	-0.5686578	7.75987245756587E-09	-2327458834101.72	-2.08095265689618E-02	0
-57	-0.00000000472208	-0.00000002	-5.67384	2.75935104	2.21818901	-0.54116203	8.15414193046767E-09	-2348055814934.48	-2.16750184222958E-02	0
-57.5	-0.00000000486995	-0.00000002	-5.4507	2.65468826	2.13807004	-0.51661822	8.54153382356511E-09	-2368652795767.24	-2.25073355034654E-02	0
-58	-0.00000000501753	-0.00000002	-5.24526	2.55694882	2.06301623	-0.49393259	8.93383447324259E-09	-2389249776600	-2.33381255831834E-02	0
-58.5	-0.00000000515742	-0.00000002	-5.05586	2.46542402	1.99238006	-0.47304396	9.32833388254233E-09	-2409846757432.76	-2.41604089161936E-02	0
-59	-0.00000000532151	-0.00000002	-4.88349	2.37933644	1.92626078	-0.45307566	9.73945940949465E-09	-2430443738265.51	-2.50114520017839E-02	0
-59.5	-0.00000000539175	-0.00000002	-4.71871	2.29867067	1.86399744	-0.43467323	1.01517914963385E-08	-2451040719098.27	-2.58512643145875E-02	0
-60	-0.00000000553514	-0.00000002	-4.56326	2.22310929	1.80510132	-0.41800797	1.05565259915977E-08	-2471637699931.03	-2.66578939181761E-02	0
-60.5	-0.0000000057328	-0.00000002	-4.41642	2.15243882	1.74941753	-0.40302129	1.09490791416999E-08	-2492234680763.79	-2.74206840513397E-02	0
-61	-0.00000000581388	-0.00000002	-4.2845	2.08470908	1.69718382	-0.38752526	1.13869015919117E-08	-2512831661596.55	-2.82834118030594E-02	0
-61.5	-0.00000000601095	-0.00000002	-4.15969	2.02228401	1.64859283	-0.37369118	1.18084456796652E-08	-2533428642429.31	-2.90920070945189E-02	0
-62	-0.00000000603099	-0.00000002	-4.03554	1.96313993	1.60202301	-0.36111692	1.2219621279446E-08	-2554025623262.07	-2.98622220905327E-02	0
-62.5	-0.00000000605963	-0.00000002	-3.91965	1.90625673	1.55687884	-0.34937789	1.26301982074481E-08	-2574622604094.82	-3.06186623210863E-02	0
-63	-0.00000000619041	-0.00000002	-3.81052	1.85177439	1.51406013	-0.33771426	1.30664070862746E-08	-2595219584927.58	-0.031424740467231	0
-63.5	-0.00000000656586	-0.00000002	-3.70831	1.80093129	1.47395441	-0.32697688	1.34954862863698E-08	-2615816565760.34	-3.22011125897634E-02	0
-64	-0.00000000681827	-0.00000002	-3.61287	1.75329072	1.43654135	-0.31674937	1.39312415996281E-08	-2636413546593.1	-3.29811590900287E-02	0
-64.5	-0.00000000689225	-0.00000002	-3.51737	1.70693356	1.40009067	-0.30684289	1.43810143360337E-08	-2657010527425.86	-3.37820397839644E-02	0
-65	-0.00000000703607	-0.00000002	-3.42816	1.66319843	1.36506049	-0.29813794	1.48009072578955E-08	-2677607508258.62	-3.45009493191036E-02	0
-65.5	-0.00000000731134	-0.00000002	-3.34644	1.62103861	1.33144337	-0.28959524	1.52375156442488E-08	-2698204489091.38	-3.52475494893566E-02	0
-66	-0.00000000724096	-0.00000002	-3.26556	1.58076123	1.29963503	-0.2811262	1.56965519400184E-08	-2718801469924.13	-3.60343249311717E-02	0
-66.5	-0.00000000747148	-0.00000002	-3.18919	1.54279931	1.26982963	-0.27296968	1.616557560532E-08	-2739398450756.89	-3.68320246190932E-02	0
-67	-0.00000000753425	-0.00000002	-3.11383	1.50643521	1.24104349	-0.26539172	1.66271653086992E-08	-2759995431589.65	-0.037601007030075	0
-67.5	-0.0000000076701	-0.00000002	-3.04423	1.47145288	1.21304037	-0.25841251	1.70762321065648E-08	-2780592412422.41	-3.83304873323565E-02	0
-68	-0.00000000784965	-0.00000002	-2.97443	1.43741814	1.18602157	-0.25139657	1.75527931825005E-08	-2801189393255.17	-3.91105017435394E-02	0
-68.5	-0.00000000806837	-0.00000002	-2.91109	1.40455725	1.16018298	-0.24437427	1.80571874444883E-08	-2821786374087.93	-3.99406933078707E-02	0
-69	-0.00000000816456	-0.00000002	-2.84941	1.37338658	1.13542772	-0.23795886	1.85440121876529E-08	-2842383354920.69	-4.07202727001602E-02	0
-69.5	-0.00000000843649	-0.00000002	-2.79015	1.34416152	1.11221297	-0.23194855	1.90245293622228E-08	-2862980335753.44	-0.041474884155707	0
-70	-0.00000000850961	-0.00000002	-2.73088	1.31599132	1.08978588	-0.22620544	1.95075414631938E-08	-2883577316586.2	-4.22241157211987E-02	0
-70.5	-0.0000000088008	-0.00000002	-2.67619	1.28883286	1.06811094	-0.22072192	1.99921783935189E-08	-2904174297418.96	-4.29662118923681E-02	0
-71	-0.00000000892851	-0.00000002	-2.62483	1.26202332	0.982642722	-0.279380598	1.57946257957398E-08	-2924771278251.72	-3.37059876136145E-02	0
-71.5	-0.00000000928543	-0.00000002	-2.57273	1.2313748	0.997270806	-0.234103994	1.88493665768043E-08	-2945368259084.48	-3.99435612985894E-02	0
-72	-0.00000000953206	-0.00000002	-2.52443	1.2103097	1.00508127	-0.20522843	2.15014654646045E-08	-2965965239917.24	-4.52471916342687E-02	0
-72.5	-0.00000000973654	-0.00000002	-2.47708	1.19069231	0.989486087	-0.201206223	2.19312898687035E-08	-2986562220750	-4.58334166535079E-02	0
-73	-0.0000000101824	-0.00000002	-2.43178	1.16851	0.972313235	-0.196196765	2.24912576922459E-08	-3007159201582.75	-4.66817303699582E-02	0
-73.5	-0.0000000104898	-0.00000002	-2.38739	1.14703811	0.955787453	-0.191250657	2.30729246592863E-08	-3027756182415.51	-4.75632336823052E-02	0
-74	-0.0000000107364	-0.00000002	-2.34728	1.12706132	0.940045548	-0.187015772	2.35954002852765E-08	-3048353163248.27	-0.048311630395734	0
-74.5	-0.0000000110518	-0.00000002	-2.30587	1.10803037	0.924994367	-0.183036003	2.41084372892474E-08	-3068950144081.03	-4.90307856197832E-02	0
-75	-0.0000000111931	-0.00000002	-2.26696	1.09016537	0.910803691	-0.179361679	2.46023120691237E-08	-3089547124913.79	-4.97016405436843E-02	0
-75.5	-0.0000000116609	-0.00000002	-2.23019	1.07341643	0.897431297	-0.175985133	2.50743453425694E-08	-3110144105746.55	-5.03197779301011E-02	0
-76	-0.0000000120471	-0.00000002	-2.19401	1.05737927	0.884550398	-0.172828872	2.5532261762375E-08	-3130741086579.31	-5.09016382822468E-02	0
-76.5	-0.000000012482	-0.00000002	-2.15941	0.991335509	0.868567631	-0.122767878	3.59435389117013E-08	-3151338067412.06	-7.11894214927735E-02	0
-77	-0.0000000127346	-0.00000002	-2.12433	1.00348184	0.857457176	-0.146024664	3.0218949861785E-08	-3171935048244.82	-5.94627112589236E-02	0
-77.5	-0.000000013485	-0.00000002	-2.09095	1.01110188	0.848046044	-0.163055836	2.70625824150201E-08	-3192532029077.58	-5.29082745161683E-02	0
-78	-0.0000000140746	-0.00000002	-2.06312	1.00077682	0.840478939	-0.160297881	2.75281992030824E-08	-3213129009910.34	-0.053473580425568	0
-78.5	-0.0000000145385	-0.00000002	-2.03811	0.98957232	0.832748042	-0.156824278	2.81379392035205E-08	-3233725990743.1	-0.05430986142351	0
-79	-0.0000000156084	-0.00000002	-2.00851	0.980411948	0.826226932	-0.154185016	2.861959037576E-08	-3254322971575.86	-5.48898933175297E-02	0
-79.5	-0.0000000166218	-0.00000002	-1.98731	0.972531873	0.82036361	-0.152168263	2.89988984102421E-08	-3274919952408.62	-0.055267578445287	0
-80	-0.0000000176813	-0.00000002	-1.96113	0.963820341	0.814355046	-0.149465295	2.95233217851676E-08	-3295516933241.37	-0.055915382168878	0
